0.0 0.0026215832573889195 0.0 0.6270317506732132 0.0 0.013853170197650165 0.013853170197633163 0.013853170302011502 0.013853169678856173 1.5524735602493311 0.0 -5.602150111834796e-06 0.0037426988862081234 0.0 0.0
0.0 0.0025014078724691032 0.0 0.6220303323011858 0.0 0.013843649499394367 0.013843649499394371 0.013843649499380046 0.013843649499380044 1.5524735588949006 0.0 -5.602490630306042e-06 0.0037426988862074287 0.0 0.0
0.0 0.0023816005263184994 0.0 0.6170289862783555 0.0 0.013829130840232505 0.013829130840237774 0.013829130760349808 0.013829130760274987 1.552473558894913 0.0 -5.602498946757651e-06 0.0037426988861971114 0.0 0.0
0.0 0.0022621614816728808 0.0 0.6120277152091697 0.0 0.013809611346862104 0.013809611346862108 0.013809611346859374 0.013809611346859376 1.55247355889494 0.0 -5.6025075332943595e-06 0.003742698886181374 0.0 0.0
0.0 0.002143041135665748 0.0 0.6070275043898611 0.0 0.01378609289300442 0.013786092894996315 0.013786092893040799 0.013786092893040796 1.5524735588949787 0.0 -5.602516112182257e-06 0.0037426988861648577 0.0 0.0
0.0 0.0020241233555372534 0.0 0.60202733479843 0.0 0.01375982401654314 0.01375982401654314 0.013759824016477415 0.013759824051562099 1.5524735588950178 0.0 -5.6025252780292435e-06 0.0037426988861512765 0.0 0.0
0.0 0.0019053713111806326 0.0 0.5970271989375883 0.0 0.013731304825423602 0.013731304825423597 0.013731304825423597 0.013731304794040274 1.55247355889506 0.0 -5.602534752697055e-06 0.003742698886138501 0.0 0.0
0.0 0.0017867113422801054 0.0 0.5920270818170802 0.0 0.013701535420641713 0.01370153542064171 0.01370153542064171 0.013701535423122701 1.5524735588950886 0.0 -5.602544552267765e-06 0.00374269888613046 0.0 0.0
0.0 0.0016680513734398442 0.0 0.5870269646994438 0.0 0.013671766018042014 0.013671766016760303 0.013671766018013957 0.013671766046745318 1.5524735588950902 0.0 -5.602554692100963e-06 0.0037426988861296857 0.0 0.0
0.0 0.0015493786317143038 0.0 0.5820278403753284 0.0 0.013642498299742028 0.013642498299742024 0.013642498299742026 0.013642498330700503 1.5524735588950804 0.0 -5.602564848299728e-06 0.0037426988861317704 0.0 0.0
0.0 0.0014305288701548693 0.0 0.5770266892516276 0.0 0.013614977638405556 0.013614977638405553 0.013614977638436103 0.013614977672616779 1.5524735588950456 0.0 -5.602576384314475e-06 0.003742698886140998 0.0 0.0
0.0 0.0013115190151203437 0.0 0.5720265009359375 0.0 0.01358995896715886 0.013589958967158868 0.013589958967158861 0.013589958967195864 1.5524735588950043 0.0 -5.6025872883993125e-06 0.0037426988861536926 0.0 0.0
0.0 0.0011922272918829257 0.0 0.567025259874153 0.0 0.01356843921189383 0.01356843921189383 0.013568439211893829 0.01356843921189383 1.5524735588949616 0.0 -5.602599297461281e-06 0.003742698886169892 0.0 0.0
0.0 0.001072622512282278 0.0 0.5620239551042371 0.0 0.01355117009662447 0.013551170096624465 0.01355117009662896 0.01355117010149032 1.5524735588949283 0.0 -5.602611376670182e-06 0.0037426988861863145 0.0 0.0
0.0 0.0009525885440884898 0.0 0.5570215676053446 0.0 0.013539400272635492 0.013539400272635496 0.013539400153567907 0.013539400141508832 1.5524735588949057 0.0 -5.602624279911557e-06 0.0037426988862021763 0.0 0.0
0.0 0.0008320941989025592 0.0 0.5520190864178078 0.0 0.01353388126540515 0.013533881265501433 0.013533881265405131 0.013533881264945737 1.552473558894896 0.0 -5.602637274739138e-06 0.0037426988862119155 0.0 0.0
0.0 0.0007110601744605569 0.0 0.5470155000163576 0.0 0.01353536534844851 0.013535365348447759 0.01353536534655474 0.013535351049110253 1.5524735588948948 0.0 -5.602651153705687e-06 0.0037426988862135436 0.0 0.0
0.0 0.0005894425096726191 0.0 0.5420127902313928 0.0 0.013545094942445428 0.013545094942445442 0.013545095688839364 0.013545094943143864 1.5524735588948948 0.0 -5.602664738256521e-06 0.0037426988862150267 0.0 0.0
0.0 0.0004671562601979606 0.0 0.5370089490031862 0.0 0.013563578027057302 0.01356357802729432 0.013563578474097148 0.013563578279216114 1.552473558894895 0.0 -5.602679672770995e-06 0.0037426988862188254 0.0 0.0
0.0 0.00034413904963696894 0.0 0.5320059544109154 0.0 0.013592314320427686 0.013592314320143068 0.013592314433873945 0.013592314624003891 1.5524735588948955 0.0 -5.602694318752553e-06 0.0037426988862261515 0.0 0.0
0.0 0.00022032999112302047 0.0 0.5270027986807173 0.0 0.013631802228202249 0.013631802228202242 0.013631802228261875 0.013631802392144149 1.5524735588948957 0.0 -5.602709963608994e-06 0.0037426988862369315 0.0 0.0
0.0 9.568512312373723e-05 0.0 0.5220014636419489 0.0 0.013683295121587056 0.013683295121587056 0.013683295121587048 0.013683295160724761 1.5524735588948952 0.0 -5.602725295594647e-06 0.0037426988862532197 0.0 0.0
0.0 -3.602219567828758e-05 0.0 0.5167468579666568 0.0 0.013747634257259393 0.013747634257259394 0.013747634415184007 0.01374763425725939 1.5524735588948935 0.0 -5.602871792693388e-06 0.003742698886281813 0.0 0.0
0.0 -0.00017489408916326231 0.0 0.511185209145323 0.0 0.013808480710606932 0.01380848071060694 0.01380848075589445 0.013808480710606941 1.552473558894894 0.0 -5.603084086782151e-06 0.0037426988862831545 0.0 0.0
0.0 -0.00031168213806950085 0.0 0.5056180106561596 0.0 0.013839063009217254 0.01383906300905187 0.013839063185618226 0.013839062640061014 1.5524735588948944 0.0 -5.603118653256998e-06 0.0037426988862324147 0.0 0.0
0.0 -0.0004373689674217682 0.0 0.5003546737956936 0.0 0.013818373247719394 0.013818373247719389 0.013818373247724875 0.013818373317275388 1.552473558894956 0.0 -5.602949362618922e-06 0.0037426988861649444 0.0 0.0
0.0 -0.000544166839653604 0.0 0.49570834197391916 0.0 0.013743413026428867 0.013743413026428715 0.013743413026428715 0.013743413032758398 1.552473558901314 0.0 -5.6026501601334655e-06 0.003742698885635186 0.0 0.0
0.0 -0.0006260317948474196 0.0 0.4919927996218284 0.0 0.013635188873484394 0.013635188873484392 0.013635188873484392 0.013635188873484392 1.5524735589228782 0.0 -5.6023587689363385e-06 0.0037426988854165266 0.0 0.0
0.0 -0.0006839465234614206 0.0 0.48936910138466494 0.0 0.013560220457874467 0.013560220457874469 0.013560220457874608 0.013560220457725815 1.5524735589015108 0.0 -5.602200603690479e-06 0.0037426988860188018 0.0 0.0
0.0 -0.000746317966547237 0.0 0.48699135472505967 0.0 0.013627171107316847 0.013627171107316852 0.013627171107315414 0.013627171075281545 1.5524735588948906 0.0 -5.602183622559723e-06 0.0037426988862291344 0.0 0.0
0.0 -0.0008314501292943491 0.0 0.48459603616539976 0.0 0.013998896873089693 0.013998896873087436 0.013998896875438593 0.013998896873056485 1.5524735588882776 0.0 -5.602185339427027e-06 0.0037426988866999917 0.0 0.0
0.0 -0.0009162071871384984 0.0 0.482975209379991 0.0 0.01462090769601888 0.014620907696018877 0.014620907696019935 0.014620907696013541 1.552473558842608 0.0 -5.602154633575406e-06 0.0037426988868382153 0.0 0.0
0.0 -0.0009852913704129448 0.0 0.48222854109758995 0.0 0.01531733266136582 0.015317332661365816 0.01531733266136582 0.01531733266240274 1.552473558811546 0.0 -5.6021466423211116e-06 0.0037426988863762155 0.0 0.0
0.0 -0.0010507548683978702 0.0 0.48195243516101066 0.0 0.016119530273641845 0.016119530273641842 0.016119530273641845 0.016119530273641845 1.552473558745744 0.0 -5.602146101838386e-06 0.0037426988862325314 0.0 0.0
0.0 -0.0011288937045196774 0.0 0.4817961830436591 0.0 0.01713420680385716 0.017134206803856876 0.017134206803559683 0.017134206803856883 1.5524735585058853 0.0 -5.60214545580471e-06 0.003742698886198136 0.0 0.0
0.0 -0.0012179542281200823 0.0 0.4817024088341859 0.0 0.018318512919357384 0.01831851291935738 0.01831851291935753 0.0183185129191652 1.5524735581546372 0.0 -5.602144517589251e-06 0.0037426988861616927 0.0 0.0
0.0 -0.0013135100164111176 0.0 0.48168296266234273 0.0 0.019615957937936565 0.01961595793793656 0.019615957937936506 0.019615957937936506 1.5524735577957274 0.0 -5.6021435594565925e-06 0.0037426988861251256 0.0 0.0
0.0 -0.0014117898354218692 0.0 0.48172169032236795 0.0 0.020969756266998252 0.02096975626699826 0.020969756266998252 0.020969756266998173 1.5524735575464896 0.0 -5.6021428936508455e-06 0.0037426988861045275 0.0 0.0
0.0 -0.0015094257783699319 0.0 0.48178642924038434 0.0 0.0223233466410507 0.02232334664105062 0.02232334664105063 0.022323346641050703 1.5524735574967574 0.0 -5.602142760639777e-06 0.0037426988860996663 0.0 0.0
0.0 -0.0016032070459131892 0.0 0.48184000790268916 0.0 0.023620659721768973 0.023620659721768845 0.023620659721768838 0.023620659721696267 1.5524735576696236 0.0 -5.602143222522345e-06 0.0037426988861157463 0.0 0.0
0.0 -0.0016943442186989714 0.0 0.48186028129217046 0.0 0.024870911104712748 0.024870911104712748 0.02487091110471273 0.024870911104712744 1.5524735577984468 0.0 -5.602143566780087e-06 0.0037426988861283808 0.0 0.0
0.0 -0.00178617902826799 0.0 0.48185154630584276 0.0 0.02612111565571348 0.026121115655713553 0.026121115655713553 0.026121115655713553 1.5524735577591673 0.0 -5.602143461845163e-06 0.0037426988861266465 0.0 0.0
0.0 -0.0018784949822181895 0.0 0.4818228055452629 0.0 0.027371288132028045 0.027371288132028045 0.027371288132028052 0.02737128813202805 1.5524735577179432 0.0 -5.602143351617478e-06 0.003742698886125526 0.0 0.0
0.0 -0.0019710755652863005 0.0 0.48178306160915413 0.0 0.02862144296537209 0.0286214429653721 0.028621442965372106 0.028621442965372106 1.5524735576746542 0.0 -5.602143235906459e-06 0.003742698886124446 0.0 0.0
0.0 -0.002063704262458035 0.0 0.4817413170951265 0.0 0.029871594587290457 0.029871594587290266 0.029871594587290266 0.029871594587290266 1.5524735576291695 0.0 -5.602143114390608e-06 0.00374269888612243 0.0 0.0
0.0 -0.0021561886160771583 0.0 0.48170557431351174 0.0 0.031121755825996474 0.031121755825996477 0.031121755825996477 0.03112175582590695 1.5524735575813513 0.0 -5.6021429867145926e-06 0.0037426988861192956 0.0 0.0
0.0 -0.0022482880535288708 0.0 0.4816858361511261 0.0 0.03237194271636892 0.03237194271636893 0.032371942716368944 0.03237194271636893 1.5524735575310395 0.0 -5.602142852415059e-06 0.003742698886115602 0.0 0.0
0.0 -0.0023398101173069154 0.0 0.48169010491768527 0.0 0.03362216808669661 0.03362216808669661 0.03362216808669661 0.03362216808669658 1.552473557478081 0.0 -5.602142710997172e-06 0.003742698886112205 0.0 0.0
0.0 -0.002430601845443161 0.0 0.481719407134839 0.0 0.03487068329220837 0.034870683292208354 0.03487068329220837 0.03487068329220837 1.5524735574305397 0.0 -5.6021425839888094e-06 0.0037426988861096436 0.0 0.0
0.0 -0.0025214642558785416 0.0 0.4817427226100252 0.0 0.03611818871435102 0.03611818871435102 0.03611818871435102 0.03611818871436936 1.552473557377296 0.0 -5.602142441714937e-06 0.003742698886107533 0.0 0.0
0.0 -0.002613574974752895 0.0 0.4817209913652154 0.0 0.03736787227966991 0.03736787227966978 0.03736787227966979 0.03736787227966966 1.5524735573052 0.0 -5.6021422490961285e-06 0.003742698886104886 0.0 0.0
0.0 -0.0027081116295064613 0.0 0.4816151534216759 0.0 0.03862292193511489 0.03862292193511489 0.03862292193511489 0.03862292193511525 1.5524735572116648 0.0 -5.602141998130786e-06 0.0037426988861142775 0.0 0.0
0.0 -0.0028056587258740826 0.0 0.48140319118577185 0.0 0.03988405253691181 0.03988405253691182 0.03988405253691181 0.03988405253691256 1.5524735571074169 0.0 -5.602141718458382e-06 0.003742698886152981 0.0 0.0
0.0 -0.0029046976830863535 0.0 0.481142151095138 0.0 0.041149355213635955 0.04114935521363594 0.04114935521363686 0.04114935521363537 1.5524735570069312 0.0 -5.602141450730276e-06 0.0037426988861792893 0.0 0.0
0.0 -0.003003448264970386 0.0 0.48090605451270046 0.0 0.042418948605380806 0.04241894860538081 0.04241894860538081 0.042418948604938465 1.552473556898852 0.0 -5.602141161235772e-06 0.003742698886159226 0.0 0.0
0.0 -0.0030999731206891048 0.0 0.4807739317420466 0.0 0.04369245932141446 0.043692459321414454 0.04369245932141447 0.043692459321413885 1.5524735567857402 0.0 -5.6021408596935745e-06 0.00374269888610294 0.0 0.0
0.0 -0.0031922484671450505 0.0 0.4808238352826016 0.0 0.044968012156685215 0.04496801215668521 0.044968012156685215 0.044968012156685215 1.5524735566777983 0.0 -5.6021405729158445e-06 0.0037426988860704952 0.0 0.0
0.0 -0.0032781400311075112 0.0 0.4811338401199697 0.0 0.04624223168374047 0.04624223168374046 0.04624223168321523 0.04624223168321523 1.55247355658732 0.0 -5.602140319924344e-06 0.003742698885971362 0.0 0.0
0.0 -0.003355292560289442 0.0 0.48178206620974995 0.0 0.047508742046927316 0.047508742046927316 0.04750874204692731 0.047508742045846174 1.5524735565394348 0.0 -5.602140076391264e-06 0.003742698885630947 0.0 0.0
0.0 -0.003421187733423385 0.0 0.48283969894021106 0.0 0.048756655511781086 0.04875665551178108 0.04875665551347738 0.04875665551177473 1.5524735565718764 0.0 -5.602139507257602e-06 0.003742698884915669 0.0 0.0
0.0 -0.003473180987737211 0.0 0.4843709816338455 0.0 0.049971072502251246 0.04997107250225125 0.04997107250225126 0.049971072502246916 1.5524735567145385 0.0 -5.6021373762194495e-06 0.0037426988837406766 0.0 0.0
0.0 -0.003508579332109539 0.0 0.4864292181321331 0.0 0.05113282513390306 0.05113282513390306 0.05113282513390307 0.05113282513389764 1.5524735569846002 0.0 -5.602130768962053e-06 0.003742698882153509 0.0 0.0
0.0 -0.0035253592169703914 0.0 0.48904368659367115 0.0 0.05222395711491832 0.05222395711491832 0.05222395711491832 0.05222395711492445 1.5524735573415682 0.0 -5.602114662996212e-06 0.003742698880398497 0.0 0.0
0.0 -0.003523764732805077 0.0 0.49217452160082875 0.0 0.05323465266876833 0.05323465266876837 0.053234652668768326 0.05323465267222999 1.5524735577022377 0.0 -5.602085905319975e-06 0.0037426988789692863 0.0 0.0
0.0 -0.0035047319942034284 0.0 0.4957538459326051 0.0 0.054155301272601215 0.05415530127258868 0.05415530127259491 0.05415530127259497 1.552473558040492 0.0 -5.602044873222354e-06 0.0037426988782369875 0.0 0.0
0.0 -0.0034695214553527964 0.0 0.49971172559308763 0.0 0.05498003974494313 0.05498003974494313 0.05498003974494312 0.05498003974494307 1.552473558324008 0.0 -5.601994030012453e-06 0.0037426988782585328 0.0 0.0
0.0 -0.0034195013984460376 0.0 0.5039851723991486 0.0 0.05570676673414787 0.05570676673414788 0.05570676673622625 0.05570676673414787 1.5524735585389737 0.0 -5.601936517634499e-06 0.003742698878893025 0.0 0.0
0.0 -0.003356242673431289 0.0 0.5085111569593823 0.0 0.056336131337967346 0.05633613133796734 0.05633613133796573 0.05633613133796739 1.5524735586885592 0.0 -5.601877428047304e-06 0.003742698879954376 0.0 0.0
0.0 -0.003281259710068346 0.0 0.5132366152785509 0.0 0.05687129907902023 0.05687129907902023 0.05687129907989117 0.05687129907987274 1.5524735587840925 0.0 -5.601819879743378e-06 0.003742698881203016 0.0 0.0
0.0 -0.003196112388451161 0.0 0.5181134510783056 0.0 0.057317693847090456 0.05731769384709057 0.057317693847090456 0.057317693847096556 1.552473558839972 0.0 -5.601767244313179e-06 0.003742698882445978 0.0 0.0
0.0 -0.0031022899054324276 0.0 0.5230995548138214 0.0 0.057681749296574214 0.05768174929657423 0.057681749303296635 0.05768174930329663 1.5524735588700733 0.0 -5.6017217464538775e-06 0.003742698883558741 0.0 0.0
0.0 -0.003001212263600833 0.0 0.5281617895407497 0.0 0.05797191382349683 0.05797191382349684 0.05797191382349683 0.05797191382382066 1.55247355888467 0.0 -5.60168347541376e-06 0.003742698884454273 0.0 0.0
0.0 -0.002894191951861706 0.0 0.5332730125514185 0.0 0.058197145494549775 0.05819714549454861 0.05819714549454861 0.0581971454945486 1.5524735588910978 0.0 -5.601652420711416e-06 0.0037426988851220156 0.0 0.0
0.0 -0.0027824764180971067 0.0 0.5384110713357544 0.0 0.058367160500600625 0.05836716050060062 0.0583671605279515 0.05836716052790268 1.552473558893624 0.0 -5.601628183539708e-06 0.0037426988855801552 0.0 0.0
0.0 -0.0026671928236531384 0.0 0.5435588148226933 0.0 0.05849168309792107 0.05849168309792108 0.058491683097921084 0.05849168309792108 1.5524735588945109 0.0 -5.601609781883984e-06 0.003742698885870871 0.0 0.0
0.0 -0.002549336759739371 0.0 0.5487060864569075 0.0 0.058580948758691305 0.058580948758454446 0.058580948758582364 0.058580948758454446 1.5524735588947853 0.0 -5.601594934636683e-06 0.0037426988860374067 0.0 0.0
0.0 -0.0024299278737075452 0.0 0.5538417294175878 0.0 0.05864519142775935 0.05864519142775935 0.058645191334565146 0.05864519142775935 1.5524735588948626 0.0 -5.601584438455615e-06 0.0037426988861230166 0.0 0.0
0.0 -0.0023097989982440955 0.0 0.5589615926265183 0.0 0.058694406084641756 0.05869440610312598 0.058694406103125964 0.05869440623085366 1.5524735588948835 0.0 -5.601575510585197e-06 0.00374269888616107 0.0 0.0
0.0 -0.0021898070227207686 0.0 0.5640605247405085 0.0 0.05873858642775693 0.05873858642775692 0.05873858642721477 0.05873858642775693 1.552473558894888 0.0 -5.601568714489755e-06 0.003742698886171426 0.0 0.0
0.0 -0.002070814478128683 0.0 0.5691323778768301 0.0 0.05878747414576325 0.05878747414576323 0.058787474145763206 0.058787474145763234 1.5524735588948837 0.0 -5.601564630074502e-06 0.0037426988861616194 0.0 0.0
0.0 -0.0019535692523434626 0.0 0.5741750090365599 0.0 0.05885056751107962 0.058850567511079616 0.05885056751107963 0.05885056751107961 1.5524735588948646 0.0 -5.601561528262894e-06 0.003742698886125838 0.0 0.0
0.0 -0.001838932387401965 0.0 0.5791792844822657 0.0 0.058936603413125656 0.05893660341312567 0.0589366034133725 0.05893660340739964 1.552473558894798 0.0 -5.601562707804959e-06 0.0037426988860491807 0.0 0.0
0.0 -0.0017276686974102926 0.0 0.5841400715913605 0.0 0.05905432514854485 0.05905432514854484 0.05905432515150614 0.059054325151506146 1.5524735588945775 0.0 -5.601566404781235e-06 0.0037426988859045633 0.0 0.0
0.0 -0.0016206561511223547 0.0 0.5890452470027412 0.0 0.05921171468977582 0.05921171468977582 0.05921171468988635 0.059211714689769934 1.5524735588939187 0.0 -5.601575901110539e-06 0.0037426988856640365 0.0 0.0
0.0 -0.0015187415292758563 0.0 0.5938816982867139 0.0 0.05941600227759026 0.059416002277590266 0.05941600227759027 0.059416002277590266 1.5524735588921699 0.0 -5.6015915903979e-06 0.003742698885298745 0.0 0.0
0.0 -0.0014228678415649833 0.0 0.5986323118676321 0.0 0.05967441174081527 0.05967441174081527 0.059674411740816155 0.05967441175463197 1.5524735588879448 0.0 -5.601615032774145e-06 0.0037426988847796615 0.0 0.0
0.0 -0.0013339029487172474 0.0 0.6032770032781447 0.0 0.059992161806616345 0.059992161806616345 0.05999216180661585 0.05999216180635126 1.552473558878938 0.0 -5.601646929543515e-06 0.003742698884110227 0.0 0.0
0.0 -0.0012527741098670318 0.0 0.607791694389856 0.0 0.06037396468844763 0.06037396468844763 0.060373964688587106 0.060373964688587106 1.5524735588613066 0.0 -5.601687865469551e-06 0.0037426988833010166 0.0 0.0
0.0 -0.00118043115313654 0.0 0.6121483209035553 0.0 0.060823526045694055 0.06082352604569405 0.060823526045682884 0.060823526045618144 1.5524735588294198 0.0 -5.601737613407276e-06 0.0037426988823952923 0.0 0.0
0.0 -0.001117743115186129 0.0 0.6163168441626524 0.0 0.0613427980600024 0.06134279806000241 0.06134279806000237 0.06134279805894186 1.5524735587762515 0.0 -5.601794275655943e-06 0.0037426988814750336 0.0 0.0
0.0 -0.0010666714008785148 0.0 0.62021723366345 0.0 0.06193215250702667 0.06193215250702666 0.06193215250702585 0.061932152506592765 1.5524735586937672 0.0 -5.601869061917223e-06 0.003742698880778969 0.0 0.0
0.0 -0.0010312659991634488 0.0 0.6237351903816635 0.0 0.062609159171953 0.062609159171953 0.06260915917025901 0.06260915917028155 1.55247355853591 0.0 -5.601957601477273e-06 0.0037426988802749064 0.0 0.0
0.0 -0.0010155430465426652 0.0 0.6267623944116548 0.0 0.06339289763341774 0.06339289763341775 0.06339289763590135 0.06339289763338724 1.5524735582312958 0.0 -5.602039186403722e-06 0.0037426988802051427 0.0 0.0
0.0 -0.001023548928875876 0.0 0.6291526948249233 0.0 0.06429038474433187 0.06429038474433188 0.06429038474433187 0.06429038474160749 1.552473557714346 0.0 -5.602101340675085e-06 0.0037426988811850126 0.0 0.0
0.0 -0.0010591137652333615 0.0 0.6307201690043706 0.0 0.06529257092023256 0.06529257092023258 0.06529257092021476 0.0652925709202231 1.55247355698483 0.0 -5.602133379578593e-06 0.003742698883409782 0.0 0.0
0.0 -0.0011251858161996778 0.0 0.6312462259484118 0.0 0.06636760063596647 0.06636760063596647 0.06636760063596646 0.06636760063508704 1.5524735562473309 0.0 -5.60213929502336e-06 0.003742698885730974 0.0 0.0
0.0 -0.0012195248911707 0.0 0.6305840035736288 0.0 0.06743647599409153 0.06743647599409153 0.06743647599409153 0.06743647599409586 1.5524735561707868 0.0 -5.602139298102234e-06 0.0037426988865168886 0.0 0.0
0.0 -0.0013323468532704125 0.0 0.6289086914689221 0.0 0.0684234646461739 0.06842346464617385 0.06842346464617387 0.06842346464360674 1.5524735568062715 0.0 -5.602145096632535e-06 0.0037426988885048054 0.0 0.0
0.0 -0.0014560518080479503 0.0 0.6264547582273832 0.0 0.06930218653231522 0.06930218653231522 0.06930218653232614 0.06930218653232618 1.5524735575147277 0.0 -5.602162539884773e-06 0.0037426988902847253 0.0 0.0
0.0 -0.0015856681821898864 0.0 0.6234212987721268 0.0 0.07007045990155421 0.0700704599015542 0.07007045990154778 0.07007045990154137 1.5524735580505447 0.0 -5.602191024352012e-06 0.0037426988910965416 0.0 0.0
0.0 -0.0017186908035493696 0.0 0.6199551456443393 0.0 0.07074252252031635 0.07074252252031635 0.0707425225203164 0.07074252252030439 1.5524735583799427 0.0 -5.602226106812198e-06 0.0037426988911996996 0.0 0.0
0.0 -0.0018543460806188963 0.0 0.6161669448528031 0.0 0.07134430636330066 0.07134430636330066 0.07134430636053894 0.07134430636330066 1.5524735585518254 0.0 -5.6022630738835095e-06 0.003742698891081968 0.0 0.0
0.0 -0.001990907621346607 0.0 0.6121894349059663 0.0 0.07189602787085894 0.07189602787089348 0.07189602787088495 0.07189602787088495 1.5524735586446614 0.0 -5.602291256585143e-06 0.003742698890806358 0.0 0.0
0.0 -0.002126288097473218 0.0 0.6081086443770419 0.0 0.07239757502989844 0.07239757502989844 0.07239757502991627 0.07239757503161644 1.552473558718884 0.0 -5.6023103014865236e-06 0.003742698890279154 0.0 0.0
0.0 -0.002260371686977433 0.0 0.6039385324052651 0.0 0.072851970740559 0.07285197074055715 0.07285197074055715 0.07285197074055717 1.5524735587730558 0.0 -5.6023289118927e-06 0.003742698889757742 0.0 0.0
0.0 -0.0023931331567723416 0.0 0.5996900534489789 0.0 0.07326248313974952 0.07326248313974952 0.07326248313958907 0.07326248313974922 1.5524735588117071 0.0 -5.6023472158071525e-06 0.0037426988892653337 0.0 0.0
0.0 -0.0025245232168585635 0.0 0.5953751622499504 0.0 0.07363238196844411 0.07363238196844413 0.07363238196844413 0.07363238196844411 1.5524735588388208 0.0 -5.602364686821954e-06 0.0037426988888101787 0.0 0.0
0.0 -0.002654655335099634 0.0 0.5909998080816677 0.0 0.073965177382961 0.073965177382961 0.07396517738100915 0.07396517738104288 1.5524735588574146 0.0 -5.602382243545559e-06 0.0037426988884081335 0.0 0.0
0.0 -0.0027836132805058905 0.0 0.5865719370354698 0.0 0.07426463277998485 0.07426463277998471 0.07426463277998484 0.07426463277674294 1.5524735588698864 0.0 -5.6023992909468826e-06 0.0037426988880605735 0.0 0.0
0.0 -0.0029115954652439283 0.0 0.5820954903107154 0.0 0.07453475518128419 0.07453475518126665 0.07453475518126665 0.07453475518128401 1.55247355887808 0.0 -5.6024165658066115e-06 0.003742698887772008 0.0 0.0
0.0 -0.003038739414792303 0.0 0.5775754168822883 0.0 0.07477905313540813 0.07477905313540813 0.07477905313554861 0.074779053141678 1.5524735588834953 0.0 -5.602433737040995e-06 0.0037426988875317296 0.0 0.0
0.0 -0.0031653525429879317 0.0 0.5730126495899471 0.0 0.07500202892835738 0.0750020289283581 0.0750020289283878 0.07500202893631235 1.5524735588868939 0.0 -5.602451752935358e-06 0.003742698887348033 0.0 0.0
0.0 -0.0032916813769307113 0.0 0.5684091290481235 0.0 0.07520768637344934 0.07520768637344981 0.07520768637344934 0.0752076863731966 1.5524735588890488 0.0 -5.602470368056196e-06 0.0037426988872091963 0.0 0.0
0.0 -0.0034179668014822106 0.0 0.5637677924117036 0.0 0.07540028091868187 0.07540028091868188 0.07540028091897553 0.07540028091868187 1.5524735588903602 0.0 -5.602489282088373e-06 0.003742698887112669 0.0 0.0
0.0 -0.0035445884018488628 0.0 0.5590865716586373 0.0 0.07558431004503473 0.07558431004503471 0.07558431003267792 0.07558431003263145 1.5524735588910843 0.0 -5.602509989901121e-06 0.0037426988870593483 0.0 0.0
0.0 -0.003671853592601507 0.0 0.5543663996151306 0.0 0.07576427601632904 0.07576427601632904 0.07576427601632904 0.07576427601632826 1.5524735588913805 0.0 -5.602531695497325e-06 0.003742698887046006 0.0 0.0
0.0 -0.00380016750552777 0.0 0.5496071938374897 0.0 0.07594567968119074 0.07594567968119074 0.07594567968119074 0.07594567968076059 1.5524735588912317 0.0 -5.602554789690033e-06 0.0037426988870835013 0.0 0.0
0.0 -0.003929861611736075 0.0 0.544808886870264 0.0 0.07613302171211495 0.07613302171211495 0.07613302171211415 0.07613302171209024 1.5524735588906817 0.0 -5.602579365307996e-06 0.0037426988871673184 0.0 0.0
0.0 -0.004061316985853772 0.0 0.5399723965532346 0.0 0.07633180454216772 0.07633180454216772 0.07633180454250993 0.07633180454216772 1.552473558889487 0.0 -5.60260515615117e-06 0.003742698887316666 0.0 0.0
0.0 -0.004194951532400328 0.0 0.535098633233982 0.0 0.07654803068495153 0.07654803068497204 0.07654803067400241 0.07654803067402292 1.552473558887219 0.0 -5.602632218906798e-06 0.0037426988875533963 0.0 0.0
0.0 -0.004331146325687809 0.0 0.5301885147547358 0.0 0.07678720255823901 0.07678720255823901 0.07678720255823952 0.0767872025489049 1.5524735588832357 0.0 -5.602660605153514e-06 0.003742698887896316 0.0 0.0
0.0 -0.004470272644874202 0.0 0.5252479378991772 0.0 0.0770563308456235 0.0770563308456235 0.0770563308456235 0.07705633084583167 1.5524735588759115 0.0 -5.602688189580005e-06 0.003742698888395674 0.0 0.0
0.0 -0.004612652165250388 0.0 0.5202818141704387 0.0 0.07736142446735823 0.07736142446735823 0.07736142446750899 0.07736142446751952 1.5524735588630239 0.0 -5.602715153302144e-06 0.003742698889081597 0.0 0.0
0.0 -0.004758668938203871 0.0 0.5152970331530861 0.0 0.07770999576982307 0.07770999576982307 0.07770999576579389 0.07770999576578631 1.552473558839618 0.0 -5.60274033416595e-06 0.003742698890034393 0.0 0.0
0.0 -0.004908520199177136 0.0 0.5103074901795555 0.0 0.07810931827537322 0.07810931827537322 0.07810931827542905 0.07810931827294547 1.5524735587977985 0.0 -5.602759935586077e-06 0.003742698891307607 0.0 0.0
0.0 -0.005062445654853238 0.0 0.505326076574321 0.0 0.07856691393838344 0.07856691393838344 0.07856691393838164 0.07856691394031819 1.5524735587237257 0.0 -5.602773780543221e-06 0.00374269889298094 0.0 0.0
0.0 -0.005220486911381911 0.0 0.5003746824739802 0.0 0.07909056916133646 0.07909056916133646 0.07909056916099294 0.07909056916133028 1.5524735585938731 0.0 -5.602776721055298e-06 0.0037426988951109416 0.0 0.0
0.0 -0.005382655872443204 0.0 0.4954771948726427 0.0 0.07968832355676866 0.07968832355676866 0.07968832355679101 0.0796883235567966 1.5524735583688458 0.0 -5.602767177788931e-06 0.003742698897753866 0.0 0.0
0.0 -0.005548771981202205 0.0 0.49066550305394363 0.0 0.08036822952067653 0.08036822952067653 0.08036822952067661 0.08036822952063341 1.55247355798469 0.0 -5.602741030831631e-06 0.0037426989008968376 0.0 0.0
0.0 -0.005718388557842519 0.0 0.4859795136105853 0.0 0.08113735206538972 0.08113735206538983 0.08113735206213409 0.08113735206538973 1.5524735573463233 0.0 -5.6026952630549115e-06 0.0037426989043962806 0.0 0.0
0.0 -0.005898612674001295 0.0 0.4813172460086829 0.0 0.08205903706724428 0.08205903706722877 0.08205903706309112 0.08205903706722867 1.5524735555623133 0.0 -5.602694875972095e-06 0.0037426989125743655 0.0 0.0
0.0 -0.006088424696140503 0.0 0.4770601414213922 0.0 0.08324515892071317 0.08324515892071319 0.08324515892071305 0.08324515892071317 1.5524735492892898 0.0 -5.602518986704998e-06 0.0037426989232749457 0.0 0.0
0.0 -0.006266165779303774 0.0 0.4741811247224807 0.0 0.08472102317441041 0.08472102317441042 0.08472102317441041 0.08472102317444252 1.5524735342952087 0.0 -5.602165289841087e-06 0.0037426989126422565 0.0 0.0
0.0 -0.006396355015610944 0.0 0.4737305936321151 0.0 0.0863488838859734 0.0863488838859734 0.0863488838859734 0.08634888388679161 1.5524735588948255 0.0 -5.602146495178234e-06 0.003742698886213282 0.0 0.0
0.0 -0.0064418949649174264 0.0 0.47620283903939326 0.0 0.08778554481844376 0.08778554481844376 0.08778554481456435 0.08778554481456435 1.5524735319098055 0.0 -5.602052896145313e-06 0.003742698869924677 0.0 0.0
0.0 -0.006391126904897735 0.0 0.4808656364049797 0.0 0.08863046187082385 0.08863046187082387 0.08863046187082366 0.08863046186558293 1.5524735552890165 0.0 -5.601872325315457e-06 0.0037426988662305227 0.0 0.0
0.0 -0.006278576090223607 0.0 0.4860018737206973 0.0 0.08878847891329514 0.08878847891329512 0.08878847891329628 0.08878847892430303 1.5524735588900869 0.0 -5.601749152128159e-06 0.0037426988853468002 0.0 0.0
0.0 -0.006150555144520414 0.0 0.49086852302648204 0.0 0.08864650437468156 0.08864650437468155 0.08864650437467517 0.08864650433993988 1.5524735588951932 0.0 -5.601817663903792e-06 0.0037426988865229575 0.0 0.0
0.0 -0.006022942560842089 0.0 0.49569228682861877 0.0 0.08849595957082343 0.088495959570943 0.08849595957094299 0.088495959570829 1.5524735588952774 0.0 -5.6018214213399355e-06 0.0037426988865580336 0.0 0.0
0.0 -0.005899384510509102 0.0 0.5004724236166115 0.0 0.08838635200862467 0.08838635200863518 0.0883863520088082 0.08838635200862467 1.5524735588949967 0.0 -5.6018254985899765e-06 0.0037426988863960052 0.0 0.0
0.0 -0.005779531107208439 0.0 0.5052090045923487 0.0 0.08831293096195482 0.08831293096195482 0.0883129309619548 0.08831293096811485 1.5524735588949132 0.0 -5.601829617641705e-06 0.003742698886295641 0.0 0.0
0.0 -0.005662941877821898 0.0 0.5099051055671285 0.0 0.08827070049166667 0.08827070049166669 0.08827070049166667 0.08827070049166669 1.5524735588948975 0.0 -5.601832977802476e-06 0.0037426988862411903 0.0 0.0
0.0 -0.005549207537393649 0.0 0.5145647914024208 0.0 0.08825541644499454 0.08825541644499459 0.08825541612708905 0.08825541644619005 1.5524735588948975 0.0 -5.601835313215338e-06 0.0037426988862174207 0.0 0.0
0.0 -0.005437931573421733 0.0 0.5191931197533418 0.0 0.08826333603738447 0.08826333603738445 0.0882633360395187 0.08826333603738445 1.5524735588948975 0.0 -5.6018363514050475e-06 0.003742698886212169 0.0 0.0
0.0 -0.005328717473736048 0.0 0.523795148276705 0.0 0.08829071695980362 0.08829071695980362 0.08829071695980363 0.08829071696020076 1.5524735588948895 0.0 -5.6018360686638615e-06 0.0037426988861932083 0.0 0.0
0.0 -0.0052211206116815866 0.0 0.5283779352026368 0.0 0.08833381979078914 0.08833381979078912 0.08833381979078914 0.08833381979078914 1.5524735588948624 0.0 -5.6018338860487135e-06 0.0037426988861612082 0.0 0.0
0.0 -0.00511477002075418 0.0 0.5329485237747724 0.0 0.08838990534044418 0.08838990534044416 0.08838990534044418 0.08838990534043477 1.5524735588948084 0.0 -5.6018297336384744e-06 0.0037426988861231332 0.0 0.0
0.0 -0.005009221074439667 0.0 0.5375139722269041 0.0 0.08845523426699757 0.08845523426699757 0.0884552342688476 0.0884552342688476 1.5524735588947411 0.0 -5.6018235003831354e-06 0.003742698886089151 0.0 0.0
0.0 -0.004904078748927118 0.0 0.5420823240885596 0.0 0.08852706898669768 0.08852706898669768 0.0885270689866977 0.08852706898669768 1.5524735588946736 0.0 -5.601814762338033e-06 0.003742698886061 0.0 0.0
0.0 -0.004798905548353472 0.0 0.5466626269250816 0.0 0.08860242348383209 0.08860242348383209 0.08860242348383209 0.08860242345287148 1.552473558894628 0.0 -5.601803012228994e-06 0.0037426988860427795 0.0 0.0
0.0 -0.004693317733446373 0.0 0.5512609311920165 0.0 0.08867805685966222 0.08867805685966221 0.08867805685817494 0.08867805689100772 1.552473558894622 0.0 -5.601788883139016e-06 0.0037426988860384328 0.0 0.0
0.0 -0.004586835335947645 0.0 0.5558872884829469 0.0 0.08875073470428163 0.08875073470428163 0.08875073470428163 0.08875073470584656 1.5524735588946585 0.0 -5.601770831836492e-06 0.0037426988860484968 0.0 0.0
0.0 -0.004479862860587601 0.0 0.5605157363533999 0.0 0.08881741485375486 0.0888174148537627 0.08881741481562866 0.08881741485375486 1.552473558894723 0.0 -5.601760494397191e-06 0.0037426988860736407 0.0 0.0
0.0 -0.004372957776642707 0.0 0.5651192857546227 0.0 0.08887680380141509 0.0888768038014151 0.08887680380141509 0.08887680380141509 1.5524735588947827 0.0 -5.6017589288142015e-06 0.003742698886103273 0.0 0.0
0.0 -0.0042658907987547755 0.0 0.5697059464014307 0.0 0.0889284143142031 0.08892841431761495 0.08892841431782494 0.08892841436642676 1.5524735588948277 0.0 -5.6017546457700495e-06 0.0037426988861306207 0.0 0.0
0.0 -0.00415849916840469 0.0 0.5742817237779219 0.0 0.08897200599457458 0.08897200599457458 0.0889720059943322 0.08897200605902432 1.5524735588948586 0.0 -5.601748203875051e-06 0.003742698886154732 0.0 0.0
0.0 -0.004050577654918903 0.0 0.578853627396373 0.0 0.0890070899554173 0.0890070899554173 0.08900709003164331 0.08900709004010002 1.5524735588948786 0.0 -5.6017391116126346e-06 0.0037426988861757444 0.0 0.0
0.0 -0.003941939442624739 0.0 0.5834286630237782 0.0 0.0890334274105627 0.0890334274105627 0.08903342753143818 0.08903342753143818 1.55247355889489 0.0 -5.6017271705267395e-06 0.0037426988861926436 0.0 0.0
0.0 -0.0038324274152034547 0.0 0.5880118396026742 0.0 0.08905052637914557 0.08905052637914555 0.08905052637914555 0.08905052637914555 1.5524735588948957 0.0 -5.601712884022904e-06 0.003742698886205158 0.0 0.0
0.0 -0.0037217882276969934 0.0 0.5926121672126508 0.0 0.08905790125379824 0.08905790125379831 0.08905790125379827 0.08905790054457752 1.5524735588948981 0.0 -5.6016944664226645e-06 0.0037426988862121835 0.0 0.0
0.0 -0.0036098279335857186 0.0 0.5972346622965812 0.0 0.08905455889576595 0.08905455889576595 0.08905455996875046 0.08905455995922547 1.5524735588948984 0.0 -5.601673083678954e-06 0.003742698886213765 0.0 0.0
0.0 -0.0034963837746029226 0.0 0.6018853303284296 0.0 0.08904026106622191 0.08904026106622191 0.08904026106622193 0.0890402608928557 1.5524735588948981 0.0 -5.601647984927503e-06 0.003742698886217541 0.0 0.0
0.0 -0.003381189632613571 0.0 0.6065721885974932 0.0 0.08901401847312125 0.08901401847312125 0.0890140184734089 0.08901401871199147 1.5524735588948975 0.0 -5.601617811491944e-06 0.0037426988862265397 0.0 0.0
0.0 -0.0032640699764453066 0.0 0.6113002497958647 0.0 0.08897508985498355 0.08897508985498355 0.08897508985498352 0.08897508989340464 1.5524735588948975 0.0 -5.60158329837198e-06 0.0037426988862421517 0.0 0.0
0.0 -0.0031447827453359198 0.0 0.6160765309222314 0.0 0.08892248609179741 0.0889224860917974 0.08892248609179741 0.08892248609179741 1.5524735588948995 0.0 -5.601542871602477e-06 0.0037426988862665485 0.0 0.0
0.0 -0.0030231155776964287 0.0 0.6209060521598715 0.0 0.08885496504370306 0.08885496504370305 0.08885496504370306 0.08885496504370305 1.5524735588949063 0.0 -5.601496742954547e-06 0.0037426988863027266 0.0 0.0
0.0 -0.0029042580716812177 0.0 0.6256454168350846 0.0 0.08879605103065168 0.08879605103108393 0.08879605103065165 0.08879605089640442 1.5524735588949017 0.0 -5.601525473676474e-06 0.00374269888627988 0.0 0.0
0.0 -0.0027825433687390507 0.0 0.6309089366893099 0.0 0.0888710004784578 0.08887100047845782 0.08887100047826388 0.08887100047826388 1.5524735588946104 0.0 -5.6011748819311294e-06 0.0037426988859523822 0.0 0.0
0.0 -0.0026727772686087024 0.0 0.6368170282220678 0.0 0.08932154814289588 0.08932154814285624 0.08932154814285624 0.08932154814290177 1.5524735585770646 0.0 -5.600554405368363e-06 0.0037426988738235457 0.0 0.0
0.0 -0.0026046520573916373 0.0 0.6424070850424344 0.0 0.0902354075514027 0.09023540755160263 0.09023540755160263 0.09023540755626293 1.5524735533942335 0.0 -5.600805545637852e-06 0.003742698839725175 0.0 0.0
0.0 -0.0025933183938260237 0.0 0.6470170695122659 0.0 0.09160098915029902 0.09160098915029902 0.09160098915029902 0.09160098915021841 1.5524735298487788 0.0 -5.601428578239842e-06 0.003742698813247675 0.0 0.0
0.0 -0.002648308867737505 0.0 0.6500209302094557 0.0 0.09334191503043457 0.09334191503043444 0.09334191503043458 0.09334191503493436 1.552473558894517 0.0 -5.602146494356135e-06 0.0037426988862132673 0.0 0.0
0.0 -0.0027717195067355955 0.0 0.6509294939914273 0.0 0.09532546814792481 0.0953254681479248 0.09532546814792824 0.09532546814792481 1.5524735588934164 0.0 -5.60214649141614e-06 0.00374269888621324 0.0 0.0
0.0 -0.002957517648810211 0.0 0.6494802158363735 0.0 0.09738275500742699 0.097382755007427 0.09738275500743328 0.09738275500743326 1.5524735588919807 0.0 -5.6021464875806266e-06 0.0037426988862132035 0.0 0.0
0.0 -0.0031929356910283617 0.0 0.6456637493102187 0.0 0.09933647963000532 0.09933647963000529 0.0993364796300053 0.09933647962400255 1.5524735588919303 0.0 -5.602146487437323e-06 0.003742698886213216 0.0 0.0
0.0 -0.003460715708788737 0.0 0.6397115514789271 0.0 0.10102748515860199 0.101027485158602 0.101027485158602 0.101027485158602 1.5524735588934437 0.0 -5.602146491477847e-06 0.0037426988862132946 0.0 0.0
0.0 -0.00374226815653557 0.0 0.632028548769082 0.0 0.10233564960416934 0.10233564960396926 0.10233564960396925 0.10233564960413236 1.5524735588946148 0.0 -5.602146494645713e-06 0.003742698886213334 0.0 0.0
0.0 -0.004020502938799674 0.0 0.6231089478233841 0.0 0.10319075279877195 0.10319075279877193 0.10319075279877199 0.10319075279877199 1.5524735588948833 0.0 -5.602146495473579e-06 0.003742698886213307 0.0 0.0
0.0 -0.004282007333622337 0.0 0.6134472023107863 0.0 0.10357283376395186 0.10357283376395188 0.10357283376395188 0.10357283376395188 1.5524735588948966 0.0 -5.60214649566781e-06 0.0037426988862132864 0.0 0.0
0.0 -0.004518075674901636 0.0 0.6034731028402998 0.0 0.10350483538143428 0.10350483538143411 0.10350483538143417 0.10350483537892904 1.5524735588948966 0.0 -5.602146495798783e-06 0.003742698886213284 0.0 0.0
0.0 -0.004724985817790931 0.0 0.5935029464456012 0.0 0.10304027399374355 0.1030402739937436 0.1030402739443327 0.10304027394433185 1.5524735588948966 0.0 -5.602146495848807e-06 0.003742698886213284 0.0 0.0
0.0 -0.004903531318665336 0.0 0.5837247008953181 0.0 0.10225196353672578 0.10225196353680312 0.10225196353672578 0.10225196353680314 1.5524735588948966 0.0 -5.602146495830109e-06 0.0037426988862132838 0.0 0.0
0.0 -0.005057939411429483 0.0 0.574207183427376 0.0 0.1012202784396827 0.10122027843968272 0.1012202784396845 0.1012202784396845 1.5524735588948966 0.0 -5.602146495786103e-06 0.003742698886213283 0.0 0.0
0.0 -0.0051949125595716706 0.0 0.564923149835851 0.0 0.10002768943271312 0.10002768943268964 0.1000276894326896 0.10002768943296456 1.5524735588948966 0.0 -5.60214649575262e-06 0.003742698886213281 0.0 0.0
0.0 -0.005322841386062649 0.0 0.5557713532885272 0.0 0.09875529842009254 0.09875529842028433 0.09875529842010955 0.09875529842010955 1.5524735588948968 0.0 -5.602146495752402e-06 0.0037426988862132803 0.0 0.0
0.0 -0.005450727740248344 0.0 0.5466205607774824 0.0 0.09748265897451075 0.09748265897451078 0.09748265897451078 0.09748265896990337 1.5524735588948968 0.0 -5.6021464957984445e-06 0.00374269888621328 0.0 0.0
0.0 -0.005587706530540951 0.0 0.5373355306448291 0.0 0.0962898183251836 0.09628981832518359 0.09628981832518335 0.09628981832515886 1.5524735588948966 0.0 -5.602146495910813e-06 0.0037426988862132807 0.0 0.0
0.0 -0.005742011263616914 0.0 0.5278200249970222 0.0 0.09525738631920913 0.0952573863192112 0.09525738631920914 0.09525738633048428 1.5524735588948966 0.0 -5.602146496111929e-06 0.003742698886213282 0.0 0.0
0.0 -0.005920416574647905 0.0 0.5180437987620238 0.0 0.09446782890818703 0.09446782890826959 0.09446782890826959 0.09446782890827249 1.5524735588948966 0.0 -5.602146496413939e-06 0.0037426988862132838 0.0 0.0
0.0 -0.00612725305722739 0.0 0.5080736573576258 0.0 0.0940022673456058 0.09400226734560585 0.09400226734560582 0.09400226734560581 1.5524735588948966 0.0 -5.602146496763047e-06 0.003742698886213284 0.0 0.0
0.0 -0.006363192492964259 0.0 0.49809958412016175 0.0 0.09393251895591906 0.09393251895591903 0.09393251844094533 0.09393251844094536 1.5524735588948966 0.0 -5.602146496972906e-06 0.003742698886213284 0.0 0.0
0.0 -0.006624592039470986 0.0 0.488436864551878 0.0 0.0943128477960142 0.09431284779601108 0.09431284779601422 0.09431284779601252 1.5524735588948966 0.0 -5.602146496801063e-06 0.0037426988862132855 0.0 0.0
0.0 -0.006902751672760799 0.0 0.4795142927206495 0.0 0.09516594587874766 0.09516594587874767 0.09516594587501893 0.0951659458787476 1.5524735588948944 0.0 -5.602146496230056e-06 0.003742698886213307 0.0 0.0
0.0 -0.007184319558157051 0.0 0.4718253145115658 0.0 0.09647235043747615 0.09647235043747615 0.09647235043747615 0.09647235042974224 1.5524735588948193 0.0 -5.602146495452089e-06 0.0037426988862133592 0.0 0.0
0.0 -0.00745215748573621 0.0 0.4658661371447459 0.0 0.09816184450824293 0.09816184450824296 0.09816184450824295 0.09816184451603023 1.5524735588941203 0.0 -5.602146493319093e-06 0.003742698886213354 0.0 0.0
0.0 -0.007687718382316802 0.0 0.46204068301048384 0.0 0.10011455454327259 0.10011455454327257 0.10011455454329415 0.10011455454327259 1.552473558891404 0.0 -5.602146486026496e-06 0.0037426988862132296 0.0 0.0
0.0 -0.007873744323296222 0.0 0.4605804091747505 0.0 0.10217132368207778 0.10217132368207779 0.1021713236820778 0.10217132368206881 1.5524735588867538 0.0 -5.6021464736211145e-06 0.003742698886213088 0.0 0.0
0.0 -0.007997413949540958 0.0 0.461478966322099 0.0 0.10415511079926562 0.10415511079926563 0.10415511079926563 0.10415511079926563 1.5524735588849083 0.0 -5.602146468697851e-06 0.0037426988862130513 0.0 0.0
0.0 -0.008052714721940867 0.0 0.4644728035222486 0.0 0.10589696393602285 0.10589696393602287 0.10589696393602287 0.10589696393600495 1.5524735588889649 0.0 -5.602146479534769e-06 0.003742698886213147 0.0 0.0
0.0 -0.008041700236231027 0.0 0.4690757511113073 0.0 0.10726458071069478 0.10726458071066862 0.1072645807177405 0.10726458071069479 1.5524735588934877 0.0 -5.6021464916096175e-06 0.003742698886213237 0.0 0.0
0.0 -0.007973881599584409 0.0 0.47465976573039836 0.0 0.10818062997481963 0.10818062997481963 0.10818062997481963 0.10818062997473006 1.5524735277313946 0.0 -5.601536591221236e-06 0.0037426988256000606 0.0 0.0
0.0 -0.007864333395583008 0.0 0.48056582726954705 0.0 0.10863348222191815 0.10863348222185558 0.10863348222191815 0.10863348222183362 1.5524735567574557 0.0 -5.60146702550736e-06 0.0037426988686262864 0.0 0.0
0.0 -0.0077427534122532175 0.0 0.4858283289910164 0.0 0.1087099345103614 0.1087099345103614 0.1087099345103614 0.1087099345103614 1.5524735588929641 0.0 -5.60170923986109e-06 0.0037426988858114915 0.0 0.0
0.0 -0.007623761333650504 0.0 0.4905687173235201 0.0 0.10864952184546128 0.10864952184546127 0.10864952184546128 0.10864952184546128 1.5524735588948997 0.0 -5.601850755563959e-06 0.0037426988862580496 0.0 0.0
0.0 -0.007501591313401795 0.0 0.49539933640832273 0.0 0.10857550142003439 0.10857550142037498 0.10857550142041038 0.10857550142041039 1.552473558894905 0.0 -5.60182014411623e-06 0.0037426988862830296 0.0 0.0
0.0 -0.007381440051983502 0.0 0.5001787799105653 0.0 0.10851215086285622 0.10851215086285622 0.10851215086285623 0.1085121507574045 1.5524735588949006 0.0 -5.601826205424665e-06 0.0037426988862640375 0.0 0.0
0.0 -0.007263205686816406 0.0 0.5049120452291864 0.0 0.10845972814934306 0.10845972814934304 0.10845972814934303 0.10845972814934304 1.5524735588948981 0.0 -5.601830991500147e-06 0.003742698886248086 0.0 0.0
0.0 -0.007146780704586314 0.0 0.5096051265991807 0.0 0.1084187429825171 0.1084187429825171 0.10841874311389023 0.10841874314254049 1.5524735588948972 0.0 -5.601834249533033e-06 0.0037426988862346525 0.0 0.0
0.0 -0.007032039177114259 0.0 0.5142640220048995 0.0 0.1083894552140982 0.1083894552140982 0.10838945521347924 0.1083894552132758 1.5524735588948972 0.0 -5.601835977019468e-06 0.0037426988862244923 0.0 0.0
0.0 -0.006918910421304008 0.0 0.5188947181890837 0.0 0.10837287448795908 0.10837287448795904 0.10837287448795914 0.10837287412246024 1.5524735588948975 0.0 -5.601836160315061e-06 0.0037426988862171904 0.0 0.0
0.0 -0.006807231678715357 0.0 0.5235032206303333 0.0 0.10836876018723647 0.10836876018723653 0.10836876018723654 0.10836876018723653 1.552473558894898 0.0 -5.601834757525544e-06 0.0037426988862137023 0.0 0.0
0.0 -0.006696974738532864 0.0 0.5280945120363562 0.0 0.10837837080027406 0.10837837080027404 0.10837837080039536 0.10837837076801621 1.552473558894896 0.0 -5.601831995771437e-06 0.0037426988862097315 0.0 0.0
0.0 -0.006588019314697201 0.0 0.5326735938501445 0.0 0.10840171422916868 0.10840171422916871 0.1084017142291687 0.1084017142291687 1.5524735588948724 0.0 -5.601827806819865e-06 0.003742698886185557 0.0 0.0
0.0 -0.006480252251963225 0.0 0.5372474568449028 0.0 0.10843955183500094 0.10843955183500092 0.10843955183664998 0.1084395518366557 1.5524735588947665 0.0 -5.601821551138957e-06 0.003742698886135739 0.0 0.0
0.0 -0.0063736269244353124 0.0 0.5418210874772853 0.0 0.10849289178070276 0.10849289178070275 0.10849289178070276 0.10849289178070276 1.552473558894429 0.0 -5.601813671865887e-06 0.0037426988860537764 0.0 0.0
0.0 -0.006268102348198966 0.0 0.5463984756608686 0.0 0.10856249059038996 0.10856249059038997 0.10856249059038996 0.10856249059038997 1.552473558893587 0.0 -5.6018043432832636e-06 0.00374269888593469 0.0 0.0
0.0 -0.006163589425272973 0.0 0.5509856118793177 0.0 0.10864910799624676 0.10864910799597381 0.10864910799597381 0.10864910800540181 1.552473558891786 0.0 -5.601792832755652e-06 0.0037426988857713985 0.0 0.0
0.0 -0.006060041529683045 0.0 0.5555874825867801 0.0 0.10875375217206813 0.10875375217206813 0.10875375217206813 0.10875375217206813 1.5524735588882568 0.0 -5.601779255896948e-06 0.00374269888555262 0.0 0.0
0.0 -0.00595828639985624 0.0 0.5601650991200553 0.0 0.10887486034648257 0.10887486034648255 0.10887486034639478 0.10887486034648255 1.5524735588828689 0.0 -5.601777749804255e-06 0.0037426988853228207 0.0 0.0
0.0 -0.005858353111472128 0.0 0.5646905845358565 0.0 0.10900363630941284 0.10900363630941284 0.10900363630934737 0.10900363630941284 1.5524735588792813 0.0 -5.601785211618117e-06 0.003742698885213833 0.0 0.0
0.0 -0.00575921935553546 0.0 0.5691820638388477 0.0 0.1091321077217065 0.1091321077217065 0.10913210772164227 0.10913210771851005 1.5524735588791425 0.0 -5.601786986633213e-06 0.0037426988852189715 0.0 0.0
0.0 -0.005659820347242761 0.0 0.5736586661810997 0.0 0.1092520538029675 0.10925205380296717 0.10925205380295275 0.10925205380688915 1.5524735588826837 0.0 -5.60178266737476e-06 0.0037426988853408853 0.0 0.0
0.0 -0.005559152188824708 0.0 0.5781385129341001 0.0 0.10935575224918408 0.10935575224918406 0.10935575224918406 0.10935575224932502 1.5524735588879197 0.0 -5.601772257786179e-06 0.0037426988855531053 0.0 0.0
0.0 -0.005456174152406572 0.0 0.5826397329600532 0.0 0.10943498066838506 0.10943498066838506 0.10943498066838506 0.10943498067911678 1.5524735588924414 0.0 -5.601755195689408e-06 0.0037426988858222285 0.0 0.0
0.0 -0.005349928965775309 0.0 0.587175461185059 0.0 0.10948100859215754 0.10948100859215754 0.10948100859215755 0.10948100859215754 1.5524735588945853 0.0 -5.6017324619767145e-06 0.003742698886081357 0.0 0.0
0.0 -0.005239428169629 0.0 0.59175784347787 0.0 0.10948435513192298 0.10948435513192298 0.10948435513192295 0.10948434989533831 1.5524735588948984 0.0 -5.601703620623271e-06 0.0037426988862132066 0.0 0.0
0.0 -0.005123724287850558 0.0 0.5963950358041264 0.0 0.10943477763234731 0.10943477763234727 0.1094347776632164 0.1094347776632164 1.552473558894898 0.0 -5.601669356902517e-06 0.0037426988862481487 0.0 0.0
0.0 -0.005001909339113393 0.0 0.6010882183535424 0.0 0.10932027986269906 0.10932027986269906 0.10932027986244959 0.10932027985606531 1.5524735588949565 0.0 -5.601631907344124e-06 0.0037426988863991247 0.0 0.0
0.0 -0.0048731997812301465 0.0 0.6058295874681933 0.0 0.1091275956357067 0.10912759563569778 0.10912759563569778 0.10912759563569778 1.5524735588954426 0.0 -5.6015951255011215e-06 0.0037426988867499855 0.0 0.0
0.0 -0.004736894039777557 0.0 0.6106033596696598 0.0 0.10884194709235089 0.10884194709235089 0.10884194709235089 0.10884194709235502 1.5524735588976415 0.0 -5.601563353973776e-06 0.003742698887414961 0.0 0.0
0.0 -0.0045923987608995865 0.0 0.6154753513196102 0.0 0.1084769421073663 0.10847694210730081 0.10847694210730081 0.1084769420898871 1.5524735589023397 0.0 -5.601495239583475e-06 0.003742698888275629 0.0 0.0
0.0 -0.004448006293393257 0.0 0.6206150818776476 0.0 0.10820163190528967 0.10820163190528966 0.10820163190506728 0.10820163193475231 1.552473558897289 0.0 -5.601316092472107e-06 0.003742698887541162 0.0 0.0
0.0 -0.004323972495150724 0.0 0.6259308356827883 0.0 0.10826216258595855 0.10826216258595857 0.10826216258584229 0.10826216258584229 1.5524735588941203 0.0 -5.601167146582666e-06 0.0037426988858927793 0.0 0.0
0.0 -0.004255748469269488 0.0 0.6306091334163759 0.0 0.10887400390151833 0.10887400390151773 0.10887400390151773 0.10887400390144057 1.5524735517136525 0.0 -5.601518244120284e-06 0.0037426988596054476 0.0 0.0
0.0 -0.004274464015389195 0.0 0.6332749736052252 0.0 0.11000848915410691 0.1100084891541069 0.11000848915410691 0.11000848915410691 1.552473558894097 0.0 -5.602146493233714e-06 0.003742698886213266 0.0 0.0
0.0 -0.0043621764047488305 0.0 0.6336662301179126 0.0 0.11133434811223414 0.11133434811223598 0.11133434811223658 0.11133434811223597 1.5524735588908432 0.0 -5.602146484544052e-06 0.003742698886213211 0.0 0.0
0.0 -0.004486571527998443 0.0 0.6324613743819277 0.0 0.11263439431016659 0.1126343943101666 0.1126343943101666 0.1126343943101666 1.5524735588893033 0.0 -5.602146480431233e-06 0.003742698886213186 0.0 0.0
0.0 -0.004624050899059845 0.0 0.630534186844706 0.0 0.11387477231979498 0.11387477231979498 0.1138747723229864 0.1138747723229864 1.552473558888534 0.0 -5.602146478376305e-06 0.003742698886213176 0.0 0.0
0.0 -0.004761151235492455 0.0 0.628573233083819 0.0 0.11509884335646746 0.11509884335646745 0.11509884335323159 0.11509884335647955 1.5524735588853333 0.0 -5.602146469828454e-06 0.003742698886213135 0.0 0.0
0.0 -0.004895736846765441 0.0 0.6267153165545937 0.0 0.11632257947304411 0.1163225794730441 0.11632257946998198 0.11632257947305558 1.5524735588784433 0.0 -5.602146451428025e-06 0.003742698886213039 0.0 0.0
0.0 -0.005028251182789798 0.0 0.6249633331910066 0.0 0.11755298653021393 0.11755298653021391 0.11755298653022332 0.11755298653021254 1.5524735588638978 0.0 -5.602146412584782e-06 0.0037426988862128393 0.0 0.0
0.0 -0.005159120765949253 0.0 0.6233231685502375 0.0 0.1187978252962623 0.1187978252962623 0.11879782529624401 0.11879782529892378 1.5524735588299017 0.0 -5.6021463217969275e-06 0.003742698886212424 0.0 0.0
0.0 -0.005288663113409636 0.0 0.6218037165501972 0.0 0.12006436122957312 0.12006436122957312 0.12006436122957309 0.12006436122957312 1.55247355874144 0.0 -5.602146085555966e-06 0.0037426988862113804 0.0 0.0
0.0 -0.005417075444156247 0.0 0.6204188725506109 0.0 0.1213598676371429 0.12135986763714289 0.12135986763714289 0.12135986763493299 1.5524735584784677 0.0 -5.602145383270328e-06 0.0037426988862084873 0.0 0.0
0.0 -0.005544172061434643 0.0 0.6191656881430238 0.0 0.12268083839192429 0.12268083839192429 0.12268083839192429 0.1226808383919243 1.5524735576388187 0.0 -5.602143140876091e-06 0.0037426988861999425 0.0 0.0
0.0 -0.005671495636436604 0.0 0.6179373422697877 0.0 0.12401309695019368 0.12401309695019366 0.1240130969483427 0.12401309695019826 1.5524735547644966 0.0 -5.602135464074337e-06 0.0037426988861731787 0.0 0.0
0.0 -0.0058019596215264785 0.0 0.6165829373450488 0.0 0.12534663596895776 0.12534663596895776 0.12534663596895776 0.12534663596701695 1.5524735428398024 0.0 -5.602103612124007e-06 0.003742698886072181 0.0 0.0
0.0 -0.005938367438997889 0.0 0.6149506009699018 0.0 0.12666962517417787 0.12666962517417785 0.1266696251741779 0.1266696251741779 1.5524734785507357 0.0 -5.601931854673382e-06 0.003742698885579682 0.0 0.0
0.0 -0.0060829146796837685 0.0 0.6128895624390678 0.0 0.12796230299012237 0.12796230299012237 0.12796230299012237 0.12796230299244105 1.552472970329521 0.0 -5.600573419389087e-06 0.0037426988820935974 0.0 0.0
0.0 -0.00623705078145003 0.0 0.6102632270973934 0.0 0.12919940604010355 0.1291994060400833 0.1291994060400833 0.12919940604011054 1.552473402633815 0.0 -5.601729093808769e-06 0.003742698885252519 0.0 0.0
0.0 -0.006375644476601562 0.0 0.6069525044116657 0.0 0.1299986436310364 0.1299986436310364 0.1299986436310364 0.12999864363103625 1.5522999117075154 0.0 -5.135528354292808e-06 0.003742697953831574 0.0 0.0
0.0 -0.0064738553895984634 0.0 0.6028919341355421 0.0 0.129999999998194 0.129999999998194 0.129999999998194 0.12999999999819398 1.5517966309310756 0.0 -3.7530207476642283e-06 0.0037426945030307086 0.0 0.0
0.0 -0.00658951201109518 0.0 0.5981037161017652 0.0 0.12999999999999998 0.12999999999999998 0.12999999999999998 0.12999999999999998 1.5514042404105004 0.0 -2.6428230345764286e-06 0.003742694477809739 0.0 0.0
0.0 -0.006719689197098572 0.0 0.5927148615615653 0.0 0.12999999999999998 0.12999999999999998 0.12999999999999998 0.12999999999999998 1.5511621560432842 0.0 -1.943991837154645e-06 0.0037426939378229157 0.0 0.0
0.0 -0.006857883401088257 0.0 0.5869960277975976 0.0 0.12999999999999998 0.12999999999999998 0.12999999999999998 0.12999999999999998 1.5511015746045103 0.0 -1.7675092404975659e-06 0.0037426938302375186 0.0 0.0
0.0 -0.006995425973607253 0.0 0.5813062365187335 0.0 0.12999999999999998 0.12999999999999998 0.12999999999999998 0.12999999999999998 1.5512206694348283 0.0 -2.113854148095789e-06 0.0037426940515962958 0.0 0.0
0.0 -0.007125042420994886 0.0 0.5759456549121215 0.0 0.12999999999999998 0.12999999999999998 0.12999999999999998 0.12999999999999998 1.5515010587791533 0.0 -2.919291412830011e-06 0.0037426947410178226 0.0 0.0
0.0 -0.007241479532098232 0.0 0.5711301093948851 0.0 0.12999999999999998 0.12999999999999998 0.12999999999999998 0.12999999999999998 1.5519181718548003 0.0 -4.0910267517026355e-06 0.0037426961919337135 0.0 0.0
0.0 -0.0073415365128530925 0.0 0.5669902676174473 0.0 0.12999999999999998 0.12999999999999998 0.12999999999999998 0.12999999999999998 1.552444825255493 0.0 -5.525340272568847e-06 0.0037426987263088404 0.0 0.0
0.0 -0.007340715944663105 0.0 0.5635726965759177 0.0 0.12886181807673366 0.1288618180767338 0.12886181807673364 0.12886181807870858 1.552473559309181 0.0 -5.602249093080067e-06 0.0037426988791604927 0.0 0.0
0.0 -0.007309552125966906 0.0 0.5608835141014179 0.0 0.1275497790657931 0.1275497790657931 0.1275497790657931 0.1275497790657931 1.5524735596427726 0.0 -5.602188266201998e-06 0.0037426988803000005 0.0 0.0
0.0 -0.007256057241965235 0.0 0.55887673896946 0.0 0.12615806967842438 0.12615806967842438 0.12615806967842436 0.12615806967843657 1.5524735598708723 0.0 -5.602161715086446e-06 0.003742698882417338 0.0 0.0
0.0 -0.007184334505453132 0.0 0.5574709091991268 0.0 0.12471581456717944 0.12471581456717945 0.12471581456717944 0.12471581456717946 1.552473560058105 0.0 -5.6021527344206545e-06 0.0037426988841382696 0.0 0.0
0.0 -0.007098384621775124 0.0 0.5565636804608591 0.0 0.12324385333281566 0.12324385333281566 0.12324385333281566 0.12324385333281293 1.5524735602012159 0.0 -5.602150563373777e-06 0.003742698885243751 0.0 0.0
0.0 -0.0070019148320217516 0.0 0.5560428142653273 0.0 0.12175575847001475 0.12175575847001473 0.12175575847001796 0.12175575846915933 1.5524735603089432 0.0 -5.602150347209198e-06 0.003742698885811506 0.0 0.0
0.0 -0.006898455045320925 0.0 0.5557851589154895 0.0 0.12025908393976213 0.12025908393976212 0.12025908393976191 0.12025908393933615 1.5524735603955235 0.0 -5.602150509952367e-06 0.00374269888602774 0.0 0.0
0.0 -0.006791275870554061 0.0 0.555664629312609 0.0 0.1187568782139431 0.1187568782139431 0.1187568782139431 0.1187568782139431 1.5524735604752438 0.0 -5.602150715599568e-06 0.003742698886079635 0.0 0.0
0.0 -0.006683609596412187 0.0 0.5555521619804858 0.0 0.11725068470946798 0.11725068470946798 0.11725068470946798 0.1172506847094693 1.552473560553143 0.0 -5.602150923387001e-06 0.003742698886077215 0.0 0.0
0.0 -0.0065786813805797885 0.0 0.5553167041084122 0.0 0.11574129351869214 0.11574129351869214 0.11574129351869214 0.11574129351869196 1.552473560632009 0.0 -5.602151139558518e-06 0.0037426988860237947 0.0 0.0
0.0 -0.006479924586153756 0.0 0.5548261651218972 0.0 0.11423199347744525 0.11423199347744527 0.11423199347744527 0.11423199347744527 1.5524735606997189 0.0 -5.602151378166406e-06 0.0037426988857992057 0.0 0.0
0.0 -0.006391115331074768 0.0 0.5539463939091386 0.0 0.11273007080129799 0.11273007080129797 0.11273007080129276 0.11273007080129796 1.552473560734981 0.0 -5.602151939230942e-06 0.003742698885153111 0.0 0.0
0.0 -0.0063163641789137255 0.0 0.5525491436649873 0.0 0.11124932228107312 0.11124932228107313 0.11124932228107313 0.11124932228107313 1.5524735607031097 0.0 -5.602154487378085e-06 0.0037426988837604993 0.0 0.0
0.0 -0.00622902299871224 0.0 0.5515725205659382 0.0 0.10973549270215277 0.10973549270215278 0.10973549270215277 0.10973549270215277 1.5524735609497495 0.0 -5.602152783654961e-06 0.0037426988848707414 0.0 0.0
0.0 -0.006060041554065934 0.0 0.5555874837929232 0.0 0.10875375293427676 0.10875375293427678 0.10875375293427678 0.10875375293291718 1.5524735592770433 0.0 -5.601933308608419e-06 0.0037426988950894505 0.0 0.0
0.0 -0.006055030450079671 0.0 0.5590813389867846 0.0 0.10983754166425844 0.10983754166425845 0.10983754166425845 0.10983754165889 1.552473558894363 0.0 -5.602146493943689e-06 0.00374269888621327 0.0 0.0
0.0 -0.006196077766811624 0.0 0.5575505871269505 0.0 0.11125733644707828 0.1112573364470783 0.11125733644707828 0.11125733644452117 1.552473558888304 0.0 -5.602146477761913e-06 0.003742698886213165 0.0 0.0
0.0 -0.006343470570167486 0.0 0.5555228382499593 0.0 0.11259982113520521 0.11259982113520521 0.11259982113520527 0.1125998211318778 1.552473558887877 0.0 -5.602146476620067e-06 0.0037426988862131584 0.0 0.0
0.0 -0.006484506383202148 0.0 0.5538089364338695 0.0 0.11395906177599266 0.11395906177599267 0.11395906177599267 0.11395906177598249 1.552473558881965 0.0 -5.602146460832491e-06 0.0037426988862130704 0.0 0.0
0.0 -0.006620289725160007 0.0 0.5523340024336602 0.0 0.11532543667238902 0.11532543667238902 0.11532543667483185 0.11532543667483185 1.5524735588712837 0.0 -5.602146432308897e-06 0.0037426988862129178 0.0 0.0
0.0 -0.00675197056412071 0.0 0.551028124719543 0.0 0.1166915824755102 0.11669158247551022 0.11669158247766435 0.11669158247767031 1.5524735588513625 0.0 -5.6021463791100456e-06 0.003742698886212651 0.0 0.0
0.0 -0.006880973604879391 0.0 0.5498183496721927 0.0 0.11805288142734399 0.11805288142734166 0.11805288142734166 0.11805288142734166 1.5524735588120078 0.0 -5.60214627401331e-06 0.003742698886212148 0.0 0.0
0.0 -0.007008632963700169 0.0 0.5486347282857235 0.0 0.11940447051681162 0.11940447051681885 0.11940447051681882 0.11940447051681882 1.5524735587305685 0.0 -5.602146056530158e-06 0.0037426988862111726 0.0 0.0
0.0 -0.0071362785982616705 0.0 0.5474112939703566 0.0 0.12074274326832941 0.12074274326832944 0.12074274327029877 0.12074274327029352 1.5524735585489373 0.0 -5.6021455714744676e-06 0.003742698886209145 0.0 0.0
0.0 -0.007265107393040052 0.0 0.5460860887844008 0.0 0.12206359935387856 0.12206359935387856 0.12206359935387856 0.12206359935387244 1.5524735581099158 0.0 -5.6021443989841e-06 0.00374269888620464 0.0 0.0
0.0 -0.00739621282725652 0.0 0.5445991665995539 0.0 0.12336219090771618 0.12336219090771615 0.12336219090771615 0.12336219090544619 1.5524735569364174 0.0 -5.60214126491522e-06 0.003742698886193411 0.0 0.0
0.0 -0.007530385264477907 0.0 0.5428986060577417 0.0 0.12463218037320978 0.12463218037320978 0.12463218037320978 0.1246321803731999 1.5524735533792948 0.0 -5.602131764378894e-06 0.003742698886162151 0.0 0.0
0.0 -0.007668255720250462 0.0 0.5409345087556022 0.0 0.12586572298265664 0.12586572298265664 0.12586572298265664 0.12586572297989052 1.5524735405820398 0.0 -5.602097581511271e-06 0.003742698886058878 0.0 0.0
0.0 -0.007810081448711478 0.0 0.5386670047831953 0.0 0.1270531810040648 0.12705318100406485 0.12705318100409269 0.12705318100410362 1.5524734816899974 0.0 -5.6019402497156525e-06 0.003742698885624829 0.0 0.0
0.0 -0.007955767499468242 0.0 0.5360632508963745 0.0 0.12818242755119832 0.12818242755119832 0.12818242755119832 0.12818242755119832 1.5524730844180126 0.0 -5.600878506801702e-06 0.003742698882964535 0.0 0.0
0.0 -0.0081050287667067 0.0 0.5331014630070882 0.0 0.12924239140689134 0.12924239140689142 0.12924239140689134 0.12924239140466973 1.5524734806782094 0.0 -5.601937584890895e-06 0.0037426988857346614 0.0 0.0
0.0 -0.008240717075386128 0.0 0.5297714972316813 0.0 0.12999566139954047 0.12999566139954047 0.12999566139953997 0.12999566139950644 1.5523612034302765 0.0 -5.300802323698613e-06 0.003742698273403407 0.0 0.0
0.0 -0.008330432104589882 0.0 0.5260720614371711 0.0 0.12999999997816386 0.12999999997816386 0.12999999997816386 0.12999999997816386 1.551918922496901 0.0 -4.093272191739762e-06 0.003742695251754471 0.0 0.0
0.0 -0.008427984030696117 0.0 0.5220335562943175 0.0 0.12999999999999998 0.12999999999999998 0.12999999999999998 0.12999999999999998 1.5515360078741147 0.0 -3.018691672831176e-06 0.0037426948448677174 0.0 0.0
0.0 -0.008532780629405988 0.0 0.517694495449074 0.0 0.12999999999999998 0.12999999999999998 0.12999999999999998 0.12999999999999998 1.5512235849776708 0.0 -2.1223226716317495e-06 0.003742694058306088 0.0 0.0
0.0 -0.008641398147893558 0.0 0.5131973754084989 0.0 0.12999999999999998 0.12999999999999998 0.12999999999999998 0.12999999999999998 1.5509906047782984 0.0 -1.4423360499457383e-06 0.0037426936626036556 0.0 0.0
0.0 -0.008750570835375266 0.0 0.5086777860318148 0.0 0.12999999999999998 0.12999999999999998 0.12999999999999998 0.12999999999999998 1.550828016042264 0.0 -9.620045422652187e-07 0.0037426934850751034 0.0 0.0
0.0 -0.008860030675480841 0.0 0.5041469289895577 0.0 0.12999999999999998 0.12999999999999998 0.12999999999999998 0.12999999999999998 1.5507198446734547 0.0 -6.39729320234366e-07 0.0037426934125952384 0.0 0.0
0.0 -0.00897034816503202 0.0 0.49958118202582635 0.0 0.12999999999999998 0.12999999999999998 0.12999999999999998 0.12999999999999998 1.5506538489630743 0.0 -4.421616767907435e-07 0.0037426933863910442 0.0 0.0
0.0 -0.009082597633203928 0.0 0.49493600014608075 0.0 0.12999999999999998 0.12999999999999998 0.12999999999999998 0.12999999999999998 1.5506194647071005 0.0 -3.388086789294704e-07 0.003742693378197758 0.0 0.0
0.0 -0.009198141021895395 0.0 0.49015490565001824 0.0 0.12999999999999998 0.12999999999999998 0.12999999999999998 0.12999999999999998 1.5506075425527301 0.0 -3.029139748735361e-07 0.0037426933761694147 0.0 0.0
0.0 -0.009318218668787546 0.0 0.4851864284724317 0.0 0.12999999999999998 0.12999999999999998 0.12999999999999998 0.12999999999999998 1.550609056565614 0.0 -3.0752950454390765e-07 0.0037426933762973783 0.0 0.0
0.0 -0.009439887777488738 0.0 0.48015219040548457 0.0 0.12999999999999998 0.12999999999999998 0.12999999999999998 0.12999999999999998 1.5506157331264336 0.0 -3.275883092079455e-07 0.003742693377275057 0.0 0.0
0.0 -0.009560760435697674 0.0 0.4751508777608481 0.0 0.12999999999999998 0.12999999999999998 0.12999999999999998 0.12999999999999998 1.5506207223906456 0.0 -3.425887925785495e-07 0.0037426933781728585 0.0 0.0
