1710235075.748281
1710235076.562388
1710235077.3636847
1710235078.1715715
1710235078.9757442
1710235079.7807183
1710235080.5922894
1710235081.4232736
1710235082.2316482
1710235083.0328224
1710235083.8396037
1710235084.6392581
1710235085.4573598
1710235086.276027
1710235087.0877986
1710235087.895395
1710235088.6882215
1710235089.4951978
1710235090.3160253
1710235091.1311533
1710235091.9540987
1710235092.7673793
1710235093.5635264
1710235094.354318
1710235095.1932602
1710235096.0004177
1710235096.8108666
1710235097.6099026
1710235098.4118123
1710235099.2148185
1710235100.0225384
1710235100.8290982
1710235101.6415496
1710235102.4496472
1710235103.2773044
1710235104.1082256
1710235104.911933
1710235105.755968
1710235106.57247
1710235107.396895
1710235108.2167246
1710235109.013854
1710235109.813849
1710235110.6157916
1710235111.4339764
1710235112.2258637
1710235113.0255966
1710235113.831746
1710235114.6323855
1710235115.440881
1710235116.2394829
1710235117.0434592
1710235117.8405845
1710235118.640063
1710235119.459259
1710235120.2611392
1710235121.06986
1710235121.8966687
1710235122.7066243
1710235123.528266
1710235124.3364918
1710235125.135476
1710235125.9363124
1710235126.7362297
1710235127.540461
1710235128.3474653
1710235129.1434565
1710235129.9527378
1710235130.7633405
1710235131.5753584
1710235132.380806
1710235133.180996
1710235134.0043144
1710235134.8064365
1710235135.610351
1710235136.4099426
1710235137.2129276
1710235138.0214293
1710235138.8183503
1710235139.6280966
1710235140.439783
1710235141.2483659
1710235142.049274
1710235142.8460176
1710235143.6580846
1710235144.4654322
1710235145.2691715
1710235146.0875576
1710235146.9044566
1710235147.7330835
1710235148.5475826
1710235149.3632946
1710235150.1540363
1710235150.9644797
1710235151.7542598
1710235152.5641851
1710235153.3819077
1710235154.202457
1710235155.0011623
1710235155.8039608
1710235156.6124098
1710235157.409016
1710235158.2200987
1710235159.0303164
1710235159.8369308
1710235160.6572204
1710235161.4666698
1710235162.2666972
1710235163.0675998
1710235163.8730457
1710235164.7144759
1710235165.5139084
1710235166.315304
1710235167.1134174
1710235167.916475
1710235168.723594
1710235169.5138366
1710235170.313201
1710235171.1257794
1710235171.952597
1710235172.7834225
1710235173.5813506
1710235174.3901258
1710235175.212634
1710235176.010367
1710235176.8105547
1710235177.6289375
1710235178.4479241
1710235179.2716284
1710235180.0691223
1710235180.867182
1710235181.6800325
1710235182.5066545
1710235183.317695
1710235184.1273208
1710235184.9344082
1710235185.7349029
1710235186.5447283
1710235187.3528132
1710235188.1518476
1710235188.9613855
1710235189.7743006
1710235190.593412
1710235191.4128566
1710235192.2132404
1710235193.0299327
1710235193.8339367
1710235194.642937
1710235195.4626646
1710235196.273481
1710235197.062699
1710235197.85917
1710235198.6790426
1710235199.5366862
1710235200.3381882
1710235201.1478384
1710235201.9583127
1710235202.75568
1710235203.5560193
1710235204.3693922
1710235205.1742988
1710235205.9883075
1710235206.784003
1710235207.5850785
1710235208.3927252
1710235209.1956198
1710235209.9964068
1710235210.802234
1710235211.6343615
1710235212.4344864
1710235213.2303097
1710235214.0426197
1710235214.861791
1710235215.6771345
1710235216.489474
1710235217.2977633
1710235218.0956767
1710235218.896777
1710235219.6955876
1710235220.4943926
1710235221.293267
1710235222.1044686
1710235222.932567
1710235223.7514188
1710235224.5499272
1710235225.3395262
1710235226.1388874
1710235226.9422932
1710235227.778549
1710235228.5767848
1710235229.3785243
1710235230.1770973
1710235230.9859953
1710235231.7850323
1710235232.5782855
1710235233.3825085
1710235234.200358
1710235235.0029259
1710235235.8115003
1710235236.6196985
1710235237.429181
1710235238.2390053
1710235239.047005
1710235239.8384051
1710235240.648598
1710235241.4503787
1710235242.2656283
1710235243.0758102
1710235243.9048119
1710235244.72232
1710235245.5311947
1710235246.322602
1710235247.1308322
1710235247.949563
1710235248.749823
1710235249.5580525
1710235250.3663754
1710235251.179492
1710235251.997742
1710235252.7948043
1710235253.5942805
1710235254.403206
1710235255.2134259
1710235256.026297
1710235256.8332748
1710235257.6236567
1710235258.415908
1710235259.2203722
1710235260.0406437
1710235260.8674781
1710235261.6770115
1710235262.4895473
1710235263.305747
1710235264.1241438
1710235264.9366033
1710235265.7435493
1710235266.5434387
1710235267.3563762
1710235268.1504962
1710235268.955937
1710235269.7719152
1710235270.5794814
1710235271.36792
1710235272.178594
1710235272.9958644
1710235273.796774
1710235274.595403
1710235275.4147632
1710235276.2237895
1710235277.0320346
1710235277.8348327
1710235278.6419532
1710235279.4516077
1710235280.2538643
1710235281.0677636
1710235281.8812912
1710235282.681041
1710235283.499196
1710235284.3078632
1710235285.0971575
1710235285.9154527
1710235286.7261338
1710235287.525923
1710235288.336517
1710235289.136789
1710235289.9545298
1710235290.760396
1710235291.5523612
1710235292.362231
1710235293.175256
1710235293.9895163
1710235294.8071024
1710235295.606636
1710235296.4173868
1710235297.2264833
1710235298.0383224
1710235298.8328915
1710235299.6340399
1710235300.443103
1710235301.2532454
1710235302.050526
1710235302.85328
1710235303.6650858
1710235304.4803452
1710235305.278418
1710235306.0791636
1710235306.8871813
1710235307.6801376
1710235308.4783063
1710235309.285652
1710235310.113632
1710235310.913411
1710235311.7237031
1710235312.5129294
1710235313.3245928
1710235314.129603
1710235314.9310439
1710235315.7392983
1710235316.5484104
1710235317.3642447
1710235318.168888
1710235318.986391
1710235319.7856636
