0.003788777664238927
0.0036614320989780584
0.0036297403398517646
0.0035621174045630385
0.0035042763315079575
0.003455732150584584
0.0033336435273061877
0.0032945175252400314
0.003367766115290515
0.003355451395134332
0.0037577765962830234
0.003461799439154775
0.0035377512605914967
0.00344662942977979
0.003306448469497808
0.0031248719214264494
0.003277271585741101
0.00317848006857389
0.0029511922936839327
0.0033299730959214383
0.0027598356826371716
0.0027716518735660355
0.0024139162618004115
0.002712783290178949
0.0020593023646006446
0.002870673937280601
0.0024041587632385635
0.0028819185853494675
0.0036575296217208363
0.0029186947846600365
0.0020647198240142366
0.002956148504980188
0.0030524479071993003
0.0025434466154791832
0.0023831778442568556
0.002562800584638403
0.0028679550239247248
0.0024079353806866106
0.00276004945509631
0.003093716610365993
0.0027545446570394275
0.0027365092495339827
0.0028823432165515483
0.003236023385798574
0.002707054204374628
0.0026833652940312694
0.003171873433161369
0.003390868780674813
0.0031105138988742004
0.003132439466997534
0.0034282662831903255
0.0035890309502173536
0.0038498503994905792
0.0037012722844681784
0.0043753324799338375
0.003849013136116873
0.0037000489274329794
0.004029600064188907
0.004359756948815418
0.004051291686198594
0.004124347998572518
0.004192002716933456
0.0040245527652972585
0.004295890110455096
0.003926748727206994
0.003858070184426312
0.004194399416997949
0.0038239204266594723
0.004082066197025985
0.004026027544596583
0.004062636290708316
0.0037725599267352306
0.003653008116612765
0.00384056218596506
0.003806030316631195
0.003489701532218016
0.0033575195442663557
0.0032646610608516873
0.0033535684160635013
0.0032737880166886077
0.002980470596233901
0.0028479334357606433
0.0027228113127412542
0.00287924098149454
0.003446141791551328
0.00257112538558892
0.002882528401340068
0.0025586756716909124
0.0026068752784638135
0.0030932848172497544
0.002520673892147047
0.0028270040976123953
0.0034316547978380527
0.002842234232743372
0.0022677758781035253
0.003075278072813331
0.003104128902591522
0.0035275881637373183
0.003266838913639881
0.0028943529193859252
0.0030084625253039505
0.0032584268401314237
0.0031676679873605717
0.0039051206244918404
0.003170020632827933
0.003115674920128118
0.003782474394103818
0.003250894317192484
0.003198708321514153
0.0041787639951750555
0.0034576401475569798
0.003789477727075138
0.004197475060496858
0.004527987253470587
0.004408544204545102
0.004418227274924854
0.003999206305823855
0.004202460230556987
0.004634378025219199
0.004986727409476096
0.004845525239841029
0.00499231103022276
0.005173918075199729
0.005440578189555339
0.005302336090090604
0.005875980874209795
0.005708650393553625
0.005983715681916905
0.005763002300922973
0.005906723539122913
0.006283232273422504
0.006318828413498342
0.006625499064399727
0.006614239401646438
0.006748501097308413
0.006715909710385792
0.006589061792474102
0.00647827073185236
0.006333202845481686
0.006489934401207563
0.0061306851423229385
0.005881098246885029
0.005649617144864848
0.005784096400754703
0.005545186443259809
0.005817366989641164
0.0060255201151861015
0.005658682133619118
0.0055254129531584345
0.005310030353548348
0.005338279456979049
0.00496344718115695
0.00465939537624609
0.00478262538415137
0.0045615262406099736
0.004639632097511353
0.004320719129308144
0.0045294880392644996
0.00420552140886387
0.003910456164992014
0.004141726531669137
0.003849597757717262
0.0036991081864186245
0.003913369510781864
0.0038428932331826984
0.0035478528621486665
0.00348954256131005
0.003347028371313612
0.003323831875663404
0.003746184841518157
0.0036558696014204854
0.0034595014603497395
0.0034693223413069974
0.004623238295731179
0.00366173560081226
0.003728214173500263
0.004411294445366513
0.004455179203400518
0.005188780216014985
0.005356305595935899
0.004799843963257333
0.00510299947235968
0.0054258480400506855
0.005389945219929936
0.0055797570557282366
0.005776464371777454
0.006135117160710422
0.0059166902601715445
0.0063275633929047075
0.0063198541302774535
0.0065666775548459035
0.0070680642223853694
0.006895014496601075
0.00766384162420593
0.007520553760908384
0.007843004433340402
0.007855888245831838
0.008293811800593959
0.00830250964050071
0.008177459863720217
0.007974619787905946
0.008055235644611119
0.00790975533679182
0.007777452468859741
0.007992262997057869
0.007748498405358288
0.0077785110694203845
0.0075934406327555
0.007353076446339999
0.00717043847348714
0.0068973489934736135
0.007383833592131309
0.007173975842760089
0.006880552070598443
0.006747688184192674
0.006866538015033364
0.006527020812885922
0.006208944264198405
0.006313164183855508
0.0059320638404480675
0.0060224505808302445
0.005844224396930868
0.005934996845430526
0.006059890732582651
0.006085688914587704
0.005705986647696253
0.0058349648920392565
0.005387899263960646
0.005062702050313163
0.004910714516142062
0.0054919953683104554
0.004695862415586795
0.004675603031485372
0.004450127260479282
0.0048449706884222355
0.0046569006298925845
0.005276973251231473
0.004759557472549439
0.004853579921169877
0.005144091268032704
0.00562010968091017
0.005623186794219257
0.005430006944892108
0.0060259126814413075
0.0060004923455564355
0.005840724839646897
0.005954069330362
0.006355649569279666
0.006285495043166065
0.006591545348891931
0.00829695213303923
0.011290442228269021
0.013729867430246387
0.015411902615788278
0.015961446711310452
0.015209629281947648
0.01356648801048235
0.011012987342744321
0.008436848122455142
0.007367531301390926
0.00767918888290318
0.0073343652314675194
0.00765262895033313
0.007163965846827508
0.007237370206514062
0.006998157886225433
0.006923136643001448
0.0067230195993349005
0.006947768716466788
0.00660086631874129
0.0066517104901840035
0.006369784865311046
0.0063789496559606765
0.006261918919257159
0.0063129981683246955
0.006309958367123462
0.006649533586837076
0.006633392630270351
0.00702904781242583
0.007107336643692798
0.00694671209591986
0.007536259969633807
0.007566317364097157
0.0073976515033037996
0.007519602551452278
0.007789805886457152
0.007779579607753976
0.007803959468512974
0.008066419986863357
0.00828756184876227
0.009454720886713746
0.011716606681570587
0.014034775012279377
0.015841617660895004
0.0175533928358949
0.018647853620592136
0.01948770279933205
0.019935154764256738
0.020261696682567963
0.020420921094074698
0.02046699111971055
0.020470517845237034
0.02050975215731204
