0.001923 0.614571 0.000000
0.003867 0.624010 0.000000
0.005869 0.633282 0.000000
0.007960 0.642352 0.000000
0.010165 0.651184 0.000000
0.012500 0.659741 0.000000
0.014976 0.667989 0.000000
0.017592 0.675892 0.000000
0.020343 0.683417 0.000000
0.023211 0.690534 0.000000
0.026171 0.697213 0.000000
0.029191 0.703430 0.000000
0.032233 0.709165 0.000000
0.035252 0.714402 0.000000
0.038198 0.719128 0.000000
0.041020 0.723339 0.000000
0.043664 0.727030 0.000000
0.046076 0.730203 0.000000
0.048205 0.732858 0.000000
0.050000 0.735000 0.000000
0.051569 0.736797 0.000000
0.053059 0.738423 0.000000
0.054481 0.739886 0.000000
0.055840 0.741197 0.000000
0.057143 0.742368 0.000000
0.058395 0.743412 0.000000
0.059600 0.744342 0.000000
0.060766 0.745171 0.000000
0.061897 0.745911 0.000000
0.063003 0.746572 0.000000
0.064092 0.747165 0.000000
0.065174 0.747697 0.000000
0.066260 0.748175 0.000000
0.067361 0.748602 0.000000
0.068490 0.748981 0.000000
0.069660 0.749311 0.000000
0.070883 0.749588 0.000000
0.072173 0.749804 0.000000
0.073542 0.749947 0.000000
0.075000 0.750000 0.000000
0.076458 0.749947 0.000000
0.077827 0.749804 0.000000
0.079117 0.749588 0.000000
0.080340 0.749311 0.000000
0.081510 0.748981 0.000000
0.082639 0.748602 0.000000
0.083740 0.748175 0.000000
0.084826 0.747697 0.000000
0.085908 0.747165 0.000000
0.086997 0.746572 0.000000
0.088103 0.745911 0.000000
0.089234 0.745171 0.000000
0.090400 0.744342 0.000000
0.091605 0.743412 0.000000
0.092857 0.742368 0.000000
0.094160 0.741197 0.000000
0.095519 0.739886 0.000000
0.096941 0.738423 0.000000
0.098431 0.736797 0.000000
0.100000 0.735000 0.000000
0.101795 0.732858 0.000000
0.103924 0.730203 0.000000
0.106336 0.727030 0.000000
0.108980 0.723339 0.000000
0.111802 0.719128 0.000000
0.114748 0.714402 0.000000
0.117767 0.709165 0.000000
0.120809 0.703430 0.000000
0.123829 0.697213 0.000000
0.126789 0.690534 0.000000
0.129657 0.683417 0.000000
0.132408 0.675892 0.000000
0.135024 0.667989 0.000000
0.137500 0.659741 0.000000
0.139835 0.651184 0.000000
0.142040 0.642352 0.000000
0.144131 0.633282 0.000000
0.146133 0.624010 0.000000
0.148077 0.614571 0.000000
0.150000 0.605000 0.000000
