-0.000024 0.600024 0.000000
-0.000092 0.600095 0.000000
-0.000201 0.600216 0.000000
-0.000343 0.600387 0.000000
-0.000511 0.600614 0.000000
-0.000694 0.600899 0.000000
-0.000881 0.601244 0.000000
-0.001061 0.601652 0.000000
-0.001221 0.602120 0.000000
-0.001350 0.602648 0.000000
-0.001438 0.603229 0.000000
-0.001477 0.603860 0.000000
-0.001461 0.604533 0.000000
-0.001389 0.605241 0.000000
-0.001259 0.605978 0.000000
-0.001078 0.606740 0.000000
-0.000850 0.607523 0.000000
-0.000586 0.608327 0.000000
-0.000297 0.609151 0.000000
0.000000 0.610000 0.000000
0.000363 0.611096 0.000000
0.000829 0.612643 0.000000
0.001349 0.614612 0.000000
0.001874 0.616972 0.000000
0.002355 0.619689 0.000000
0.002752 0.622725 0.000000
0.003034 0.626037 0.000000
0.003183 0.629582 0.000000
0.003190 0.633313 0.000000
0.003061 0.637185 0.000000
0.002812 0.641157 0.000000
0.002468 0.645186 0.000000
0.002059 0.649234 0.000000
0.001620 0.653265 0.000000
0.001185 0.657242 0.000000
0.000787 0.661129 0.000000
0.000454 0.664887 0.000000
0.000206 0.668480 0.000000
0.000054 0.671864 0.000000
-0.000000 0.675000 0.000000
0.000036 0.678033 0.000000
0.000151 0.681126 0.000000
0.000334 0.684263 0.000000
0.000567 0.687429 0.000000
0.000836 0.690609 0.000000
0.001120 0.693789 0.000000
0.001402 0.696956 0.000000
0.001663 0.700097 0.000000
0.001886 0.703196 0.000000
0.002057 0.706241 0.000000
0.002163 0.709214 0.000000
0.002194 0.712101 0.000000
0.002146 0.714883 0.000000
0.002017 0.717544 0.000000
0.001810 0.720065 0.000000
0.001533 0.722430 0.000000
0.001197 0.724621 0.000000
0.000817 0.726622 0.000000
0.000411 0.728419 0.000000
0.000000 0.730000 0.000000
-0.000412 0.731419 0.000000
-0.000819 0.732747 0.000000
-0.001204 0.733998 0.000000
-0.001556 0.735182 0.000000
-0.001868 0.736309 0.000000
-0.002136 0.737385 0.000000
-0.002358 0.738420 0.000000
-0.002531 0.739418 0.000000
-0.002656 0.740385 0.000000
-0.002732 0.741327 0.000000
-0.002757 0.742248 0.000000
-0.002730 0.743154 0.000000
-0.002648 0.744046 0.000000
-0.002507 0.744930 0.000000
-0.002301 0.745806 0.000000
-0.002024 0.746675 0.000000
-0.001667 0.747536 0.000000
-0.001218 0.748384 0.000000
-0.000667 0.749210 0.000000
-0.000000 0.750000 0.000000
0.000767 0.750714 0.000000
0.001598 0.751324 0.000000
0.002479 0.751834 0.000000
0.003397 0.752249 0.000000
0.004342 0.752574 0.000000
0.005308 0.752814 0.000000
0.006289 0.752975 0.000000
0.007281 0.753062 0.000000
0.008281 0.753080 0.000000
0.009288 0.753033 0.000000
0.010301 0.752927 0.000000
0.011321 0.752764 0.000000
0.012349 0.752550 0.000000
0.013385 0.752289 0.000000
0.014434 0.751984 0.000000
0.015498 0.751641 0.000000
0.016582 0.751264 0.000000
0.017689 0.750860 0.000000
0.018826 0.750436 0.000000
0.020000 0.750000 0.000000
0.021217 0.749560 0.000000
0.022479 0.749119 0.000000
0.023784 0.748676 0.000000
0.025130 0.748231 0.000000
0.026513 0.747785 0.000000
0.027932 0.747338 0.000000
0.029384 0.746888 0.000000
0.030867 0.746434 0.000000
0.032378 0.745975 0.000000
0.033913 0.745509 0.000000
0.035471 0.745035 0.000000
0.037049 0.744550 0.000000
0.038643 0.744052 0.000000
0.040251 0.743540 0.000000
0.041869 0.743009 0.000000
0.043495 0.742458 0.000000
0.045124 0.741884 0.000000
0.046754 0.741285 0.000000
0.048380 0.740658 0.000000
0.050000 0.740000 0.000000
0.051596 0.739315 0.000000
0.053156 0.738605 0.000000
0.054685 0.737863 0.000000
0.056188 0.737085 0.000000
0.057669 0.736262 0.000000
0.059129 0.735390 0.000000
0.060573 0.734459 0.000000
0.061999 0.733462 0.000000
0.063409 0.732389 0.000000
0.064800 0.731230 0.000000
0.066167 0.729975 0.000000
0.067505 0.728613 0.000000
0.068803 0.727130 0.000000
0.070048 0.725515 0.000000
0.071222 0.723755 0.000000
0.072302 0.721840 0.000000
0.073259 0.719760 0.000000
0.074058 0.717508 0.000000
0.074656 0.715086 0.000000
0.075000 0.712500 0.000000
0.075026 0.709536 0.000000
0.074571 0.706056 0.000000
0.073464 0.702228 0.000000
0.071594 0.698253 0.000000
0.068932 0.694343 0.000000
0.065523 0.690687 0.000000
0.061474 0.687427 0.000000
0.056931 0.684642 0.000000
0.052053 0.682351 0.000000
0.046995 0.680515 0.000000
0.041897 0.679062 0.000000
0.036876 0.677897 0.000000
0.032037 0.676927 0.000000
0.027469 0.676069 0.000000
0.023255 0.675264 0.000000
0.019471 0.674484 0.000000
0.016190 0.673729 0.000000
0.013477 0.673029 0.000000
0.011395 0.672433 0.000000
0.010000 0.672000 0.000000
0.009009 0.671681 0.000000
0.008095 0.671400 0.000000
0.007246 0.671174 0.000000
0.006455 0.671010 0.000000
0.005718 0.670908 0.000000
0.005033 0.670866 0.000000
0.004398 0.670881 0.000000
0.003810 0.670946 0.000000
0.003267 0.671058 0.000000
0.002766 0.671212 0.000000
0.002304 0.671404 0.000000
0.001879 0.671634 0.000000
0.001489 0.671900 0.000000
0.001132 0.672205 0.000000
0.000810 0.672551 0.000000
0.000528 0.672941 0.000000
0.000291 0.673380 0.000000
0.000112 0.673870 0.000000
0.000007 0.674412 0.000000
-0.000000 0.675000 0.000000
0.000103 0.675576 0.000000
0.000291 0.676085 0.000000
0.000538 0.676529 0.000000
0.000828 0.676911 0.000000
0.001148 0.677240 0.000000
0.001494 0.677521 0.000000
0.001863 0.677761 0.000000
0.002255 0.677963 0.000000
0.002672 0.678130 0.000000
0.003117 0.678262 0.000000
0.003596 0.678359 0.000000
0.004111 0.678416 0.000000
0.004666 0.678431 0.000000
0.005266 0.678397 0.000000
0.005912 0.678310 0.000000
0.006609 0.678164 0.000000
0.007360 0.677957 0.000000
0.008169 0.677688 0.000000
0.009045 0.677364 0.000000
0.010000 0.677000 0.000000
0.011379 0.676503 0.000000
0.013489 0.675818 0.000000
0.016292 0.675036 0.000000
0.019743 0.674246 0.000000
0.023788 0.673521 0.000000
0.028364 0.672906 0.000000
0.033403 0.672409 0.000000
0.038837 0.671995 0.000000
0.044596 0.671591 0.000000
0.050611 0.671083 0.000000
0.056803 0.670331 0.000000
0.063074 0.669176 0.000000
0.069297 0.667462 0.000000
0.075305 0.665058 0.000000
0.080889 0.661879 0.000000
0.085815 0.657921 0.000000
0.089845 0.653273 0.000000
0.092780 0.648127 0.000000
0.094499 0.642761 0.000000
0.095000 0.637500 0.000000
0.094343 0.632258 0.000000
0.092470 0.626951 0.000000
0.089396 0.621902 0.000000
0.085250 0.617380 0.000000
0.080237 0.613567 0.000000
0.074598 0.610544 0.000000
0.068564 0.608295 0.000000
0.062341 0.606729 0.000000
0.056089 0.605712 0.000000
0.049931 0.605084 0.000000
0.043962 0.604689 0.000000
0.038255 0.604385 0.000000
0.032880 0.604064 0.000000
0.027903 0.603652 0.000000
0.023394 0.603117 0.000000
0.019419 0.602470 0.000000
0.016041 0.601756 0.000000
0.013316 0.601048 0.000000
0.011288 0.600434 0.000000
0.010000 0.600000 0.000000
0.009112 0.599683 0.000000
0.008256 0.599381 0.000000
0.007427 0.599109 0.000000
0.006624 0.598879 0.000000
0.005849 0.598701 0.000000
0.005103 0.598580 0.000000
0.004392 0.598519 0.000000
0.003722 0.598515 0.000000
0.003100 0.598567 0.000000
0.002530 0.598665 0.000000
0.002017 0.598802 0.000000
0.001565 0.598967 0.000000
0.001175 0.599148 0.000000
0.000846 0.599333 0.000000
0.000577 0.599512 0.000000
0.000363 0.599674 0.000000
0.000201 0.599810 0.000000
0.000089 0.599913 0.000000
0.000022 0.599978 0.000000
