0.140552 0.599351 0.000000
0.131099 0.598780 0.000000
0.121638 0.598364 0.000000
0.112170 0.598181 0.000000
0.102701 0.598308 0.000000
0.093245 0.598824 0.000000
0.083827 0.599804 0.000000
0.074481 0.601323 0.000000
0.065255 0.603452 0.000000
0.056211 0.606255 0.000000
0.047428 0.609790 0.000000
0.039001 0.614102 0.000000
0.031038 0.619221 0.000000
0.023665 0.625157 0.000000
0.017023 0.631900 0.000000
0.011258 0.639405 0.000000
0.006526 0.647600 0.000000
0.002979 0.656373 0.000000
0.000762 0.665571 0.000000
-0.000000 0.675000 0.000000
0.000762 0.684429 0.000000
0.002979 0.693627 0.000000
0.006526 0.702400 0.000000
0.011258 0.710595 0.000000
0.017023 0.718100 0.000000
0.023665 0.724843 0.000000
0.031038 0.730779 0.000000
0.039001 0.735898 0.000000
0.047428 0.740210 0.000000
0.056211 0.743745 0.000000
0.065255 0.746548 0.000000
0.074481 0.748677 0.000000
0.083827 0.750196 0.000000
0.093245 0.751176 0.000000
0.102701 0.751692 0.000000
0.112170 0.751819 0.000000
0.121638 0.751636 0.000000
0.131099 0.751220 0.000000
0.140552 0.750649 0.000000
