-0.000025 0.600022 0.000000
-0.000099 0.600090 0.000000
-0.000217 0.600204 0.000000
-0.000371 0.600369 0.000000
-0.000553 0.600589 0.000000
-0.000752 0.600868 0.000000
-0.000956 0.601209 0.000000
-0.001152 0.601614 0.000000
-0.001327 0.602083 0.000000
-0.001468 0.602613 0.000000
-0.001565 0.603199 0.000000
-0.001607 0.603836 0.000000
-0.001590 0.604516 0.000000
-0.001510 0.605231 0.000000
-0.001369 0.605973 0.000000
-0.001171 0.606739 0.000000
-0.000923 0.607524 0.000000
-0.000636 0.608328 0.000000
-0.000323 0.609152 0.000000
0.000000 0.610000 0.000000
0.000388 0.611082 0.000000
0.000878 0.612588 0.000000
0.001423 0.614497 0.000000
0.001970 0.616782 0.000000
0.002472 0.619415 0.000000
0.002888 0.622360 0.000000
0.003184 0.625579 0.000000
0.003341 0.629033 0.000000
0.003349 0.632680 0.000000
0.003214 0.636477 0.000000
0.002949 0.640386 0.000000
0.002581 0.644370 0.000000
0.002141 0.648395 0.000000
0.001666 0.652428 0.000000
0.001194 0.656439 0.000000
0.000763 0.660395 0.000000
0.000406 0.664265 0.000000
0.000149 0.668014 0.000000
0.000011 0.671606 0.000000
0.000000 0.675000 0.000000
0.000118 0.678393 0.000000
0.000366 0.681980 0.000000
0.000734 0.685724 0.000000
0.001200 0.689587 0.000000
0.001733 0.693537 0.000000
0.002295 0.697544 0.000000
0.002846 0.701576 0.000000
0.003343 0.705604 0.000000
0.003746 0.709596 0.000000
0.004021 0.713517 0.000000
0.004141 0.717328 0.000000
0.004092 0.720988 0.000000
0.003871 0.724454 0.000000
0.003490 0.727682 0.000000
0.002974 0.730629 0.000000
0.002362 0.733257 0.000000
0.001702 0.735533 0.000000
0.001050 0.737429 0.000000
0.000464 0.738925 0.000000
-0.000000 0.740000 0.000000
-0.000376 0.740821 0.000000
-0.000721 0.741573 0.000000
-0.001024 0.742269 0.000000
-0.001282 0.742916 0.000000
-0.001493 0.743522 0.000000
-0.001658 0.744089 0.000000
-0.001782 0.744622 0.000000
-0.001867 0.745125 0.000000
-0.001916 0.745602 0.000000
-0.001932 0.746057 0.000000
-0.001918 0.746494 0.000000
-0.001872 0.746916 0.000000
-0.001796 0.747328 0.000000
-0.001687 0.747734 0.000000
-0.001540 0.748134 0.000000
-0.001351 0.748532 0.000000
-0.001112 0.748924 0.000000
-0.000814 0.749307 0.000000
-0.000447 0.749670 0.000000
-0.000000 0.750000 0.000000
0.000516 0.750266 0.000000
0.001075 0.750450 0.000000
0.001661 0.750550 0.000000
0.002262 0.750568 0.000000
0.002865 0.750507 0.000000
0.003461 0.750373 0.000000
0.004042 0.750173 0.000000
0.004603 0.749915 0.000000
0.005140 0.749607 0.000000
0.005653 0.749258 0.000000
0.006142 0.748875 0.000000
0.006608 0.748466 0.000000
0.007056 0.748039 0.000000
0.007489 0.747599 0.000000
0.007910 0.747152 0.000000
0.008325 0.746703 0.000000
0.008737 0.746259 0.000000
0.009151 0.745824 0.000000
0.009571 0.745402 0.000000
0.010000 0.745000 0.000000
0.010427 0.744630 0.000000
0.010840 0.744299 0.000000
0.011241 0.744000 0.000000
0.011632 0.743727 0.000000
0.012015 0.743475 0.000000
0.012394 0.743239 0.000000
0.012774 0.743014 0.000000
0.013158 0.742799 0.000000
0.013552 0.742589 0.000000
0.013960 0.742381 0.000000
0.014388 0.742174 0.000000
0.014840 0.741965 0.000000
0.015323 0.741752 0.000000
0.015841 0.741534 0.000000
0.016400 0.741309 0.000000
0.017006 0.741074 0.000000
0.017664 0.740830 0.000000
0.018379 0.740571 0.000000
0.019156 0.740296 0.000000
0.020000 0.740000 0.000000
0.021018 0.739640 0.000000
0.022302 0.739179 0.000000
0.023832 0.738622 0.000000
0.025591 0.737972 0.000000
0.027559 0.737232 0.000000
0.029716 0.736406 0.000000
0.032045 0.735500 0.000000
0.034526 0.734518 0.000000
0.037143 0.733469 0.000000
0.039877 0.732358 0.000000
0.042712 0.731195 0.000000
0.045629 0.729988 0.000000
0.048613 0.728747 0.000000
0.051647 0.727482 0.000000
0.054716 0.726205 0.000000
0.057802 0.724925 0.000000
0.060890 0.723654 0.000000
0.063963 0.722403 0.000000
0.067005 0.721182 0.000000
0.070000 0.720000 0.000000
0.073121 0.718791 0.000000
0.076525 0.717484 0.000000
0.080170 0.716080 0.000000
0.084009 0.714571 0.000000
0.087992 0.712942 0.000000
0.092068 0.711177 0.000000
0.096181 0.709257 0.000000
0.100273 0.707165 0.000000
0.104285 0.704887 0.000000
0.108156 0.702419 0.000000
0.111826 0.699769 0.000000
0.115237 0.696955 0.000000
0.118342 0.694012 0.000000
0.121100 0.690988 0.000000
0.123485 0.687942 0.000000
0.125486 0.684946 0.000000
0.127109 0.682076 0.000000
0.128377 0.679412 0.000000
0.129325 0.677029 0.000000
0.130000 0.675000 0.000000
0.130484 0.673259 0.000000
0.130850 0.671687 0.000000
0.131125 0.670270 0.000000
0.131329 0.668991 0.000000
0.131479 0.667830 0.000000
0.131589 0.666767 0.000000
0.131666 0.665782 0.000000
0.131719 0.664851 0.000000
0.131751 0.663954 0.000000
0.131765 0.663068 0.000000
0.131761 0.662171 0.000000
0.131739 0.661240 0.000000
0.131694 0.660253 0.000000
0.131622 0.659188 0.000000
0.131515 0.658023 0.000000
0.131364 0.656738 0.000000
0.131155 0.655311 0.000000
0.130872 0.653724 0.000000
0.130495 0.651959 0.000000
0.130000 0.650000 0.000000
0.129162 0.647231 0.000000
0.127646 0.643211 0.000000
0.125245 0.638225 0.000000
0.121774 0.632605 0.000000
0.117114 0.626711 0.000000
0.111246 0.620902 0.000000
0.104255 0.615502 0.000000
0.096316 0.610760 0.000000
0.087669 0.606836 0.000000
0.078587 0.603793 0.000000
0.069345 0.601606 0.000000
0.060205 0.600182 0.000000
0.051403 0.599385 0.000000
0.043149 0.599060 0.000000
0.035632 0.599054 0.000000
0.029025 0.599231 0.000000
0.023496 0.599483 0.000000
0.019206 0.599728 0.000000
0.016320 0.599912 0.000000
0.015000 0.600000 0.000000
0.014545 0.600031 0.000000
0.014140 0.600057 0.000000
0.013780 0.600078 0.000000
0.013461 0.600095 0.000000
0.013178 0.600108 0.000000
0.012927 0.600117 0.000000
0.012701 0.600124 0.000000
0.012498 0.600128 0.000000
0.012311 0.600131 0.000000
0.012136 0.600132 0.000000
0.011969 0.600132 0.000000
0.011803 0.600130 0.000000
0.011636 0.600127 0.000000
0.011461 0.600121 0.000000
0.011275 0.600114 0.000000
0.011072 0.600104 0.000000
0.010847 0.600089 0.000000
0.010597 0.600068 0.000000
0.010316 0.600040 0.000000
0.010000 0.600000 0.000000
0.009655 0.599947 0.000000
0.009289 0.599882 0.000000
0.008904 0.599803 0.000000
0.008500 0.599713 0.000000
0.008078 0.599612 0.000000
0.007638 0.599503 0.000000
0.007180 0.599388 0.000000
0.006705 0.599271 0.000000
0.006211 0.599155 0.000000
0.005699 0.599047 0.000000
0.005168 0.598952 0.000000
0.004619 0.598876 0.000000
0.004052 0.598827 0.000000
0.003469 0.598815 0.000000
0.002875 0.598847 0.000000
0.002273 0.598934 0.000000
0.001673 0.599084 0.000000
0.001084 0.599308 0.000000
0.000520 0.599612 0.000000
