0.119936 0.720033 0.000000
0.119748 0.720129 0.000000
0.119439 0.720288 0.000000
0.119014 0.720505 0.000000
0.118478 0.720780 0.000000
0.117835 0.721110 0.000000
0.117089 0.721491 0.000000
0.116245 0.721923 0.000000
0.115308 0.722402 0.000000
0.114280 0.722926 0.000000
0.113168 0.723492 0.000000
0.111974 0.724097 0.000000
0.110704 0.724739 0.000000
0.109361 0.725415 0.000000
0.107949 0.726122 0.000000
0.106472 0.726855 0.000000
0.104935 0.727614 0.000000
0.103342 0.728393 0.000000
0.101695 0.729189 0.000000
0.100000 0.730000 0.000000
0.097875 0.731001 0.000000
0.094973 0.732336 0.000000
0.091343 0.733945 0.000000
0.087030 0.735750 0.000000
0.082073 0.737656 0.000000
0.076513 0.739551 0.000000
0.070389 0.741298 0.000000
0.063753 0.742745 0.000000
0.056676 0.743723 0.000000
0.049257 0.744060 0.000000
0.041634 0.743588 0.000000
0.033987 0.742161 0.000000
0.026540 0.739677 0.000000
0.019553 0.736098 0.000000
0.013301 0.731467 0.000000
0.008047 0.725919 0.000000
0.004008 0.719682 0.000000
0.001321 0.713056 0.000000
0.000014 0.706382 0.000000
0.000000 0.700000 0.000000
0.001176 0.693798 0.000000
0.003571 0.687643 0.000000
0.007139 0.681806 0.000000
0.011756 0.676513 0.000000
0.017241 0.671925 0.000000
0.023388 0.668130 0.000000
0.029986 0.665146 0.000000
0.036840 0.662929 0.000000
0.043784 0.661395 0.000000
0.050680 0.660429 0.000000
0.057420 0.659906 0.000000
0.063918 0.659700 0.000000
0.070106 0.659699 0.000000
0.075923 0.659803 0.000000
0.081317 0.659938 0.000000
0.086231 0.660051 0.000000
0.090612 0.660113 0.000000
0.094405 0.660117 0.000000
0.097552 0.660072 0.000000
0.100000 0.660000 0.000000
0.102000 0.659922 0.000000
0.103848 0.659867 0.000000
0.105559 0.659862 0.000000
0.107142 0.659921 0.000000
0.108605 0.660051 0.000000
0.109957 0.660253 0.000000
0.111204 0.660523 0.000000
0.112355 0.660859 0.000000
0.113416 0.661255 0.000000
0.114395 0.661709 0.000000
0.115299 0.662220 0.000000
0.116133 0.662788 0.000000
0.116901 0.663416 0.000000
0.117605 0.664109 0.000000
0.118243 0.664873 0.000000
0.118809 0.665715 0.000000
0.119290 0.666644 0.000000
0.119670 0.667667 0.000000
0.119918 0.668787 0.000000
0.120000 0.670000 0.000000
0.119886 0.671210 0.000000
0.119608 0.672323 0.000000
0.119202 0.673336 0.000000
0.118698 0.674252 0.000000
0.118112 0.675079 0.000000
0.117459 0.675827 0.000000
0.116742 0.676502 0.000000
0.115966 0.677113 0.000000
0.115127 0.677664 0.000000
0.114222 0.678158 0.000000
0.113245 0.678597 0.000000
0.112190 0.678980 0.000000
0.111049 0.679305 0.000000
0.109815 0.679571 0.000000
0.108481 0.679774 0.000000
0.107037 0.679913 0.000000
0.105478 0.679992 0.000000
0.103792 0.680020 0.000000
0.101970 0.680012 0.000000
0.100000 0.680000 0.000000
0.097552 0.680030 0.000000
0.094353 0.680152 0.000000
0.090476 0.680409 0.000000
0.085995 0.680825 0.000000
0.080981 0.681404 0.000000
0.075503 0.682114 0.000000
0.069623 0.682893 0.000000
0.063399 0.683648 0.000000
0.056889 0.684260 0.000000
0.050159 0.684586 0.000000
0.043291 0.684480 0.000000
0.036395 0.683794 0.000000
0.029614 0.682409 0.000000
0.023122 0.680244 0.000000
0.017117 0.677279 0.000000
0.011801 0.673573 0.000000
0.007349 0.669263 0.000000
0.003885 0.664557 0.000000
0.001452 0.659712 0.000000
0.000000 0.655000 0.000000
-0.000638 0.650438 0.000000
-0.000597 0.645939 0.000000
0.000048 0.641589 0.000000
0.001218 0.637448 0.000000
0.002840 0.633556 0.000000
0.004843 0.629939 0.000000
0.007166 0.626607 0.000000
0.009752 0.623564 0.000000
0.012554 0.620804 0.000000
0.015533 0.618317 0.000000
0.018653 0.616092 0.000000
0.021886 0.614110 0.000000
0.025212 0.612357 0.000000
0.028610 0.610815 0.000000
0.032069 0.609465 0.000000
0.035577 0.608290 0.000000
0.039128 0.607273 0.000000
0.042717 0.606397 0.000000
0.046341 0.605645 0.000000
0.050000 0.605000 0.000000
0.053674 0.604451 0.000000
0.057340 0.603993 0.000000
0.060995 0.603621 0.000000
0.064636 0.603328 0.000000
0.068262 0.603108 0.000000
0.071869 0.602956 0.000000
0.075457 0.602866 0.000000
0.079025 0.602832 0.000000
0.082571 0.602849 0.000000
0.086094 0.602911 0.000000
0.089594 0.603014 0.000000
0.093070 0.603153 0.000000
0.096522 0.603323 0.000000
0.099949 0.603518 0.000000
0.103353 0.603735 0.000000
0.106731 0.603970 0.000000
0.110085 0.604218 0.000000
0.113415 0.604474 0.000000
0.116719 0.604736 0.000000
0.120000 0.605000 0.000000
