0.097025 0.749849 0.000000
0.094088 0.749703 0.000000
0.091192 0.749565 0.000000
0.088339 0.749438 0.000000
0.085530 0.749324 0.000000
0.082766 0.749226 0.000000
0.080051 0.749145 0.000000
0.077385 0.749083 0.000000
0.074771 0.749041 0.000000
0.072210 0.749021 0.000000
0.069705 0.749022 0.000000
0.067258 0.749046 0.000000
0.064870 0.749093 0.000000
0.062544 0.749161 0.000000
0.060282 0.749252 0.000000
0.058086 0.749364 0.000000
0.055957 0.749496 0.000000
0.053899 0.749647 0.000000
0.051912 0.749816 0.000000
0.050000 0.750000 0.000000
0.048161 0.750197 0.000000
0.046391 0.750399 0.000000
0.044683 0.750599 0.000000
0.043031 0.750790 0.000000
0.041430 0.750968 0.000000
0.039873 0.751128 0.000000
0.038355 0.751269 0.000000
0.036871 0.751386 0.000000
0.035415 0.751478 0.000000
0.033983 0.751542 0.000000
0.032569 0.751576 0.000000
0.031169 0.751578 0.000000
0.029779 0.751544 0.000000
0.028394 0.751473 0.000000
0.027010 0.751360 0.000000
0.025624 0.751202 0.000000
0.024232 0.750992 0.000000
0.022831 0.750727 0.000000
0.021421 0.750399 0.000000
0.020000 0.750000 0.000000
0.018587 0.749530 0.000000
0.017203 0.748993 0.000000
0.015851 0.748392 0.000000
0.014533 0.747728 0.000000
0.013251 0.747003 0.000000
0.012009 0.746217 0.000000
0.010808 0.745374 0.000000
0.009651 0.744474 0.000000
0.008540 0.743519 0.000000
0.007478 0.742512 0.000000
0.006466 0.741454 0.000000
0.005507 0.740347 0.000000
0.004603 0.739194 0.000000
0.003757 0.737996 0.000000
0.002970 0.736755 0.000000
0.002244 0.735474 0.000000
0.001582 0.734156 0.000000
0.000986 0.732802 0.000000
0.000458 0.731416 0.000000
-0.000000 0.730000 0.000000
-0.000389 0.728552 0.000000
-0.000710 0.727071 0.000000
-0.000966 0.725565 0.000000
-0.001159 0.724039 0.000000
-0.001294 0.722498 0.000000
-0.001375 0.720947 0.000000
-0.001407 0.719392 0.000000
-0.001395 0.717834 0.000000
-0.001346 0.716279 0.000000
-0.001265 0.714730 0.000000
-0.001158 0.713187 0.000000
-0.001032 0.711655 0.000000
-0.000892 0.710135 0.000000
-0.000745 0.708630 0.000000
-0.000596 0.707140 0.000000
-0.000451 0.705668 0.000000
-0.000315 0.704216 0.000000
-0.000191 0.702786 0.000000
-0.000085 0.701380 0.000000
-0.000000 0.700000 0.000000
0.000062 0.698655 0.000000
0.000105 0.697349 0.000000
0.000130 0.696078 0.000000
0.000142 0.694836 0.000000
0.000143 0.693619 0.000000
0.000136 0.692422 0.000000
0.000121 0.691240 0.000000
0.000101 0.690068 0.000000
0.000077 0.688902 0.000000
0.000051 0.687736 0.000000
0.000023 0.686565 0.000000
-0.000004 0.685384 0.000000
-0.000030 0.684189 0.000000
-0.000053 0.682974 0.000000
-0.000071 0.681735 0.000000
-0.000082 0.680466 0.000000
-0.000083 0.679163 0.000000
-0.000073 0.677821 0.000000
-0.000046 0.676435 0.000000
-0.000000 0.675000 0.000000
0.000070 0.673521 0.000000
0.000162 0.672006 0.000000
0.000273 0.670457 0.000000
0.000401 0.668874 0.000000
0.000542 0.667259 0.000000
0.000691 0.665613 0.000000
0.000844 0.663937 0.000000
0.000995 0.662230 0.000000
0.001138 0.660495 0.000000
0.001266 0.658733 0.000000
0.001373 0.656943 0.000000
0.001451 0.655127 0.000000
0.001492 0.653288 0.000000
0.001487 0.651426 0.000000
0.001429 0.649545 0.000000
0.001307 0.647648 0.000000
0.001112 0.645739 0.000000
0.000835 0.643823 0.000000
0.000468 0.641908 0.000000
0.000000 0.640000 0.000000
-0.000572 0.638105 0.000000
-0.001235 0.636222 0.000000
-0.001970 0.634345 0.000000
-0.002757 0.632466 0.000000
-0.003576 0.630576 0.000000
-0.004407 0.628666 0.000000
-0.005227 0.626722 0.000000
-0.006012 0.624734 0.000000
-0.006734 0.622692 0.000000
-0.007362 0.620586 0.000000
-0.007862 0.618414 0.000000
-0.008195 0.616175 0.000000
-0.008320 0.613879 0.000000
-0.008190 0.611547 0.000000
-0.007758 0.609212 0.000000
-0.006983 0.606924 0.000000
-0.005826 0.604757 0.000000
-0.004267 0.602801 0.000000
-0.002312 0.601172 0.000000
-0.000000 0.600000 0.000000
0.002569 0.599407 0.000000
0.005248 0.599436 0.000000
0.007896 0.600079 0.000000
0.010386 0.601295 0.000000
0.012615 0.603022 0.000000
0.014507 0.605182 0.000000
0.016011 0.607691 0.000000
0.017101 0.610463 0.000000
0.017775 0.613424 0.000000
0.018049 0.616506 0.000000
0.017955 0.619661 0.000000
0.017534 0.622851 0.000000
0.016839 0.626060 0.000000
0.015926 0.629282 0.000000
0.014860 0.632530 0.000000
0.013711 0.635822 0.000000
0.012554 0.639189 0.000000
0.011480 0.642660 0.000000
0.010589 0.646260 0.000000
0.010000 0.650000 0.000000
0.009829 0.654073 0.000000
0.010212 0.658593 0.000000
0.011276 0.663411 0.000000
0.013100 0.668353 0.000000
0.015706 0.673241 0.000000
0.019064 0.677906 0.000000
0.023091 0.682208 0.000000
0.027673 0.686042 0.000000
0.032672 0.689347 0.000000
0.037944 0.692102 0.000000
0.043345 0.694324 0.000000
0.048744 0.696054 0.000000
0.054021 0.697355 0.000000
0.059070 0.698297 0.000000
0.063800 0.698954 0.000000
0.068129 0.699392 0.000000
0.071981 0.699673 0.000000
0.075288 0.699845 0.000000
0.077982 0.699945 0.000000
0.080000 0.700000 0.000000
0.081641 0.700034 0.000000
0.083246 0.700059 0.000000
0.084809 0.700076 0.000000
0.086325 0.700086 0.000000
0.087789 0.700090 0.000000
0.089195 0.700090 0.000000
0.090539 0.700087 0.000000
0.091816 0.700080 0.000000
0.093020 0.700072 0.000000
0.094146 0.700063 0.000000
0.095189 0.700053 0.000000
0.096144 0.700044 0.000000
0.097006 0.700035 0.000000
0.097769 0.700026 0.000000
0.098430 0.700018 0.000000
0.098981 0.700012 0.000000
0.099419 0.700007 0.000000
0.099738 0.700003 0.000000
0.099934 0.700001 0.000000
