0.148713 0.701801 0.000000
0.147318 0.703748 0.000000
0.145817 0.705833 0.000000
0.144210 0.708050 0.000000
0.142494 0.710388 0.000000
0.140668 0.712838 0.000000
0.138728 0.715390 0.000000
0.136669 0.718031 0.000000
0.134485 0.720747 0.000000
0.132169 0.723525 0.000000
0.129713 0.726346 0.000000
0.127109 0.729194 0.000000
0.124348 0.732047 0.000000
0.121421 0.734883 0.000000
0.118320 0.737678 0.000000
0.115037 0.740404 0.000000
0.111566 0.743032 0.000000
0.107903 0.745531 0.000000
0.104047 0.747865 0.000000
0.100000 0.750000 0.000000
0.095658 0.751945 0.000000
0.090922 0.753691 0.000000
0.085812 0.755164 0.000000
0.080356 0.756296 0.000000
0.074593 0.757019 0.000000
0.068574 0.757269 0.000000
0.062356 0.756990 0.000000
0.056008 0.756134 0.000000
0.049607 0.754661 0.000000
0.043237 0.752544 0.000000
0.036984 0.749771 0.000000
0.030941 0.746340 0.000000
0.025198 0.742268 0.000000
0.019846 0.737584 0.000000
0.014967 0.732332 0.000000
0.010641 0.726572 0.000000
0.006932 0.720373 0.000000
0.003898 0.713818 0.000000
0.001578 0.706995 0.000000
-0.000000 0.700000 0.000000
-0.000844 0.692719 0.000000
-0.000903 0.685053 0.000000
-0.000099 0.677137 0.000000
0.001616 0.669114 0.000000
0.004254 0.661133 0.000000
0.007795 0.653337 0.000000
0.012190 0.645858 0.000000
0.017363 0.638811 0.000000
0.023219 0.632288 0.000000
0.029646 0.626360 0.000000
0.036525 0.621072 0.000000
0.043733 0.616446 0.000000
0.051148 0.612480 0.000000
0.058653 0.609155 0.000000
0.066136 0.606435 0.000000
0.073497 0.604273 0.000000
0.080642 0.602612 0.000000
0.087489 0.601390 0.000000
0.093964 0.600541 0.000000
0.100000 0.600000 0.000000
0.105739 0.599712 0.000000
0.111357 0.599707 0.000000
0.116837 0.600041 0.000000
0.122152 0.600758 0.000000
0.127265 0.601891 0.000000
0.132131 0.603461 0.000000
0.136695 0.605471 0.000000
0.140901 0.607912 0.000000
0.144690 0.610758 0.000000
0.148007 0.613971 0.000000
0.150800 0.617493 0.000000
0.153027 0.621257 0.000000
0.154658 0.625186 0.000000
0.155676 0.629192 0.000000
0.156081 0.633186 0.000000
0.155888 0.637078 0.000000
0.155130 0.640779 0.000000
0.153854 0.644211 0.000000
0.152120 0.647304 0.000000
0.150000 0.650000 0.000000
0.147551 0.652285 0.000000
0.144841 0.654169 0.000000
0.141952 0.655655 0.000000
0.138957 0.656762 0.000000
0.135917 0.657520 0.000000
0.132880 0.657963 0.000000
0.129882 0.658129 0.000000
0.126952 0.658057 0.000000
0.124108 0.657787 0.000000
0.121364 0.657354 0.000000
0.118727 0.656793 0.000000
0.116202 0.656134 0.000000
0.113789 0.655404 0.000000
0.111490 0.654629 0.000000
0.109302 0.653829 0.000000
0.107224 0.653022 0.000000
0.105256 0.652224 0.000000
0.103396 0.651448 0.000000
0.101644 0.650704 0.000000
0.100000 0.650000 0.000000
