0.000000 0.749969 0.000000
0.000001 0.749876 0.000000
0.000001 0.749724 0.000000
0.000002 0.749515 0.000000
0.000004 0.749250 0.000000
0.000005 0.748932 0.000000
0.000007 0.748563 0.000000
0.000009 0.748144 0.000000
0.000011 0.747678 0.000000
0.000013 0.747167 0.000000
0.000015 0.746612 0.000000
0.000017 0.746016 0.000000
0.000018 0.745381 0.000000
0.000019 0.744708 0.000000
0.000019 0.744000 0.000000
0.000018 0.743259 0.000000
0.000016 0.742486 0.000000
0.000013 0.741684 0.000000
0.000008 0.740855 0.000000
-0.000000 0.740000 0.000000
-0.000013 0.738873 0.000000
-0.000038 0.737257 0.000000
-0.000080 0.735195 0.000000
-0.000143 0.732732 0.000000
-0.000229 0.729912 0.000000
-0.000338 0.726780 0.000000
-0.000467 0.723381 0.000000
-0.000610 0.719758 0.000000
-0.000759 0.715956 0.000000
-0.000903 0.712018 0.000000
-0.001030 0.707989 0.000000
-0.001126 0.703913 0.000000
-0.001181 0.699835 0.000000
-0.001184 0.695798 0.000000
-0.001127 0.691849 0.000000
-0.001008 0.688032 0.000000
-0.000827 0.684394 0.000000
-0.000590 0.680979 0.000000
-0.000309 0.677833 0.000000
0.000000 0.675000 0.000000
0.000335 0.672366 0.000000
0.000698 0.669785 0.000000
0.001071 0.667253 0.000000
0.001442 0.664768 0.000000
0.001799 0.662326 0.000000
0.002130 0.659923 0.000000
0.002426 0.657557 0.000000
0.002678 0.655226 0.000000
0.002877 0.652928 0.000000
0.003017 0.650662 0.000000
0.003091 0.648428 0.000000
0.003093 0.646225 0.000000
0.003018 0.644056 0.000000
0.002861 0.641921 0.000000
0.002618 0.639822 0.000000
0.002285 0.637763 0.000000
0.001859 0.635747 0.000000
0.001337 0.633778 0.000000
0.000718 0.631861 0.000000
0.000000 0.630000 0.000000
-0.000805 0.628213 0.000000
-0.001661 0.626502 0.000000
-0.002534 0.624848 0.000000
-0.003399 0.623233 0.000000
-0.004233 0.621641 0.000000
-0.005016 0.620056 0.000000
-0.005728 0.618466 0.000000
-0.006350 0.616862 0.000000
-0.006862 0.615237 0.000000
-0.007246 0.613590 0.000000
-0.007479 0.611924 0.000000
-0.007542 0.610247 0.000000
-0.007411 0.608574 0.000000
-0.007067 0.606927 0.000000
-0.006490 0.605337 0.000000
-0.005668 0.603845 0.000000
-0.004593 0.602501 0.000000
-0.003271 0.601365 0.000000
-0.001725 0.600507 0.000000
-0.000000 0.600000 0.000000
0.001813 0.599906 0.000000
0.003603 0.600223 0.000000
0.005289 0.600914 0.000000
0.006806 0.601930 0.000000
0.008111 0.603214 0.000000
0.009176 0.604711 0.000000
0.009988 0.606365 0.000000
0.010549 0.608128 0.000000
0.010868 0.609958 0.000000
0.010962 0.611821 0.000000
0.010853 0.613693 0.000000
0.010566 0.615555 0.000000
0.010126 0.617399 0.000000
0.009560 0.619219 0.000000
0.008895 0.621018 0.000000
0.008157 0.622802 0.000000
0.007371 0.624580 0.000000
0.006565 0.626363 0.000000
0.005765 0.628166 0.000000
0.005000 0.630000 0.000000
0.004298 0.631872 0.000000
0.003668 0.633781 0.000000
0.003114 0.635724 0.000000
0.002643 0.637699 0.000000
0.002258 0.639705 0.000000
0.001964 0.641738 0.000000
0.001766 0.643795 0.000000
0.001669 0.645872 0.000000
0.001678 0.647964 0.000000
0.001797 0.650067 0.000000
0.002033 0.652174 0.000000
0.002389 0.654279 0.000000
0.002869 0.656375 0.000000
0.003478 0.658454 0.000000
0.004220 0.660506 0.000000
0.005097 0.662522 0.000000
0.006112 0.664491 0.000000
0.007267 0.666402 0.000000
0.008563 0.668243 0.000000
0.010000 0.670000 0.000000
0.011560 0.671645 0.000000
0.013221 0.673160 0.000000
0.014975 0.674545 0.000000
0.016818 0.675801 0.000000
0.018743 0.676926 0.000000
0.020748 0.677919 0.000000
0.022829 0.678779 0.000000
0.024983 0.679502 0.000000
0.027207 0.680084 0.000000
0.029499 0.680520 0.000000
0.031855 0.680804 0.000000
0.034272 0.680929 0.000000
0.036746 0.680885 0.000000
0.039272 0.680665 0.000000
0.041841 0.680256 0.000000
0.044447 0.679649 0.000000
0.047079 0.678832 0.000000
0.049725 0.677793 0.000000
0.052371 0.676519 0.000000
0.055000 0.675000 0.000000
0.057601 0.673219 0.000000
0.060154 0.671168 0.000000
0.062631 0.668846 0.000000
0.065006 0.666257 0.000000
0.067253 0.663411 0.000000
0.069350 0.660317 0.000000
0.071278 0.656990 0.000000
0.073023 0.653447 0.000000
0.074572 0.649704 0.000000
0.075919 0.645781 0.000000
0.077063 0.641695 0.000000
0.078006 0.637464 0.000000
0.078755 0.633104 0.000000
0.079321 0.628632 0.000000
0.079719 0.624059 0.000000
0.079970 0.619397 0.000000
0.080095 0.614654 0.000000
0.080122 0.609837 0.000000
0.080079 0.604951 0.000000
0.080000 0.600000 0.000000
