5.000000 0.600031 0.000000
5.000000 0.600124 0.000000
5.000000 0.600276 0.000000
5.000000 0.600485 0.000000
5.000000 0.600750 0.000000
5.000000 0.601068 0.000000
5.000000 0.601437 0.000000
5.000000 0.601856 0.000000
5.000000 0.602322 0.000000
5.000000 0.602833 0.000000
5.000000 0.603388 0.000000
5.000000 0.603984 0.000000
5.000000 0.604619 0.000000
5.000000 0.605292 0.000000
5.000000 0.606000 0.000000
5.000000 0.606741 0.000000
5.000000 0.607514 0.000000
5.000000 0.608316 0.000000
5.000000 0.609145 0.000000
5.000000 0.610000 0.000000
5.000000 0.611099 0.000000
5.000000 0.612639 0.000000
5.000000 0.614584 0.000000
5.000000 0.616899 0.000000
5.000000 0.619547 0.000000
5.000000 0.622493 0.000000
5.000000 0.625701 0.000000
5.000000 0.629136 0.000000
5.000000 0.632761 0.000000
5.000000 0.636542 0.000000
5.000000 0.640441 0.000000
5.000000 0.644424 0.000000
5.000000 0.648455 0.000000
5.000000 0.652497 0.000000
5.000000 0.656516 0.000000
5.000000 0.660475 0.000000
5.000000 0.664338 0.000000
5.000000 0.668071 0.000000
5.000000 0.671637 0.000000
5.000000 0.675000 0.000000
5.000000 0.678363 0.000000
5.000000 0.681929 0.000000
5.000000 0.685662 0.000000
5.000000 0.689525 0.000000
5.000000 0.693484 0.000000
5.000000 0.697503 0.000000
5.000000 0.701545 0.000000
5.000000 0.705576 0.000000
5.000000 0.709559 0.000000
5.000000 0.713458 0.000000
5.000000 0.717239 0.000000
5.000000 0.720864 0.000000
5.000000 0.724299 0.000000
5.000000 0.727507 0.000000
5.000000 0.730453 0.000000
5.000000 0.733101 0.000000
5.000000 0.735416 0.000000
5.000000 0.737361 0.000000
5.000000 0.738901 0.000000
5.000000 0.740000 0.000000
5.000000 0.740855 0.000000
5.000000 0.741684 0.000000
5.000000 0.742486 0.000000
5.000000 0.743259 0.000000
5.000000 0.744000 0.000000
5.000000 0.744708 0.000000
5.000000 0.745381 0.000000
5.000000 0.746016 0.000000
5.000000 0.746612 0.000000
5.000000 0.747167 0.000000
5.000000 0.747678 0.000000
5.000000 0.748144 0.000000
5.000000 0.748563 0.000000
5.000000 0.748932 0.000000
5.000000 0.749250 0.000000
5.000000 0.749515 0.000000
5.000000 0.749724 0.000000
5.000000 0.749876 0.000000
5.000000 0.749969 0.000000
5.000000 0.750000 0.000000
