0.002481 0.600234 0.000000
0.004964 0.600468 0.000000
0.007449 0.600702 0.000000
0.009936 0.600938 0.000000
0.012426 0.601175 0.000000
0.014917 0.601412 0.000000
0.017411 0.601652 0.000000
0.019906 0.601893 0.000000
0.022404 0.602136 0.000000
0.024903 0.602381 0.000000
0.027405 0.602629 0.000000
0.029908 0.602879 0.000000
0.032413 0.603132 0.000000
0.034920 0.603388 0.000000
0.037429 0.603647 0.000000
0.039940 0.603910 0.000000
0.042452 0.604176 0.000000
0.044967 0.604446 0.000000
0.047482 0.604721 0.000000
0.050000 0.605000 0.000000
0.052567 0.605290 0.000000
0.055222 0.605597 0.000000
0.057949 0.605924 0.000000
0.060731 0.606272 0.000000
0.063554 0.606646 0.000000
0.066401 0.607046 0.000000
0.069256 0.607475 0.000000
0.072104 0.607934 0.000000
0.074928 0.608425 0.000000
0.077712 0.608946 0.000000
0.080441 0.609498 0.000000
0.083098 0.610078 0.000000
0.085669 0.610682 0.000000
0.088137 0.611305 0.000000
0.090488 0.611941 0.000000
0.092708 0.612582 0.000000
0.094782 0.613219 0.000000
0.096698 0.613842 0.000000
0.098441 0.614440 0.000000
0.100000 0.615000 0.000000
0.101400 0.615525 0.000000
0.102682 0.616025 0.000000
0.103861 0.616501 0.000000
0.104950 0.616955 0.000000
0.105962 0.617391 0.000000
0.106909 0.617810 0.000000
0.107804 0.618217 0.000000
0.108659 0.618616 0.000000
0.109487 0.619012 0.000000
0.110299 0.619409 0.000000
0.111107 0.619815 0.000000
0.111923 0.620234 0.000000
0.112757 0.620674 0.000000
0.113622 0.621142 0.000000
0.114527 0.621644 0.000000
0.115483 0.622190 0.000000
0.116499 0.622788 0.000000
0.117586 0.623449 0.000000
0.118750 0.624182 0.000000
0.120000 0.625000 0.000000
0.121351 0.625922 0.000000
0.122803 0.626958 0.000000
0.124343 0.628113 0.000000
0.125957 0.629388 0.000000
0.127630 0.630785 0.000000
0.129348 0.632305 0.000000
0.131095 0.633949 0.000000
0.132857 0.635717 0.000000
0.134618 0.637607 0.000000
0.136364 0.639617 0.000000
0.138078 0.641744 0.000000
0.139748 0.643984 0.000000
0.141358 0.646330 0.000000
0.142897 0.648776 0.000000
0.144351 0.651313 0.000000
0.145709 0.653933 0.000000
0.146961 0.656623 0.000000
0.148098 0.659373 0.000000
0.149113 0.662170 0.000000
0.150000 0.665000 0.000000
0.150798 0.668018 0.000000
0.151518 0.671361 0.000000
0.152124 0.674985 0.000000
0.152592 0.678844 0.000000
0.152906 0.682889 0.000000
0.153066 0.687070 0.000000
0.153078 0.691339 0.000000
0.152961 0.695648 0.000000
0.152737 0.699952 0.000000
0.152434 0.704208 0.000000
0.152082 0.708374 0.000000
0.151710 0.712409 0.000000
0.151343 0.716272 0.000000
0.151004 0.719923 0.000000
0.150708 0.723319 0.000000
0.150464 0.726420 0.000000
0.150276 0.729182 0.000000
0.150142 0.731561 0.000000
0.150053 0.733515 0.000000
0.150000 0.735000 0.000000
0.149966 0.736224 0.000000
0.149942 0.737423 0.000000
0.149925 0.738591 0.000000
0.149915 0.739725 0.000000
0.149911 0.740821 0.000000
0.149911 0.741875 0.000000
0.149914 0.742883 0.000000
0.149920 0.743841 0.000000
0.149928 0.744745 0.000000
0.149937 0.745591 0.000000
0.149947 0.746376 0.000000
0.149957 0.747094 0.000000
0.149966 0.747743 0.000000
0.149974 0.748318 0.000000
0.149982 0.748815 0.000000
0.149988 0.749231 0.000000
0.149993 0.749562 0.000000
0.149997 0.749803 0.000000
0.149999 0.749950 0.000000
0.150000 0.750000 0.000000
