-0.000082 0.747505 0.000000
-0.000163 0.745009 0.000000
-0.000241 0.742513 0.000000
-0.000316 0.740016 0.000000
-0.000386 0.737519 0.000000
-0.000449 0.735021 0.000000
-0.000506 0.732522 0.000000
-0.000553 0.730023 0.000000
-0.000591 0.727523 0.000000
-0.000618 0.725022 0.000000
-0.000632 0.722521 0.000000
-0.000633 0.720019 0.000000
-0.000619 0.717517 0.000000
-0.000589 0.715014 0.000000
-0.000541 0.712511 0.000000
-0.000475 0.710008 0.000000
-0.000389 0.707505 0.000000
-0.000282 0.705003 0.000000
-0.000153 0.702501 0.000000
0.000000 0.700000 0.000000
0.000176 0.697511 0.000000
0.000368 0.695041 0.000000
0.000572 0.692587 0.000000
0.000781 0.690146 0.000000
0.000989 0.687713 0.000000
0.001192 0.685285 0.000000
0.001383 0.682857 0.000000
0.001558 0.680427 0.000000
0.001711 0.677990 0.000000
0.001837 0.675544 0.000000
0.001928 0.673084 0.000000
0.001980 0.670608 0.000000
0.001984 0.668113 0.000000
0.001934 0.665597 0.000000
0.001822 0.663058 0.000000
0.001639 0.660495 0.000000
0.001376 0.657906 0.000000
0.001022 0.655293 0.000000
0.000568 0.652657 0.000000
-0.000000 0.650000 0.000000
-0.000710 0.647241 0.000000
-0.001568 0.644314 0.000000
-0.002538 0.641243 0.000000
-0.003567 0.638045 0.000000
-0.004589 0.634731 0.000000
-0.005528 0.631312 0.000000
-0.006301 0.627802 0.000000
-0.006823 0.624230 0.000000
-0.007015 0.620639 0.000000
-0.006811 0.617093 0.000000
-0.006169 0.613675 0.000000
-0.005079 0.610485 0.000000
-0.003572 0.607621 0.000000
-0.001718 0.605175 0.000000
0.000378 0.603210 0.000000
0.002586 0.601751 0.000000
0.004767 0.600777 0.000000
0.006796 0.600227 0.000000
0.008565 0.600006 0.000000
0.010000 0.600000 0.000000
0.011205 0.600119 0.000000
0.012321 0.600338 0.000000
0.013345 0.600640 0.000000
0.014278 0.601011 0.000000
0.015122 0.601435 0.000000
0.015879 0.601902 0.000000
0.016555 0.602400 0.000000
0.017155 0.602923 0.000000
0.017685 0.603463 0.000000
0.018149 0.604016 0.000000
0.018553 0.604578 0.000000
0.018902 0.605147 0.000000
0.019200 0.605722 0.000000
0.019450 0.606304 0.000000
0.019655 0.606893 0.000000
0.019815 0.607490 0.000000
0.019931 0.608098 0.000000
0.020003 0.608718 0.000000
0.020027 0.609351 0.000000
0.020000 0.610000 0.000000
0.019922 0.610637 0.000000
0.019805 0.611235 0.000000
0.019657 0.611798 0.000000
0.019485 0.612330 0.000000
0.019294 0.612834 0.000000
0.019089 0.613315 0.000000
0.018870 0.613777 0.000000
0.018640 0.614225 0.000000
0.018400 0.614662 0.000000
0.018149 0.615093 0.000000
0.017887 0.615522 0.000000
0.017614 0.615953 0.000000
0.017329 0.616390 0.000000
0.017032 0.616837 0.000000
0.016722 0.617298 0.000000
0.016399 0.617779 0.000000
0.016063 0.618283 0.000000
0.015716 0.618818 0.000000
0.015360 0.619387 0.000000
0.015000 0.620000 0.000000
0.014642 0.620660 0.000000
0.014289 0.621368 0.000000
0.013947 0.622122 0.000000
0.013617 0.622921 0.000000
0.013303 0.623764 0.000000
0.013005 0.624647 0.000000
0.012725 0.625569 0.000000
0.012463 0.626527 0.000000
0.012219 0.627520 0.000000
0.011993 0.628544 0.000000
0.011782 0.629598 0.000000
0.011584 0.630678 0.000000
0.011396 0.631783 0.000000
0.011215 0.632909 0.000000
0.011037 0.634056 0.000000
0.010856 0.635220 0.000000
0.010668 0.636399 0.000000
0.010466 0.637590 0.000000
0.010246 0.638792 0.000000
0.010000 0.640000 0.000000
0.009724 0.641215 0.000000
0.009418 0.642440 0.000000
0.009085 0.643679 0.000000
0.008728 0.644933 0.000000
0.008351 0.646206 0.000000
0.007957 0.647501 0.000000
0.007550 0.648822 0.000000
0.007136 0.650173 0.000000
0.006719 0.651558 0.000000
0.006307 0.652981 0.000000
0.005907 0.654447 0.000000
0.005528 0.655959 0.000000
0.005181 0.657522 0.000000
0.004879 0.659139 0.000000
0.004636 0.660814 0.000000
0.004469 0.662547 0.000000
0.004398 0.664338 0.000000
0.004446 0.666183 0.000000
0.004637 0.668074 0.000000
0.005000 0.670000 0.000000
0.005562 0.671948 0.000000
0.006335 0.673906 0.000000
0.007324 0.675853 0.000000
0.008528 0.677768 0.000000
0.009946 0.679634 0.000000
0.011571 0.681433 0.000000
0.013397 0.683151 0.000000
0.015413 0.684777 0.000000
0.017607 0.686305 0.000000
0.019968 0.687732 0.000000
0.022483 0.689062 0.000000
0.025140 0.690303 0.000000
0.027926 0.691469 0.000000
0.030830 0.692580 0.000000
0.033840 0.693662 0.000000
0.036945 0.694747 0.000000
0.040133 0.695874 0.000000
0.043386 0.697090 0.000000
0.046685 0.698446 0.000000
0.050000 0.700000 0.000000
0.053568 0.701962 0.000000
0.057554 0.704526 0.000000
0.061824 0.707700 0.000000
0.066271 0.711445 0.000000
0.070825 0.715680 0.000000
0.075460 0.720290 0.000000
0.080188 0.725131 0.000000
0.085050 0.730041 0.000000
0.090092 0.734843 0.000000
0.095353 0.739354 0.000000
0.100835 0.743391 0.000000
0.106491 0.746789 0.000000
0.112217 0.749421 0.000000
0.117856 0.751216 0.000000
0.123215 0.752183 0.000000
0.128097 0.752415 0.000000
0.132325 0.752079 0.000000
0.135766 0.751403 0.000000
0.138340 0.750632 0.000000
0.140000 0.750000 0.000000
0.141121 0.749506 0.000000
0.142107 0.749019 0.000000
0.142969 0.748542 0.000000
0.143724 0.748082 0.000000
0.144384 0.747639 0.000000
0.144964 0.747215 0.000000
0.145477 0.746808 0.000000
0.145935 0.746417 0.000000
0.146349 0.746035 0.000000
0.146731 0.745658 0.000000
0.147089 0.745279 0.000000
0.147432 0.744888 0.000000
0.147766 0.744477 0.000000
0.148098 0.744035 0.000000
0.148430 0.743550 0.000000
0.148764 0.743010 0.000000
0.149097 0.742400 0.000000
0.149423 0.741705 0.000000
0.149730 0.740910 0.000000
0.150000 0.740000 0.000000
0.150200 0.738995 0.000000
0.150309 0.737929 0.000000
0.150314 0.736809 0.000000
0.150207 0.735644 0.000000
0.149977 0.734443 0.000000
0.149615 0.733217 0.000000
0.149115 0.731980 0.000000
0.148470 0.730746 0.000000
0.147679 0.729528 0.000000
0.146738 0.728340 0.000000
0.145649 0.727196 0.000000
0.144414 0.726108 0.000000
0.143038 0.725086 0.000000
0.141526 0.724139 0.000000
0.139885 0.723271 0.000000
0.138122 0.722484 0.000000
0.136246 0.721773 0.000000
0.134262 0.721132 0.000000
0.132178 0.720548 0.000000
0.130000 0.720000 0.000000
0.127530 0.719423 0.000000
0.124598 0.718786 0.000000
0.121248 0.718114 0.000000
0.117530 0.717424 0.000000
0.113491 0.716727 0.000000
0.109181 0.716027 0.000000
0.104651 0.715318 0.000000
0.099953 0.714588 0.000000
0.095140 0.713818 0.000000
0.090265 0.712989 0.000000
0.085382 0.712081 0.000000
0.080547 0.711074 0.000000
0.075815 0.709956 0.000000
0.071242 0.708722 0.000000
0.066884 0.707378 0.000000
0.062793 0.705941 0.000000
0.059018 0.704438 0.000000
0.055603 0.702912 0.000000
0.052586 0.701413 0.000000
0.050000 0.700000 0.000000
0.047689 0.698630 0.000000
0.045475 0.697233 0.000000
0.043348 0.695828 0.000000
0.041296 0.694433 0.000000
0.039312 0.693062 0.000000
0.037388 0.691727 0.000000
0.035515 0.690438 0.000000
0.033690 0.689204 0.000000
0.031908 0.688031 0.000000
0.030166 0.686925 0.000000
0.028462 0.685891 0.000000
0.026796 0.684931 0.000000
0.025168 0.684048 0.000000
0.023578 0.683244 0.000000
0.022030 0.682517 0.000000
0.020526 0.681868 0.000000
0.019067 0.681295 0.000000
0.017658 0.680794 0.000000
0.016301 0.680364 0.000000
0.015000 0.680000 0.000000
0.013761 0.679695 0.000000
0.012588 0.679428 0.000000
0.011478 0.679179 0.000000
0.010429 0.678934 0.000000
0.009435 0.678683 0.000000
0.008492 0.678416 0.000000
0.007597 0.678128 0.000000
0.006744 0.677814 0.000000
0.005930 0.677468 0.000000
0.005153 0.677086 0.000000
0.004411 0.676663 0.000000
0.003702 0.676194 0.000000
0.003028 0.675672 0.000000
0.002391 0.675090 0.000000
0.001798 0.674442 0.000000
0.001259 0.673720 0.000000
0.000786 0.672917 0.000000
0.000400 0.672029 0.000000
0.000127 0.671055 0.000000
-0.000000 0.670000 0.000000
0.000050 0.668908 0.000000
0.000278 0.667831 0.000000
0.000672 0.666794 0.000000
0.001218 0.665816 0.000000
0.001899 0.664913 0.000000
0.002699 0.664095 0.000000
0.003602 0.663369 0.000000
0.004592 0.662739 0.000000
0.005656 0.662203 0.000000
0.006780 0.661759 0.000000
0.007954 0.661401 0.000000
0.009171 0.661120 0.000000
0.010424 0.660907 0.000000
0.011708 0.660748 0.000000
0.013022 0.660630 0.000000
0.014363 0.660537 0.000000
0.015733 0.660449 0.000000
0.017130 0.660346 0.000000
0.018553 0.660206 0.000000
0.020000 0.660000 0.000000
0.021482 0.659702 0.000000
0.023008 0.659299 0.000000
0.024564 0.658788 0.000000
0.026141 0.658171 0.000000
0.027726 0.657449 0.000000
0.029312 0.656627 0.000000
0.030891 0.655711 0.000000
0.032457 0.654710 0.000000
0.034005 0.653633 0.000000
0.035533 0.652491 0.000000
0.037041 0.651294 0.000000
0.038529 0.650054 0.000000
0.039998 0.648783 0.000000
0.041452 0.647493 0.000000
0.042892 0.646196 0.000000
0.044323 0.644903 0.000000
0.045747 0.643627 0.000000
0.047167 0.642377 0.000000
0.048584 0.641165 0.000000
0.050000 0.640000 0.000000
0.051439 0.638870 0.000000
0.052923 0.637757 0.000000
0.054446 0.636660 0.000000
0.056001 0.635582 0.000000
0.057581 0.634521 0.000000
0.059181 0.633477 0.000000
0.060793 0.632448 0.000000
0.062411 0.631434 0.000000
0.064029 0.630433 0.000000
0.065639 0.629442 0.000000
0.067235 0.628462 0.000000
0.068811 0.627490 0.000000
0.070360 0.626525 0.000000
0.071877 0.625568 0.000000
0.073357 0.624617 0.000000
0.074792 0.623673 0.000000
0.076179 0.622737 0.000000
0.077512 0.621812 0.000000
0.078787 0.620898 0.000000
0.080000 0.620000 0.000000
0.081140 0.619127 0.000000
0.082206 0.618288 0.000000
0.083211 0.617481 0.000000
0.084165 0.616703 0.000000
0.085077 0.615952 0.000000
0.085958 0.615224 0.000000
0.086815 0.614513 0.000000
0.087657 0.613815 0.000000
0.088495 0.613125 0.000000
0.089335 0.612439 0.000000
0.090187 0.611751 0.000000
0.091059 0.611057 0.000000
0.091962 0.610353 0.000000
0.092904 0.609636 0.000000
0.093896 0.608903 0.000000
0.094947 0.608152 0.000000
0.096071 0.607383 0.000000
0.097279 0.606598 0.000000
0.098584 0.605801 0.000000
0.100000 0.605000 0.000000
0.101541 0.604205 0.000000
0.103208 0.603427 0.000000
0.105001 0.602679 0.000000
0.106917 0.601970 0.000000
0.108951 0.601313 0.000000
0.111101 0.600714 0.000000
0.113360 0.600183 0.000000
0.115723 0.599726 0.000000
0.118184 0.599347 0.000000
0.120735 0.599049 0.000000
0.123372 0.598835 0.000000
0.126087 0.598703 0.000000
0.128874 0.598651 0.000000
0.131728 0.598676 0.000000
0.134643 0.598772 0.000000
0.137614 0.598931 0.000000
0.140639 0.599144 0.000000
0.143713 0.599402 0.000000
0.146834 0.599692 0.000000
