0.099467 0.599999 0.000000
0.098870 0.599998 0.000000
0.098211 0.599998 0.000000
0.097493 0.599997 0.000000
0.096719 0.599996 0.000000
0.095890 0.599995 0.000000
0.095010 0.599994 0.000000
0.094080 0.599993 0.000000
0.093104 0.599992 0.000000
0.092083 0.599991 0.000000
0.091021 0.599990 0.000000
0.089920 0.599990 0.000000
0.088782 0.599990 0.000000
0.087610 0.599990 0.000000
0.086406 0.599990 0.000000
0.085173 0.599991 0.000000
0.083914 0.599992 0.000000
0.082630 0.599994 0.000000
0.081325 0.599997 0.000000
0.080000 0.600000 0.000000
0.078588 0.600004 0.000000
0.077029 0.600010 0.000000
0.075336 0.600016 0.000000
0.073524 0.600024 0.000000
0.071607 0.600033 0.000000
0.069600 0.600042 0.000000
0.067517 0.600052 0.000000
0.065372 0.600061 0.000000
0.063179 0.600070 0.000000
0.060953 0.600078 0.000000
0.058707 0.600084 0.000000
0.056457 0.600087 0.000000
0.054217 0.600088 0.000000
0.052000 0.600086 0.000000
0.049822 0.600080 0.000000
0.047695 0.600071 0.000000
0.045636 0.600058 0.000000
0.043657 0.600041 0.000000
0.041774 0.600022 0.000000
0.040000 0.600000 0.000000
0.038259 0.599975 0.000000
0.036474 0.599947 0.000000
0.034656 0.599916 0.000000
0.032816 0.599885 0.000000
0.030967 0.599855 0.000000
0.029120 0.599828 0.000000
0.027286 0.599804 0.000000
0.025478 0.599785 0.000000
0.023706 0.599773 0.000000
0.021983 0.599767 0.000000
0.020320 0.599769 0.000000
0.018730 0.599779 0.000000
0.017223 0.599795 0.000000
0.015811 0.599818 0.000000
0.014507 0.599846 0.000000
0.013321 0.599878 0.000000
0.012266 0.599911 0.000000
0.011353 0.599944 0.000000
0.010594 0.599974 0.000000
0.010000 0.600000 0.000000
0.009512 0.600023 0.000000
0.009061 0.600047 0.000000
0.008644 0.600073 0.000000
0.008258 0.600101 0.000000
0.007900 0.600132 0.000000
0.007568 0.600165 0.000000
0.007259 0.600201 0.000000
0.006969 0.600239 0.000000
0.006696 0.600279 0.000000
0.006437 0.600321 0.000000
0.006188 0.600366 0.000000
0.005948 0.600414 0.000000
0.005714 0.600465 0.000000
0.005482 0.600520 0.000000
0.005250 0.600580 0.000000
0.005015 0.600646 0.000000
0.004775 0.600719 0.000000
0.004527 0.600801 0.000000
0.004270 0.600894 0.000000
0.004000 0.601000 0.000000
0.003725 0.601118 0.000000
0.003454 0.601246 0.000000
0.003187 0.601383 0.000000
0.002926 0.601530 0.000000
0.002670 0.601687 0.000000
0.002420 0.601853 0.000000
0.002178 0.602028 0.000000
0.001944 0.602213 0.000000
0.001718 0.602408 0.000000
0.001502 0.602611 0.000000
0.001296 0.602822 0.000000
0.001101 0.603041 0.000000
0.000918 0.603268 0.000000
0.000747 0.603501 0.000000
0.000588 0.603740 0.000000
0.000443 0.603985 0.000000
0.000311 0.604234 0.000000
0.000193 0.604487 0.000000
0.000089 0.604743 0.000000
0.000000 0.605000 0.000000
-0.000073 0.605250 0.000000
-0.000130 0.605485 0.000000
-0.000175 0.605706 0.000000
-0.000210 0.605916 0.000000
-0.000237 0.606118 0.000000
-0.000257 0.606314 0.000000
-0.000272 0.606506 0.000000
-0.000282 0.606698 0.000000
-0.000287 0.606892 0.000000
-0.000288 0.607091 0.000000
-0.000285 0.607298 0.000000
-0.000278 0.607516 0.000000
-0.000265 0.607748 0.000000
-0.000247 0.607997 0.000000
-0.000222 0.608265 0.000000
-0.000191 0.608555 0.000000
-0.000153 0.608871 0.000000
-0.000108 0.609215 0.000000
-0.000057 0.609590 0.000000
-0.000000 0.610000 0.000000
0.000066 0.610494 0.000000
0.000143 0.611116 0.000000
0.000229 0.611864 0.000000
0.000319 0.612733 0.000000
0.000409 0.613721 0.000000
0.000496 0.614823 0.000000
0.000574 0.616035 0.000000
0.000640 0.617354 0.000000
0.000691 0.618776 0.000000
0.000724 0.620296 0.000000
0.000737 0.621910 0.000000
0.000728 0.623615 0.000000
0.000696 0.625405 0.000000
0.000643 0.627277 0.000000
0.000569 0.629226 0.000000
0.000476 0.631249 0.000000
0.000368 0.633341 0.000000
0.000248 0.635500 0.000000
0.000124 0.637721 0.000000
0.000000 0.640000 0.000000
-0.000137 0.642764 0.000000
-0.000294 0.646373 0.000000
-0.000452 0.650727 0.000000
-0.000592 0.655724 0.000000
-0.000702 0.661262 0.000000
-0.000773 0.667239 0.000000
-0.000800 0.673553 0.000000
-0.000784 0.680103 0.000000
-0.000731 0.686785 0.000000
-0.000648 0.693499 0.000000
-0.000546 0.700143 0.000000
-0.000435 0.706615 0.000000
-0.000327 0.712813 0.000000
-0.000229 0.718636 0.000000
-0.000148 0.723982 0.000000
-0.000086 0.728750 0.000000
-0.000044 0.732837 0.000000
-0.000018 0.736143 0.000000
-0.000005 0.738564 0.000000
0.000000 0.740000 0.000000
0.000002 0.740893 0.000000
0.000004 0.741753 0.000000
0.000005 0.742578 0.000000
0.000006 0.743367 0.000000
0.000006 0.744119 0.000000
0.000006 0.744833 0.000000
0.000006 0.745506 0.000000
0.000005 0.746138 0.000000
0.000005 0.746728 0.000000
0.000004 0.747273 0.000000
0.000003 0.747773 0.000000
0.000003 0.748225 0.000000
0.000002 0.748630 0.000000
0.000002 0.748985 0.000000
0.000001 0.749290 0.000000
0.000001 0.749542 0.000000
0.000000 0.749740 0.000000
0.000000 0.749884 0.000000
0.000000 0.749971 0.000000
0.000000 0.750000 0.000000
