0.000000 0.600031 0.000000
0.000000 0.600124 0.000000
0.000001 0.600276 0.000000
0.000001 0.600485 0.000000
0.000002 0.600750 0.000000
0.000002 0.601068 0.000000
0.000003 0.601437 0.000000
0.000004 0.601856 0.000000
0.000005 0.602322 0.000000
0.000005 0.602833 0.000000
0.000006 0.603388 0.000000
0.000007 0.603984 0.000000
0.000008 0.604619 0.000000
0.000008 0.605292 0.000000
0.000008 0.606000 0.000000
0.000008 0.606741 0.000000
0.000007 0.607514 0.000000
0.000005 0.608316 0.000000
0.000003 0.609145 0.000000
-0.000000 0.610000 0.000000
-0.000005 0.611127 0.000000
-0.000016 0.612745 0.000000
-0.000033 0.614809 0.000000
-0.000059 0.617275 0.000000
-0.000095 0.620099 0.000000
-0.000140 0.623235 0.000000
-0.000193 0.626638 0.000000
-0.000252 0.630266 0.000000
-0.000314 0.634072 0.000000
-0.000373 0.638013 0.000000
-0.000426 0.642043 0.000000
-0.000465 0.646119 0.000000
-0.000488 0.650196 0.000000
-0.000489 0.654229 0.000000
-0.000465 0.658173 0.000000
-0.000416 0.661984 0.000000
-0.000341 0.665617 0.000000
-0.000243 0.669027 0.000000
-0.000127 0.672170 0.000000
0.000000 0.675000 0.000000
0.000139 0.677660 0.000000
0.000292 0.680316 0.000000
0.000453 0.682962 0.000000
0.000613 0.685591 0.000000
0.000768 0.688198 0.000000
0.000910 0.690776 0.000000
0.001035 0.693318 0.000000
0.001137 0.695818 0.000000
0.001211 0.698270 0.000000
0.001256 0.700666 0.000000
0.001267 0.702999 0.000000
0.001245 0.705263 0.000000
0.001187 0.707450 0.000000
0.001096 0.709552 0.000000
0.000972 0.711563 0.000000
0.000819 0.713475 0.000000
0.000640 0.715282 0.000000
0.000440 0.716976 0.000000
0.000225 0.718551 0.000000
0.000000 0.720000 0.000000
-0.000225 0.721314 0.000000
-0.000439 0.722500 0.000000
-0.000635 0.723575 0.000000
-0.000811 0.724556 0.000000
-0.000967 0.725458 0.000000
-0.001104 0.726298 0.000000
-0.001223 0.727091 0.000000
-0.001327 0.727852 0.000000
-0.001417 0.728598 0.000000
-0.001493 0.729344 0.000000
-0.001555 0.730105 0.000000
-0.001600 0.730898 0.000000
-0.001625 0.731737 0.000000
-0.001622 0.732639 0.000000
-0.001582 0.733618 0.000000
-0.001487 0.734687 0.000000
-0.001317 0.735857 0.000000
-0.001041 0.737135 0.000000
-0.000620 0.738520 0.000000
-0.000000 0.740000 0.000000
0.001006 0.741735 0.000000
0.002661 0.743752 0.000000
0.005098 0.745766 0.000000
0.008358 0.747443 0.000000
0.012353 0.748454 0.000000
0.016882 0.748530 0.000000
0.021665 0.747521 0.000000
0.026417 0.745409 0.000000
0.030908 0.742299 0.000000
0.035008 0.738371 0.000000
0.038700 0.733842 0.000000
0.042067 0.728925 0.000000
0.045269 0.723821 0.000000
0.048501 0.718717 0.000000
0.051962 0.713806 0.000000
0.055812 0.709303 0.000000
0.060132 0.705447 0.000000
0.064893 0.702483 0.000000
0.069940 0.700625 0.000000
0.075000 0.700000 0.000000
0.080060 0.700625 0.000000
0.085107 0.702483 0.000000
0.089868 0.705447 0.000000
0.094188 0.709303 0.000000
0.098038 0.713806 0.000000
0.101499 0.718717 0.000000
0.104731 0.723821 0.000000
0.107933 0.728925 0.000000
0.111300 0.733842 0.000000
0.114992 0.738371 0.000000
0.119092 0.742299 0.000000
0.123583 0.745409 0.000000
0.128335 0.747521 0.000000
0.133118 0.748530 0.000000
0.137647 0.748454 0.000000
0.141642 0.747443 0.000000
0.144902 0.745766 0.000000
0.147339 0.743752 0.000000
0.148994 0.741735 0.000000
0.150000 0.740000 0.000000
0.150620 0.738520 0.000000
0.151041 0.737135 0.000000
0.151317 0.735857 0.000000
0.151487 0.734687 0.000000
0.151582 0.733618 0.000000
0.151622 0.732639 0.000000
0.151625 0.731737 0.000000
0.151600 0.730898 0.000000
0.151555 0.730105 0.000000
0.151493 0.729344 0.000000
0.151417 0.728598 0.000000
0.151327 0.727852 0.000000
0.151223 0.727091 0.000000
0.151104 0.726298 0.000000
0.150967 0.725458 0.000000
0.150811 0.724556 0.000000
0.150635 0.723575 0.000000
0.150439 0.722500 0.000000
0.150225 0.721314 0.000000
0.150000 0.720000 0.000000
0.149775 0.718551 0.000000
0.149560 0.716976 0.000000
0.149360 0.715282 0.000000
0.149181 0.713475 0.000000
0.149028 0.711563 0.000000
0.148904 0.709552 0.000000
0.148813 0.707450 0.000000
0.148755 0.705263 0.000000
0.148733 0.702999 0.000000
0.148744 0.700666 0.000000
0.148789 0.698270 0.000000
0.148863 0.695818 0.000000
0.148965 0.693318 0.000000
0.149090 0.690776 0.000000
0.149232 0.688198 0.000000
0.149387 0.685591 0.000000
0.149547 0.682962 0.000000
0.149708 0.680316 0.000000
0.149861 0.677660 0.000000
0.150000 0.675000 0.000000
0.150127 0.672170 0.000000
0.150243 0.669027 0.000000
0.150341 0.665617 0.000000
0.150416 0.661984 0.000000
0.150465 0.658173 0.000000
0.150489 0.654229 0.000000
0.150488 0.650196 0.000000
0.150465 0.646119 0.000000
0.150426 0.642043 0.000000
0.150373 0.638013 0.000000
0.150314 0.634072 0.000000
0.150252 0.630266 0.000000
0.150193 0.626638 0.000000
0.150140 0.623235 0.000000
0.150095 0.620099 0.000000
0.150059 0.617275 0.000000
0.150033 0.614809 0.000000
0.150016 0.612745 0.000000
0.150005 0.611127 0.000000
0.150000 0.610000 0.000000
0.149997 0.609145 0.000000
0.149995 0.608316 0.000000
0.149993 0.607514 0.000000
0.149992 0.606741 0.000000
0.149992 0.606000 0.000000
0.149992 0.605292 0.000000
0.149992 0.604619 0.000000
0.149993 0.603984 0.000000
0.149994 0.603388 0.000000
0.149995 0.602833 0.000000
0.149995 0.602322 0.000000
0.149996 0.601856 0.000000
0.149997 0.601437 0.000000
0.149998 0.601068 0.000000
0.149998 0.600750 0.000000
0.149999 0.600485 0.000000
0.149999 0.600276 0.000000
0.150000 0.600124 0.000000
0.150000 0.600031 0.000000
