0.000000 0.600031 0.000000
0.000000 0.600124 0.000000
0.000001 0.600276 0.000000
0.000001 0.600485 0.000000
0.000002 0.600750 0.000000
0.000003 0.601068 0.000000
0.000004 0.601437 0.000000
0.000005 0.601856 0.000000
0.000006 0.602322 0.000000
0.000007 0.602833 0.000000
0.000008 0.603388 0.000000
0.000009 0.603984 0.000000
0.000009 0.604619 0.000000
0.000010 0.605292 0.000000
0.000010 0.606000 0.000000
0.000009 0.606741 0.000000
0.000008 0.607514 0.000000
0.000007 0.608316 0.000000
0.000004 0.609145 0.000000
-0.000000 0.610000 0.000000
-0.000007 0.611127 0.000000
-0.000020 0.612745 0.000000
-0.000041 0.614809 0.000000
-0.000073 0.617275 0.000000
-0.000117 0.620098 0.000000
-0.000172 0.623233 0.000000
-0.000238 0.626636 0.000000
-0.000311 0.630263 0.000000
-0.000386 0.634069 0.000000
-0.000460 0.638009 0.000000
-0.000524 0.642040 0.000000
-0.000573 0.646116 0.000000
-0.000600 0.650193 0.000000
-0.000602 0.654226 0.000000
-0.000573 0.658171 0.000000
-0.000512 0.661983 0.000000
-0.000419 0.665616 0.000000
-0.000299 0.669026 0.000000
-0.000156 0.672169 0.000000
0.000000 0.675000 0.000000
0.000171 0.677660 0.000000
0.000360 0.680314 0.000000
0.000557 0.682958 0.000000
0.000755 0.685586 0.000000
0.000945 0.688191 0.000000
0.001121 0.690767 0.000000
0.001274 0.693307 0.000000
0.001400 0.695807 0.000000
0.001492 0.698258 0.000000
0.001547 0.700655 0.000000
0.001562 0.702989 0.000000
0.001534 0.705255 0.000000
0.001464 0.707443 0.000000
0.001352 0.709547 0.000000
0.001199 0.711560 0.000000
0.001011 0.713474 0.000000
0.000791 0.715281 0.000000
0.000544 0.716976 0.000000
0.000278 0.718551 0.000000
-0.000000 0.720000 0.000000
-0.000283 0.721334 0.000000
-0.000561 0.722575 0.000000
-0.000823 0.723735 0.000000
-0.001065 0.724825 0.000000
-0.001281 0.725855 0.000000
-0.001471 0.726836 0.000000
-0.001634 0.727776 0.000000
-0.001769 0.728684 0.000000
-0.001876 0.729570 0.000000
-0.001956 0.730443 0.000000
-0.002005 0.731311 0.000000
-0.002021 0.732182 0.000000
-0.002001 0.733064 0.000000
-0.001938 0.733966 0.000000
-0.001824 0.734894 0.000000
-0.001649 0.735853 0.000000
-0.001398 0.736845 0.000000
-0.001055 0.737872 0.000000
-0.000597 0.738927 0.000000
-0.000000 0.740000 0.000000
0.000725 0.741023 0.000000
0.001540 0.741945 0.000000
0.002434 0.742771 0.000000
0.003402 0.743506 0.000000
0.004443 0.744152 0.000000
0.005556 0.744711 0.000000
0.006744 0.745182 0.000000
0.008008 0.745562 0.000000
0.009354 0.745844 0.000000
0.010783 0.746020 0.000000
0.012298 0.746082 0.000000
0.013900 0.746019 0.000000
0.015591 0.745819 0.000000
0.017370 0.745471 0.000000
0.019237 0.744967 0.000000
0.021191 0.744297 0.000000
0.023235 0.743459 0.000000
0.025376 0.742456 0.000000
0.027624 0.741296 0.000000
0.030000 0.740000 0.000000
0.033260 0.738183 0.000000
0.038010 0.735477 0.000000
0.044045 0.731928 0.000000
0.051149 0.727566 0.000000
0.059094 0.722409 0.000000
0.067641 0.716470 0.000000
0.076542 0.709762 0.000000
0.085541 0.702313 0.000000
0.094382 0.694169 0.000000
0.102820 0.685415 0.000000
0.110628 0.676174 0.000000
0.117616 0.666620 0.000000
0.123642 0.656969 0.000000
0.128625 0.647479 0.000000
0.132554 0.638434 0.000000
0.135484 0.630132 0.000000
0.137533 0.622868 0.000000
0.138856 0.616922 0.000000
0.139628 0.612554 0.000000
0.140000 0.610000 0.000000
0.140202 0.608487 0.000000
0.140417 0.607091 0.000000
0.140676 0.605813 0.000000
0.140996 0.604651 0.000000
0.141381 0.603606 0.000000
0.141827 0.602679 0.000000
0.142327 0.601869 0.000000
0.142870 0.601172 0.000000
0.143446 0.600585 0.000000
0.144043 0.600102 0.000000
0.144654 0.599717 0.000000
0.145271 0.599422 0.000000
0.145889 0.599213 0.000000
0.146506 0.599084 0.000000
0.147118 0.599033 0.000000
0.147723 0.599059 0.000000
0.148320 0.599163 0.000000
0.148904 0.599350 0.000000
0.149468 0.599627 0.000000
0.150000 0.600000 0.000000
0.150454 0.600442 0.000000
0.150806 0.600899 0.000000
0.151074 0.601355 0.000000
0.151276 0.601799 0.000000
0.151424 0.602228 0.000000
0.151531 0.602644 0.000000
0.151604 0.603048 0.000000
0.151649 0.603447 0.000000
0.151669 0.603844 0.000000
0.151666 0.604248 0.000000
0.151640 0.604664 0.000000
0.151590 0.605098 0.000000
0.151514 0.605558 0.000000
0.151409 0.606048 0.000000
0.151270 0.606576 0.000000
0.151094 0.607146 0.000000
0.150879 0.607766 0.000000
0.150622 0.608442 0.000000
0.150327 0.609183 0.000000
0.150000 0.610000 0.000000
0.149589 0.611079 0.000000
0.149062 0.612583 0.000000
0.148465 0.614488 0.000000
0.147848 0.616769 0.000000
0.147257 0.619399 0.000000
0.146735 0.622343 0.000000
0.146318 0.625567 0.000000
0.146030 0.629030 0.000000
0.145887 0.632691 0.000000
0.145893 0.636508 0.000000
0.146043 0.640439 0.000000
0.146323 0.644445 0.000000
0.146709 0.648488 0.000000
0.147174 0.652533 0.000000
0.147689 0.656546 0.000000
0.148221 0.660496 0.000000
0.148743 0.664349 0.000000
0.149226 0.668073 0.000000
0.149650 0.671635 0.000000
0.150000 0.675000 0.000000
0.150290 0.678368 0.000000
0.150532 0.681940 0.000000
0.150721 0.685680 0.000000
0.150853 0.689551 0.000000
0.150930 0.693516 0.000000
0.150955 0.697539 0.000000
0.150934 0.701585 0.000000
0.150875 0.705616 0.000000
0.150788 0.709598 0.000000
0.150683 0.713495 0.000000
0.150568 0.717271 0.000000
0.150453 0.720892 0.000000
0.150345 0.724322 0.000000
0.150249 0.727525 0.000000
0.150169 0.730466 0.000000
0.150106 0.733110 0.000000
0.150060 0.735421 0.000000
0.150029 0.737363 0.000000
0.150010 0.738902 0.000000
0.150000 0.740000 0.000000
0.149994 0.740855 0.000000
0.149990 0.741684 0.000000
0.149987 0.742486 0.000000
0.149985 0.743259 0.000000
0.149984 0.744000 0.000000
0.149985 0.744708 0.000000
0.149985 0.745381 0.000000
0.149986 0.746016 0.000000
0.149988 0.746612 0.000000
0.149989 0.747167 0.000000
0.149991 0.747678 0.000000
0.149993 0.748144 0.000000
0.149994 0.748563 0.000000
0.149996 0.748932 0.000000
0.149997 0.749250 0.000000
0.149998 0.749515 0.000000
0.149999 0.749724 0.000000
0.149999 0.749876 0.000000
0.150000 0.749969 0.000000
