-0.000096 0.669862 0.000000
-0.000034 0.664731 0.000000
0.000214 0.659611 0.000000
0.000678 0.654514 0.000000
0.001386 0.649451 0.000000
0.002364 0.644441 0.000000
0.003637 0.639505 0.000000
0.005229 0.634669 0.000000
0.007158 0.629965 0.000000
0.009440 0.625429 0.000000
0.012084 0.621103 0.000000
0.015096 0.617032 0.000000
0.018471 0.613267 0.000000
0.022198 0.609861 0.000000
0.026256 0.606869 0.000000
0.030614 0.604346 0.000000
0.035229 0.602349 0.000000
0.040045 0.600930 0.000000
0.044995 0.600134 0.000000
0.050000 0.600000 0.000000
0.054985 0.600549 0.000000
0.059876 0.601755 0.000000
0.064592 0.603571 0.000000
0.069068 0.605942 0.000000
0.073254 0.608807 0.000000
0.077115 0.612100 0.000000
0.080627 0.615757 0.000000
0.083782 0.619717 0.000000
0.086580 0.623921 0.000000
0.089032 0.628316 0.000000
0.091153 0.632854 0.000000
0.092967 0.637494 0.000000
0.094501 0.642199 0.000000
0.095784 0.646940 0.000000
0.096849 0.651691 0.000000
0.097726 0.656432 0.000000
0.098450 0.661145 0.000000
0.099050 0.665818 0.000000
0.099557 0.670440 0.000000
0.100000 0.675000 0.000000
0.100394 0.679456 0.000000
0.100723 0.683782 0.000000
0.100968 0.687997 0.000000
0.101115 0.692118 0.000000
0.101149 0.696160 0.000000
0.101057 0.700138 0.000000
0.100825 0.704065 0.000000
0.100438 0.707951 0.000000
0.099880 0.711807 0.000000
0.099132 0.715638 0.000000
0.098171 0.719448 0.000000
0.096973 0.723236 0.000000
0.095511 0.726995 0.000000
0.093753 0.730713 0.000000
0.091663 0.734367 0.000000
0.089206 0.737925 0.000000
0.086344 0.741341 0.000000
0.083041 0.744550 0.000000
0.079266 0.747472 0.000000
0.075000 0.750000 0.000000
0.070276 0.752005 0.000000
0.065185 0.753393 0.000000
0.059811 0.754106 0.000000
0.054250 0.754104 0.000000
0.048601 0.753361 0.000000
0.042964 0.751870 0.000000
0.037435 0.749642 0.000000
0.032104 0.746700 0.000000
0.027053 0.743083 0.000000
0.022351 0.738840 0.000000
0.018054 0.734029 0.000000
0.014204 0.728711 0.000000
0.010829 0.722950 0.000000
0.007942 0.716811 0.000000
0.005541 0.710354 0.000000
0.003614 0.703634 0.000000
0.002136 0.696701 0.000000
0.001072 0.689597 0.000000
0.000377 0.682354 0.000000
0.000000 0.675000 0.000000
