0.000000 0.600031 0.000000
0.000000 0.600124 0.000000
0.000001 0.600276 0.000000
0.000002 0.600485 0.000000
0.000002 0.600750 0.000000
0.000003 0.601068 0.000000
0.000005 0.601437 0.000000
0.000006 0.601856 0.000000
0.000007 0.602322 0.000000
0.000009 0.602833 0.000000
0.000010 0.603388 0.000000
0.000011 0.603984 0.000000
0.000012 0.604619 0.000000
0.000012 0.605292 0.000000
0.000013 0.606000 0.000000
0.000012 0.606741 0.000000
0.000011 0.607514 0.000000
0.000008 0.608316 0.000000
0.000005 0.609145 0.000000
-0.000000 0.610000 0.000000
-0.000008 0.611112 0.000000
-0.000024 0.612687 0.000000
-0.000050 0.614685 0.000000
-0.000089 0.617067 0.000000
-0.000142 0.619794 0.000000
-0.000210 0.622825 0.000000
-0.000291 0.626120 0.000000
-0.000381 0.629641 0.000000
-0.000476 0.633347 0.000000
-0.000569 0.637199 0.000000
-0.000653 0.641157 0.000000
-0.000720 0.645183 0.000000
-0.000762 0.649235 0.000000
-0.000772 0.653275 0.000000
-0.000744 0.657262 0.000000
-0.000674 0.661156 0.000000
-0.000562 0.664917 0.000000
-0.000409 0.668505 0.000000
-0.000219 0.671879 0.000000
0.000000 0.675000 0.000000
0.000251 0.678017 0.000000
0.000539 0.681095 0.000000
0.000852 0.684221 0.000000
0.001177 0.687379 0.000000
0.001499 0.690556 0.000000
0.001805 0.693738 0.000000
0.002080 0.696911 0.000000
0.002311 0.700060 0.000000
0.002486 0.703170 0.000000
0.002594 0.706224 0.000000
0.002629 0.709208 0.000000
0.002586 0.712102 0.000000
0.002464 0.714890 0.000000
0.002264 0.717554 0.000000
0.001993 0.720077 0.000000
0.001660 0.722441 0.000000
0.001278 0.724629 0.000000
0.000861 0.726628 0.000000
0.000429 0.728423 0.000000
-0.000000 0.730000 0.000000
-0.000423 0.731416 0.000000
-0.000836 0.732743 0.000000
-0.001224 0.733993 0.000000
-0.001577 0.735176 0.000000
-0.001889 0.736303 0.000000
-0.002155 0.737380 0.000000
-0.002374 0.738414 0.000000
-0.002544 0.739412 0.000000
-0.002666 0.740379 0.000000
-0.002738 0.741321 0.000000
-0.002760 0.742242 0.000000
-0.002730 0.743146 0.000000
-0.002646 0.744039 0.000000
-0.002503 0.744922 0.000000
-0.002296 0.745798 0.000000
-0.002018 0.746667 0.000000
-0.001661 0.747529 0.000000
-0.001214 0.748378 0.000000
-0.000664 0.749206 0.000000
-0.000000 0.750000 0.000000
0.000764 0.750720 0.000000
0.001592 0.751337 0.000000
0.002470 0.751857 0.000000
0.003386 0.752281 0.000000
0.004331 0.752616 0.000000
0.005298 0.752867 0.000000
0.006280 0.753037 0.000000
0.007275 0.753133 0.000000
0.008278 0.753159 0.000000
0.009289 0.753120 0.000000
0.010307 0.753018 0.000000
0.011330 0.752859 0.000000
0.012362 0.752646 0.000000
0.013402 0.752383 0.000000
0.014452 0.752074 0.000000
0.015517 0.751722 0.000000
0.016599 0.751333 0.000000
0.017704 0.750912 0.000000
0.018835 0.750465 0.000000
0.020000 0.750000 0.000000
0.021194 0.749528 0.000000
0.022410 0.749054 0.000000
0.023649 0.748578 0.000000
0.024913 0.748100 0.000000
0.026204 0.747619 0.000000
0.027524 0.747135 0.000000
0.028874 0.746648 0.000000
0.030256 0.746158 0.000000
0.031672 0.745664 0.000000
0.033124 0.745167 0.000000
0.034613 0.744666 0.000000
0.036141 0.744161 0.000000
0.037711 0.743653 0.000000
0.039323 0.743140 0.000000
0.040980 0.742625 0.000000
0.042684 0.742106 0.000000
0.044436 0.741584 0.000000
0.046238 0.741058 0.000000
0.048092 0.740530 0.000000
0.050000 0.740000 0.000000
0.051961 0.739467 0.000000
0.053974 0.738928 0.000000
0.056041 0.738375 0.000000
0.058164 0.737799 0.000000
0.060344 0.737192 0.000000
0.062582 0.736542 0.000000
0.064878 0.735838 0.000000
0.067231 0.735063 0.000000
0.069638 0.734203 0.000000
0.072093 0.733239 0.000000
0.074591 0.732149 0.000000
0.077119 0.730910 0.000000
0.079662 0.729497 0.000000
0.082199 0.727882 0.000000
0.084702 0.726038 0.000000
0.087134 0.723935 0.000000
0.089446 0.721547 0.000000
0.091579 0.718852 0.000000
0.093460 0.715836 0.000000
0.095000 0.712500 0.000000
0.096121 0.708797 0.000000
0.096737 0.704715 0.000000
0.096744 0.700336 0.000000
0.096060 0.695764 0.000000
0.094626 0.691124 0.000000
0.092412 0.686548 0.000000
0.089419 0.682173 0.000000
0.085679 0.678127 0.000000
0.081248 0.674523 0.000000
0.076204 0.671455 0.000000
0.070637 0.668988 0.000000
0.064645 0.667163 0.000000
0.058321 0.665988 0.000000
0.051752 0.665447 0.000000
0.045011 0.665499 0.000000
0.038152 0.666084 0.000000
0.031212 0.667124 0.000000
0.024208 0.668527 0.000000
0.017142 0.670190 0.000000
0.010000 0.672000 0.000000
