0.002143 0.670760 0.000000
0.004329 0.666471 0.000000
0.006574 0.662143 0.000000
0.008895 0.657785 0.000000
0.011308 0.653409 0.000000
0.013833 0.649027 0.000000
0.016487 0.644654 0.000000
0.019291 0.640305 0.000000
0.022262 0.636001 0.000000
0.025419 0.631761 0.000000
0.028782 0.627610 0.000000
0.032365 0.623576 0.000000
0.036185 0.619690 0.000000
0.040253 0.615985 0.000000
0.044578 0.612502 0.000000
0.049165 0.609282 0.000000
0.054012 0.606371 0.000000
0.059112 0.603818 0.000000
0.064449 0.601677 0.000000
0.070000 0.600000 0.000000
0.075829 0.598822 0.000000
0.081974 0.598193 0.000000
0.088353 0.598181 0.000000
0.094870 0.598839 0.000000
0.101422 0.600201 0.000000
0.107902 0.602281 0.000000
0.114200 0.605071 0.000000
0.120212 0.608542 0.000000
0.125841 0.612648 0.000000
0.131002 0.617322 0.000000
0.135621 0.622485 0.000000
0.139647 0.628045 0.000000
0.143043 0.633904 0.000000
0.145791 0.639958 0.000000
0.147896 0.646104 0.000000
0.149378 0.652244 0.000000
0.150272 0.658283 0.000000
0.150631 0.664136 0.000000
0.150516 0.669730 0.000000
0.150000 0.675000 0.000000
0.149157 0.679918 0.000000
0.148052 0.684504 0.000000
0.146735 0.688785 0.000000
0.145247 0.692789 0.000000
0.143615 0.696548 0.000000
0.141858 0.700092 0.000000
0.139985 0.703452 0.000000
0.138000 0.706658 0.000000
0.135899 0.709736 0.000000
0.133675 0.712712 0.000000
0.131314 0.715607 0.000000
0.128799 0.718442 0.000000
0.126108 0.721231 0.000000
0.123217 0.723989 0.000000
0.120100 0.726722 0.000000
0.116725 0.729435 0.000000
0.113062 0.732127 0.000000
0.109077 0.734793 0.000000
0.104735 0.737423 0.000000
0.100000 0.740000 0.000000
0.094669 0.742573 0.000000
0.088581 0.745098 0.000000
0.081774 0.747403 0.000000
0.074307 0.749306 0.000000
0.066263 0.750619 0.000000
0.057762 0.751156 0.000000
0.048961 0.750746 0.000000
0.040059 0.749249 0.000000
0.031292 0.746566 0.000000
0.022927 0.742659 0.000000
0.015239 0.737566 0.000000
0.008496 0.731401 0.000000
0.002931 0.724360 0.000000
-0.001286 0.716707 0.000000
-0.004068 0.708754 0.000000
-0.005424 0.700831 0.000000
-0.005465 0.693257 0.000000
-0.004388 0.686303 0.000000
-0.002464 0.680176 0.000000
-0.000000 0.675000 0.000000
0.002810 0.670627 0.000000
0.005891 0.666828 0.000000
0.009129 0.663541 0.000000
0.012445 0.660698 0.000000
0.015789 0.658235 0.000000
0.019130 0.656092 0.000000
0.022455 0.654218 0.000000
0.025759 0.652568 0.000000
0.029051 0.651103 0.000000
0.032341 0.649790 0.000000
0.035647 0.648601 0.000000
0.038990 0.647512 0.000000
0.042392 0.646503 0.000000
0.045877 0.645554 0.000000
0.049472 0.644646 0.000000
0.053202 0.643763 0.000000
0.057094 0.642883 0.000000
0.061175 0.641983 0.000000
0.065469 0.641034 0.000000
0.070000 0.640000 0.000000
0.074709 0.638860 0.000000
0.079519 0.637623 0.000000
0.084427 0.636288 0.000000
0.089429 0.634853 0.000000
0.094520 0.633319 0.000000
0.099699 0.631687 0.000000
0.104961 0.629958 0.000000
0.110304 0.628132 0.000000
0.115724 0.626213 0.000000
0.121220 0.624202 0.000000
0.126789 0.622103 0.000000
0.132430 0.619919 0.000000
0.138140 0.617654 0.000000
0.143919 0.615314 0.000000
0.149766 0.612903 0.000000
0.155679 0.610426 0.000000
0.161659 0.607891 0.000000
0.167706 0.605303 0.000000
0.173819 0.602670 0.000000
0.180000 0.600000 0.000000
