0.000000 0.600031 0.000000
0.000000 0.600124 0.000000
0.000001 0.600276 0.000000
0.000002 0.600485 0.000000
0.000002 0.600750 0.000000
0.000003 0.601068 0.000000
0.000005 0.601437 0.000000
0.000006 0.601856 0.000000
0.000007 0.602322 0.000000
0.000008 0.602833 0.000000
0.000010 0.603388 0.000000
0.000011 0.603984 0.000000
0.000012 0.604619 0.000000
0.000012 0.605292 0.000000
0.000013 0.606000 0.000000
0.000012 0.606741 0.000000
0.000011 0.607514 0.000000
0.000008 0.608316 0.000000
0.000005 0.609145 0.000000
-0.000000 0.610000 0.000000
-0.000008 0.611112 0.000000
-0.000024 0.612687 0.000000
-0.000050 0.614685 0.000000
-0.000089 0.617067 0.000000
-0.000142 0.619794 0.000000
-0.000210 0.622825 0.000000
-0.000290 0.626120 0.000000
-0.000380 0.629641 0.000000
-0.000474 0.633347 0.000000
-0.000567 0.637199 0.000000
-0.000651 0.641158 0.000000
-0.000718 0.645183 0.000000
-0.000760 0.649235 0.000000
-0.000770 0.653275 0.000000
-0.000742 0.657262 0.000000
-0.000673 0.661156 0.000000
-0.000561 0.664917 0.000000
-0.000408 0.668505 0.000000
-0.000218 0.671879 0.000000
0.000000 0.675000 0.000000
0.000251 0.678017 0.000000
0.000538 0.681095 0.000000
0.000850 0.684221 0.000000
0.001174 0.687379 0.000000
0.001495 0.690556 0.000000
0.001801 0.693738 0.000000
0.002075 0.696911 0.000000
0.002305 0.700060 0.000000
0.002480 0.703170 0.000000
0.002588 0.706225 0.000000
0.002623 0.709208 0.000000
0.002580 0.712102 0.000000
0.002458 0.714890 0.000000
0.002258 0.717554 0.000000
0.001988 0.720077 0.000000
0.001656 0.722441 0.000000
0.001274 0.724629 0.000000
0.000859 0.726628 0.000000
0.000428 0.728423 0.000000
-0.000000 0.730000 0.000000
-0.000422 0.731416 0.000000
-0.000834 0.732743 0.000000
-0.001221 0.733992 0.000000
-0.001573 0.735176 0.000000
-0.001884 0.736302 0.000000
-0.002149 0.737379 0.000000
-0.002367 0.738413 0.000000
-0.002537 0.739411 0.000000
-0.002658 0.740378 0.000000
-0.002731 0.741319 0.000000
-0.002753 0.742239 0.000000
-0.002723 0.743143 0.000000
-0.002639 0.744035 0.000000
-0.002496 0.744918 0.000000
-0.002290 0.745794 0.000000
-0.002013 0.746664 0.000000
-0.001657 0.747525 0.000000
-0.001211 0.748375 0.000000
-0.000663 0.749204 0.000000
-0.000000 0.750000 0.000000
0.000763 0.750721 0.000000
0.001590 0.751341 0.000000
0.002467 0.751863 0.000000
0.003382 0.752290 0.000000
0.004327 0.752628 0.000000
0.005294 0.752880 0.000000
0.006277 0.753053 0.000000
0.007272 0.753152 0.000000
0.008276 0.753179 0.000000
0.009288 0.753141 0.000000
0.010307 0.753041 0.000000
0.011331 0.752882 0.000000
0.012364 0.752669 0.000000
0.013404 0.752405 0.000000
0.014456 0.752095 0.000000
0.015521 0.751741 0.000000
0.016603 0.751349 0.000000
0.017707 0.750924 0.000000
0.018837 0.750472 0.000000
0.020000 0.750000 0.000000
0.021191 0.749520 0.000000
0.022402 0.749037 0.000000
0.023635 0.748552 0.000000
0.024893 0.748063 0.000000
0.026176 0.747571 0.000000
0.027488 0.747076 0.000000
0.028830 0.746577 0.000000
0.030204 0.746076 0.000000
0.031613 0.745571 0.000000
0.033058 0.745063 0.000000
0.034542 0.744554 0.000000
0.036066 0.744042 0.000000
0.037634 0.743529 0.000000
0.039247 0.743016 0.000000
0.040907 0.742504 0.000000
0.042617 0.741993 0.000000
0.044379 0.741486 0.000000
0.046195 0.740983 0.000000
0.048068 0.740487 0.000000
0.050000 0.740000 0.000000
0.051998 0.739521 0.000000
0.054066 0.739044 0.000000
0.056206 0.738563 0.000000
0.058416 0.738066 0.000000
0.060695 0.737544 0.000000
0.063041 0.736982 0.000000
0.065453 0.736365 0.000000
0.067925 0.735674 0.000000
0.070452 0.734889 0.000000
0.073025 0.733985 0.000000
0.075632 0.732938 0.000000
0.078255 0.731718 0.000000
0.080872 0.730294 0.000000
0.083450 0.728637 0.000000
0.085950 0.726715 0.000000
0.088320 0.724501 0.000000
0.090495 0.721973 0.000000
0.092397 0.719123 0.000000
0.093934 0.715955 0.000000
0.095000 0.712500 0.000000
0.095510 0.708505 0.000000
0.095216 0.703820 0.000000
0.093832 0.698732 0.000000
0.091205 0.693600 0.000000
0.087342 0.688792 0.000000
0.082389 0.684608 0.000000
0.076584 0.681238 0.000000
0.070204 0.678741 0.000000
0.063509 0.677060 0.000000
0.056718 0.676054 0.000000
0.050000 0.675534 0.000000
0.043482 0.675301 0.000000
0.037266 0.675173 0.000000
0.031445 0.675006 0.000000
0.026112 0.674711 0.000000
0.021364 0.674257 0.000000
0.017296 0.673669 0.000000
0.013996 0.673025 0.000000
0.011542 0.672430 0.000000
0.010000 0.672000 0.000000
0.008984 0.671696 0.000000
0.008050 0.671429 0.000000
0.007188 0.671214 0.000000
0.006390 0.671061 0.000000
0.005652 0.670969 0.000000
0.004969 0.670937 0.000000
0.004340 0.670959 0.000000
0.003762 0.671031 0.000000
0.003230 0.671145 0.000000
0.002743 0.671299 0.000000
0.002295 0.671488 0.000000
0.001882 0.671712 0.000000
0.001504 0.671970 0.000000
0.001156 0.672263 0.000000
0.000841 0.672597 0.000000
0.000560 0.672974 0.000000
0.000321 0.673400 0.000000
0.000136 0.673879 0.000000
0.000021 0.674414 0.000000
-0.000000 0.675000 0.000000
0.000090 0.675579 0.000000
0.000267 0.676094 0.000000
0.000506 0.676546 0.000000
0.000790 0.676938 0.000000
0.001108 0.677276 0.000000
0.001453 0.677567 0.000000
0.001823 0.677815 0.000000
0.002218 0.678025 0.000000
0.002640 0.678199 0.000000
0.003091 0.678337 0.000000
0.003576 0.678437 0.000000
0.004098 0.678497 0.000000
0.004660 0.678512 0.000000
0.005266 0.678477 0.000000
0.005919 0.678386 0.000000
0.006620 0.678233 0.000000
0.007372 0.678015 0.000000
0.008181 0.677732 0.000000
0.009053 0.677390 0.000000
0.010000 0.677000 0.000000
0.011452 0.676420 0.000000
0.013782 0.675551 0.000000
0.016920 0.674485 0.000000
0.020789 0.673312 0.000000
0.025306 0.672098 0.000000
0.030377 0.670880 0.000000
0.035899 0.669660 0.000000
0.041767 0.668402 0.000000
0.047866 0.667043 0.000000
0.054078 0.665499 0.000000
0.060274 0.663685 0.000000
0.066315 0.661530 0.000000
0.072057 0.658992 0.000000
0.077351 0.656079 0.000000
0.082066 0.652852 0.000000
0.086097 0.649431 0.000000
0.089385 0.645983 0.000000
0.091927 0.642708 0.000000
0.093770 0.639814 0.000000
0.095000 0.637500 0.000000
0.095883 0.635552 0.000000
0.096629 0.633639 0.000000
0.097257 0.631774 0.000000
0.097782 0.629963 0.000000
0.098219 0.628212 0.000000
0.098579 0.626526 0.000000
0.098875 0.624907 0.000000
0.099117 0.623356 0.000000
0.099313 0.621875 0.000000
0.099471 0.620464 0.000000
0.099597 0.619122 0.000000
0.099697 0.617849 0.000000
0.099776 0.616644 0.000000
0.099838 0.615505 0.000000
0.099886 0.614432 0.000000
0.099923 0.613423 0.000000
0.099951 0.612477 0.000000
0.099972 0.611592 0.000000
0.099988 0.610767 0.000000
0.100000 0.610000 0.000000
0.100009 0.609264 0.000000
0.100016 0.608532 0.000000
0.100021 0.607810 0.000000
0.100024 0.607100 0.000000
0.100026 0.606404 0.000000
0.100027 0.605727 0.000000
0.100026 0.605072 0.000000
0.100025 0.604441 0.000000
0.100023 0.603839 0.000000
0.100020 0.603268 0.000000
0.100018 0.602732 0.000000
0.100015 0.602233 0.000000
0.100012 0.601776 0.000000
0.100009 0.601363 0.000000
0.100007 0.600998 0.000000
0.100005 0.600684 0.000000
0.100003 0.600424 0.000000
0.100002 0.600221 0.000000
0.100001 0.600078 0.000000
