0.001718 0.623788 0.000000
0.003512 0.622526 0.000000
0.005381 0.621219 0.000000
0.007326 0.619872 0.000000
0.009348 0.618489 0.000000
0.011448 0.617079 0.000000
0.013627 0.615647 0.000000
0.015887 0.614201 0.000000
0.018231 0.612751 0.000000
0.020661 0.611306 0.000000
0.023178 0.609877 0.000000
0.025786 0.608475 0.000000
0.028487 0.607113 0.000000
0.031281 0.605806 0.000000
0.034170 0.604567 0.000000
0.037155 0.603413 0.000000
0.040233 0.602361 0.000000
0.043403 0.601428 0.000000
0.046661 0.600635 0.000000
0.050000 0.600000 0.000000
0.053521 0.599532 0.000000
0.057308 0.599265 0.000000
0.061321 0.599259 0.000000
0.065513 0.599570 0.000000
0.069827 0.600252 0.000000
0.074195 0.601350 0.000000
0.078542 0.602901 0.000000
0.082781 0.604924 0.000000
0.086824 0.607426 0.000000
0.090579 0.610392 0.000000
0.093955 0.613788 0.000000
0.096870 0.617556 0.000000
0.099257 0.621622 0.000000
0.101064 0.625894 0.000000
0.102263 0.630268 0.000000
0.102854 0.634633 0.000000
0.102861 0.638882 0.000000
0.102335 0.642914 0.000000
0.101350 0.646642 0.000000
0.100000 0.650000 0.000000
0.098351 0.653015 0.000000
0.096446 0.655748 0.000000
0.094345 0.658205 0.000000
0.092095 0.660403 0.000000
0.089735 0.662358 0.000000
0.087294 0.664091 0.000000
0.084796 0.665623 0.000000
0.082257 0.666973 0.000000
0.079689 0.668162 0.000000
0.077099 0.669206 0.000000
0.074491 0.670124 0.000000
0.071868 0.670931 0.000000
0.069230 0.671642 0.000000
0.066573 0.672269 0.000000
0.063895 0.672827 0.000000
0.061191 0.673328 0.000000
0.058455 0.673782 0.000000
0.055683 0.674204 0.000000
0.052866 0.674606 0.000000
0.050000 0.675000 0.000000
0.047134 0.675394 0.000000
0.044317 0.675796 0.000000
0.041545 0.676218 0.000000
0.038809 0.676672 0.000000
0.036105 0.677173 0.000000
0.033427 0.677731 0.000000
0.030770 0.678358 0.000000
0.028132 0.679069 0.000000
0.025509 0.679876 0.000000
0.022901 0.680794 0.000000
0.020311 0.681838 0.000000
0.017743 0.683027 0.000000
0.015204 0.684377 0.000000
0.012706 0.685909 0.000000
0.010265 0.687642 0.000000
0.007905 0.689597 0.000000
0.005655 0.691795 0.000000
0.003554 0.694252 0.000000
0.001649 0.696985 0.000000
0.000000 0.700000 0.000000
-0.001350 0.703358 0.000000
-0.002335 0.707086 0.000000
-0.002861 0.711118 0.000000
-0.002854 0.715367 0.000000
-0.002263 0.719732 0.000000
-0.001064 0.724106 0.000000
0.000743 0.728378 0.000000
0.003130 0.732444 0.000000
0.006045 0.736212 0.000000
0.009421 0.739608 0.000000
0.013176 0.742574 0.000000
0.017219 0.745076 0.000000
0.021458 0.747099 0.000000
0.025805 0.748650 0.000000
0.030173 0.749748 0.000000
0.034487 0.750430 0.000000
0.038679 0.750741 0.000000
0.042692 0.750735 0.000000
0.046479 0.750468 0.000000
0.050000 0.750000 0.000000
0.053339 0.749365 0.000000
0.056597 0.748572 0.000000
0.059767 0.747639 0.000000
0.062845 0.746587 0.000000
0.065830 0.745433 0.000000
0.068719 0.744194 0.000000
0.071513 0.742887 0.000000
0.074214 0.741525 0.000000
0.076822 0.740123 0.000000
0.079339 0.738694 0.000000
0.081769 0.737249 0.000000
0.084113 0.735799 0.000000
0.086373 0.734353 0.000000
0.088552 0.732921 0.000000
0.090652 0.731511 0.000000
0.092674 0.730128 0.000000
0.094619 0.728781 0.000000
0.096488 0.727474 0.000000
0.098282 0.726212 0.000000
0.100000 0.725000 0.000000
