0.099397 0.746169 0.000000
0.098804 0.742346 0.000000
0.098232 0.738530 0.000000
0.097689 0.734719 0.000000
0.097185 0.730912 0.000000
0.096727 0.727108 0.000000
0.096327 0.723308 0.000000
0.095991 0.719511 0.000000
0.095729 0.715718 0.000000
0.095549 0.711930 0.000000
0.095459 0.708148 0.000000
0.095469 0.704375 0.000000
0.095585 0.700613 0.000000
0.095816 0.696867 0.000000
0.096169 0.693139 0.000000
0.096651 0.689437 0.000000
0.097269 0.685764 0.000000
0.098030 0.682129 0.000000
0.098938 0.678538 0.000000
0.100000 0.675000 0.000000
0.101210 0.671524 0.000000
0.102531 0.668104 0.000000
0.103918 0.664727 0.000000
0.105332 0.661375 0.000000
0.106731 0.658030 0.000000
0.108079 0.654676 0.000000
0.109334 0.651297 0.000000
0.110458 0.647882 0.000000
0.111411 0.644424 0.000000
0.112150 0.640920 0.000000
0.112634 0.637378 0.000000
0.112820 0.633814 0.000000
0.112667 0.630251 0.000000
0.112138 0.626727 0.000000
0.111199 0.623291 0.000000
0.109825 0.620005 0.000000
0.108004 0.616944 0.000000
0.105740 0.614193 0.000000
0.103056 0.611845 0.000000
0.100000 0.610000 0.000000
0.096630 0.608734 0.000000
0.093041 0.608076 0.000000
0.089352 0.608028 0.000000
0.085669 0.608565 0.000000
0.082083 0.609641 0.000000
0.078662 0.611195 0.000000
0.075453 0.613159 0.000000
0.072483 0.615460 0.000000
0.069760 0.618030 0.000000
0.067279 0.620804 0.000000
0.065021 0.623723 0.000000
0.062963 0.626736 0.000000
0.061073 0.629799 0.000000
0.059318 0.632874 0.000000
0.057667 0.635928 0.000000
0.056087 0.638934 0.000000
0.054550 0.641865 0.000000
0.053035 0.644700 0.000000
0.051522 0.647418 0.000000
0.050000 0.650000 0.000000
0.048464 0.652436 0.000000
0.046922 0.654739 0.000000
0.045384 0.656926 0.000000
0.043854 0.659015 0.000000
0.042336 0.661019 0.000000
0.040830 0.662955 0.000000
0.039337 0.664835 0.000000
0.037854 0.666672 0.000000
0.036381 0.668481 0.000000
0.034912 0.670272 0.000000
0.033447 0.672058 0.000000
0.031980 0.673851 0.000000
0.030510 0.675663 0.000000
0.029034 0.677508 0.000000
0.027548 0.679397 0.000000
0.026053 0.681344 0.000000
0.024548 0.683362 0.000000
0.023035 0.685468 0.000000
0.021517 0.687675 0.000000
0.020000 0.690000 0.000000
0.018511 0.692431 0.000000
0.017079 0.694947 0.000000
0.015716 0.697551 0.000000
0.014436 0.700245 0.000000
0.013255 0.703031 0.000000
0.012188 0.705908 0.000000
0.011253 0.708876 0.000000
0.010468 0.711931 0.000000
0.009854 0.715067 0.000000
0.009431 0.718277 0.000000
0.009219 0.721549 0.000000
0.009240 0.724870 0.000000
0.009516 0.728220 0.000000
0.010067 0.731576 0.000000
0.010911 0.734913 0.000000
0.012067 0.738198 0.000000
0.013547 0.741394 0.000000
0.015361 0.744458 0.000000
0.017513 0.747344 0.000000
0.020000 0.750000 0.000000
0.022871 0.752426 0.000000
0.026159 0.754604 0.000000
0.029816 0.756470 0.000000
0.033785 0.757976 0.000000
0.037999 0.759093 0.000000
0.042391 0.759817 0.000000
0.046898 0.760157 0.000000
0.051462 0.760142 0.000000
0.056035 0.759812 0.000000
0.060579 0.759216 0.000000
0.065063 0.758409 0.000000
0.069466 0.757448 0.000000
0.073772 0.756389 0.000000
0.077966 0.755286 0.000000
0.082037 0.754188 0.000000
0.085971 0.753137 0.000000
0.089755 0.752170 0.000000
0.093369 0.751314 0.000000
0.096792 0.750588 0.000000
0.100000 0.750000 0.000000
0.103078 0.749532 0.000000
0.106123 0.749159 0.000000
0.109129 0.748871 0.000000
0.112091 0.748659 0.000000
0.115002 0.748516 0.000000
0.117857 0.748433 0.000000
0.120653 0.748402 0.000000
0.123386 0.748416 0.000000
0.126051 0.748468 0.000000
0.128645 0.748550 0.000000
0.131165 0.748658 0.000000
0.133607 0.748785 0.000000
0.135969 0.748926 0.000000
0.138248 0.749078 0.000000
0.140440 0.749235 0.000000
0.142543 0.749394 0.000000
0.144553 0.749553 0.000000
0.146468 0.749708 0.000000
0.148285 0.749858 0.000000
0.150000 0.750000 0.000000
