0.028524 0.740209 0.000000
0.027146 0.730433 0.000000
0.025960 0.720661 0.000000
0.025056 0.710889 0.000000
0.024526 0.701120 0.000000
0.024458 0.691366 0.000000
0.024939 0.681655 0.000000
0.026052 0.672026 0.000000
0.027874 0.662537 0.000000
0.030473 0.653262 0.000000
0.033906 0.644296 0.000000
0.038212 0.635751 0.000000
0.043412 0.627755 0.000000
0.049500 0.620454 0.000000
0.056440 0.614004 0.000000
0.064161 0.608568 0.000000
0.072551 0.604308 0.000000
0.081459 0.601376 0.000000
0.090688 0.599906 0.000000
0.100000 0.600000 0.000000
0.109127 0.601692 0.000000
0.117823 0.604863 0.000000
0.125892 0.609342 0.000000
0.133193 0.614942 0.000000
0.139634 0.621475 0.000000
0.145164 0.628760 0.000000
0.149769 0.636629 0.000000
0.153465 0.644933 0.000000
0.156291 0.653543 0.000000
0.158300 0.662349 0.000000
0.159560 0.671264 0.000000
0.160145 0.680220 0.000000
0.160134 0.689165 0.000000
0.159607 0.698066 0.000000
0.158645 0.706900 0.000000
0.157327 0.715657 0.000000
0.155730 0.724338 0.000000
0.153928 0.732947 0.000000
0.151995 0.741496 0.000000
