0.002888 0.746705 0.000000
0.005780 0.743391 0.000000
0.008672 0.740054 0.000000
0.011555 0.736688 0.000000
0.014424 0.733287 0.000000
0.017272 0.729846 0.000000
0.020090 0.726361 0.000000
0.022871 0.722825 0.000000
0.025608 0.719233 0.000000
0.028292 0.715581 0.000000
0.030913 0.711865 0.000000
0.033463 0.708079 0.000000
0.035931 0.704221 0.000000
0.038308 0.700287 0.000000
0.040582 0.696275 0.000000
0.042742 0.692182 0.000000
0.044777 0.688008 0.000000
0.046673 0.683752 0.000000
0.048419 0.679415 0.000000
0.050000 0.675000 0.000000
0.051415 0.670503 0.000000
0.052697 0.665933 0.000000
0.053887 0.661308 0.000000
0.055030 0.656644 0.000000
0.056172 0.651954 0.000000
0.057360 0.647255 0.000000
0.058644 0.642561 0.000000
0.060072 0.637892 0.000000
0.061692 0.633271 0.000000
0.063550 0.628730 0.000000
0.065690 0.624305 0.000000
0.068149 0.620043 0.000000
0.070957 0.615997 0.000000
0.074133 0.612234 0.000000
0.077685 0.608826 0.000000
0.081602 0.605854 0.000000
0.085856 0.603402 0.000000
0.090396 0.601557 0.000000
0.095144 0.600399 0.000000
0.100000 0.600000 0.000000
0.104856 0.600399 0.000000
0.109604 0.601557 0.000000
0.114144 0.603402 0.000000
0.118398 0.605854 0.000000
0.122315 0.608826 0.000000
0.125867 0.612234 0.000000
0.129043 0.615997 0.000000
0.131851 0.620043 0.000000
0.134310 0.624305 0.000000
0.136450 0.628730 0.000000
0.138308 0.633271 0.000000
0.139928 0.637892 0.000000
0.141356 0.642561 0.000000
0.142640 0.647255 0.000000
0.143828 0.651954 0.000000
0.144970 0.656644 0.000000
0.146113 0.661308 0.000000
0.147303 0.665933 0.000000
0.148585 0.670503 0.000000
0.150000 0.675000 0.000000
0.151581 0.679415 0.000000
0.153327 0.683752 0.000000
0.155223 0.688008 0.000000
0.157258 0.692182 0.000000
0.159418 0.696275 0.000000
0.161692 0.700287 0.000000
0.164069 0.704221 0.000000
0.166537 0.708079 0.000000
0.169087 0.711865 0.000000
0.171708 0.715581 0.000000
0.174392 0.719233 0.000000
0.177129 0.722825 0.000000
0.179910 0.726361 0.000000
0.182728 0.729846 0.000000
0.185576 0.733287 0.000000
0.188445 0.736688 0.000000
0.191328 0.740054 0.000000
0.194220 0.743391 0.000000
0.197112 0.746705 0.000000
0.200000 0.750000 0.000000
