-0.000777 0.744637 0.000000
-0.001536 0.739308 0.000000
-0.002264 0.734012 0.000000
-0.002948 0.728749 0.000000
-0.003576 0.723517 0.000000
-0.004137 0.718317 0.000000
-0.004621 0.713148 0.000000
-0.005017 0.708011 0.000000
-0.005316 0.702908 0.000000
-0.005508 0.697841 0.000000
-0.005585 0.692812 0.000000
-0.005538 0.687824 0.000000
-0.005361 0.682882 0.000000
-0.005047 0.677989 0.000000
-0.004589 0.673151 0.000000
-0.003984 0.668373 0.000000
-0.003225 0.663662 0.000000
-0.002310 0.659025 0.000000
-0.001236 0.654468 0.000000
0.000000 0.650000 0.000000
0.001384 0.645674 0.000000
0.002904 0.641535 0.000000
0.004563 0.637572 0.000000
0.006364 0.633781 0.000000
0.008312 0.630154 0.000000
0.010411 0.626687 0.000000
0.012667 0.623378 0.000000
0.015088 0.620225 0.000000
0.017680 0.617231 0.000000
0.020455 0.614401 0.000000
0.023423 0.611744 0.000000
0.026594 0.609273 0.000000
0.029980 0.607008 0.000000
0.033590 0.604975 0.000000
0.037431 0.603204 0.000000
0.041508 0.601736 0.000000
0.045820 0.600619 0.000000
0.050356 0.599912 0.000000
0.055095 0.599681 0.000000
0.060000 0.600000 0.000000
0.065171 0.600984 0.000000
0.070621 0.602775 0.000000
0.076152 0.605455 0.000000
0.081557 0.609048 0.000000
0.086642 0.613519 0.000000
0.091239 0.618781 0.000000
0.095222 0.624706 0.000000
0.098511 0.631141 0.000000
0.101075 0.637922 0.000000
0.102926 0.644890 0.000000
0.104115 0.651893 0.000000
0.104717 0.658800 0.000000
0.104828 0.665498 0.000000
0.104551 0.671891 0.000000
0.103988 0.677901 0.000000
0.103240 0.683459 0.000000
0.102395 0.688503 0.000000
0.101531 0.692979 0.000000
0.100715 0.696829 0.000000
0.100000 0.700000 0.000000
0.099344 0.702763 0.000000
0.098661 0.705426 0.000000
0.097930 0.707978 0.000000
0.097138 0.710414 0.000000
0.096277 0.712723 0.000000
0.095344 0.714899 0.000000
0.094339 0.716934 0.000000
0.093267 0.718820 0.000000
0.092138 0.720551 0.000000
0.090962 0.722126 0.000000
0.089754 0.723541 0.000000
0.088529 0.724798 0.000000
0.087303 0.725900 0.000000
0.086094 0.726853 0.000000
0.084916 0.727665 0.000000
0.083786 0.728345 0.000000
0.082718 0.728906 0.000000
0.081723 0.729360 0.000000
0.080814 0.729720 0.000000
0.080000 0.730000 0.000000
0.079271 0.730217 0.000000
0.078609 0.730385 0.000000
0.078009 0.730516 0.000000
0.077465 0.730615 0.000000
0.076969 0.730690 0.000000
0.076515 0.730745 0.000000
0.076094 0.730785 0.000000
0.075698 0.730812 0.000000
0.075320 0.730829 0.000000
0.074952 0.730836 0.000000
0.074584 0.730835 0.000000
0.074208 0.730824 0.000000
0.073817 0.730803 0.000000
0.073401 0.730769 0.000000
0.072954 0.730719 0.000000
0.072468 0.730648 0.000000
0.071935 0.730550 0.000000
0.071349 0.730417 0.000000
0.070705 0.730238 0.000000
0.070000 0.730000 0.000000
0.069233 0.729688 0.000000
0.068409 0.729287 0.000000
0.067540 0.728785 0.000000
0.066637 0.728168 0.000000
0.065715 0.727425 0.000000
0.064791 0.726547 0.000000
0.063883 0.725525 0.000000
0.063010 0.724355 0.000000
0.062192 0.723035 0.000000
0.061446 0.721565 0.000000
0.060792 0.719949 0.000000
0.060242 0.718192 0.000000
0.059810 0.716303 0.000000
0.059503 0.714291 0.000000
0.059322 0.712163 0.000000
0.059267 0.709929 0.000000
0.059326 0.707593 0.000000
0.059485 0.705160 0.000000
0.059720 0.702630 0.000000
0.060000 0.700000 0.000000
0.060318 0.697021 0.000000
0.060693 0.693473 0.000000
0.061129 0.689391 0.000000
0.061641 0.684815 0.000000
0.062251 0.679783 0.000000
0.062995 0.674338 0.000000
0.063922 0.668526 0.000000
0.065089 0.662396 0.000000
0.066569 0.656007 0.000000
0.068438 0.649429 0.000000
0.070778 0.642744 0.000000
0.073672 0.636052 0.000000
0.077193 0.629472 0.000000
0.081399 0.623146 0.000000
0.086322 0.617232 0.000000
0.091962 0.611907 0.000000
0.098272 0.607353 0.000000
0.105156 0.603750 0.000000
0.112466 0.601257 0.000000
0.120000 0.600000 0.000000
0.127690 0.600043 0.000000
0.135467 0.601418 0.000000
0.143100 0.604131 0.000000
0.150368 0.608140 0.000000
0.157069 0.613362 0.000000
0.163027 0.619683 0.000000
0.168101 0.626960 0.000000
0.172188 0.635039 0.000000
0.175223 0.643757 0.000000
0.177178 0.652955 0.000000
0.178061 0.662487 0.000000
0.177909 0.672222 0.000000
0.176784 0.682055 0.000000
0.174769 0.691902 0.000000
0.171959 0.701710 0.000000
0.168464 0.711450 0.000000
0.164397 0.721120 0.000000
0.159879 0.730739 0.000000
0.155037 0.740347 0.000000
0.150000 0.750000 0.000000
