0.006697 0.747312 0.000000
0.013268 0.744598 0.000000
0.019680 0.741805 0.000000
0.025897 0.738885 0.000000
0.031884 0.735801 0.000000
0.037603 0.732526 0.000000
0.043018 0.729042 0.000000
0.048089 0.725345 0.000000
0.052781 0.721441 0.000000
0.057061 0.717345 0.000000
0.060900 0.713087 0.000000
0.064277 0.708701 0.000000
0.067177 0.704233 0.000000
0.069595 0.699733 0.000000
0.071538 0.695254 0.000000
0.073020 0.690851 0.000000
0.074067 0.686576 0.000000
0.074716 0.682481 0.000000
0.075010 0.678610 0.000000
0.075000 0.675000 0.000000
0.074738 0.671628 0.000000
0.074274 0.668447 0.000000
0.073652 0.665452 0.000000
0.072908 0.662632 0.000000
0.072070 0.659976 0.000000
0.071159 0.657468 0.000000
0.070194 0.655094 0.000000
0.069187 0.652839 0.000000
0.068146 0.650688 0.000000
0.067079 0.648627 0.000000
0.065989 0.646640 0.000000
0.064877 0.644716 0.000000
0.063744 0.642839 0.000000
0.062588 0.640998 0.000000
0.061407 0.639179 0.000000
0.060198 0.637371 0.000000
0.058957 0.635561 0.000000
0.057680 0.633737 0.000000
0.056362 0.631888 0.000000
0.055000 0.630000 0.000000
0.053601 0.628082 0.000000
0.052171 0.626158 0.000000
0.050703 0.624241 0.000000
0.049192 0.622344 0.000000
0.047634 0.620481 0.000000
0.046022 0.618666 0.000000
0.044355 0.616913 0.000000
0.042631 0.615238 0.000000
0.040850 0.613653 0.000000
0.039017 0.612173 0.000000
0.037135 0.610811 0.000000
0.035214 0.609578 0.000000
0.033262 0.608484 0.000000
0.031294 0.607537 0.000000
0.029322 0.606741 0.000000
0.027364 0.606100 0.000000
0.025435 0.605611 0.000000
0.023554 0.605271 0.000000
0.021737 0.605071 0.000000
0.020000 0.605000 0.000000
0.018369 0.605044 0.000000
0.016852 0.605185 0.000000
0.015441 0.605407 0.000000
0.014127 0.605696 0.000000
0.012899 0.606045 0.000000
0.011745 0.606445 0.000000
0.010654 0.606895 0.000000
0.009616 0.607393 0.000000
0.008622 0.607941 0.000000
0.007662 0.608544 0.000000
0.006729 0.609208 0.000000
0.005820 0.609944 0.000000
0.004930 0.610761 0.000000
0.004062 0.611673 0.000000
0.003220 0.612695 0.000000
0.002414 0.613843 0.000000
0.001661 0.615132 0.000000
0.000984 0.616580 0.000000
0.000416 0.618200 0.000000
0.000000 0.620000 0.000000
-0.000215 0.622049 0.000000
-0.000149 0.624376 0.000000
0.000287 0.626911 0.000000
0.001157 0.629566 0.000000
0.002497 0.632240 0.000000
0.004311 0.634833 0.000000
0.006573 0.637255 0.000000
0.009234 0.639436 0.000000
0.012228 0.641331 0.000000
0.015483 0.642922 0.000000
0.018925 0.644215 0.000000
0.022490 0.645239 0.000000
0.026119 0.646039 0.000000
0.029765 0.646669 0.000000
0.033387 0.647191 0.000000
0.036952 0.647664 0.000000
0.040427 0.648141 0.000000
0.043781 0.648669 0.000000
0.046983 0.649282 0.000000
0.050000 0.650000 0.000000
0.052823 0.650827 0.000000
0.055481 0.651742 0.000000
0.057995 0.652724 0.000000
0.060390 0.653756 0.000000
0.062687 0.654829 0.000000
0.064908 0.655936 0.000000
0.067075 0.657075 0.000000
0.069207 0.658246 0.000000
0.071327 0.659450 0.000000
0.073454 0.660690 0.000000
0.075608 0.661969 0.000000
0.077810 0.663290 0.000000
0.080081 0.664655 0.000000
0.082444 0.666065 0.000000
0.084922 0.667517 0.000000
0.087541 0.669006 0.000000
0.090327 0.670522 0.000000
0.093311 0.672046 0.000000
0.096524 0.673551 0.000000
0.100000 0.675000 0.000000
0.104052 0.676438 0.000000
0.108923 0.677859 0.000000
0.114529 0.679162 0.000000
0.120769 0.680298 0.000000
0.127535 0.681274 0.000000
0.134716 0.682161 0.000000
0.142201 0.683078 0.000000
0.149874 0.684187 0.000000
0.157603 0.685664 0.000000
0.165233 0.687683 0.000000
0.172573 0.690381 0.000000
0.179404 0.693834 0.000000
0.185496 0.698027 0.000000
0.190635 0.702843 0.000000
0.194666 0.708065 0.000000
0.197530 0.713404 0.000000
0.199283 0.718538 0.000000
0.200099 0.723166 0.000000
0.200237 0.727043 0.000000
0.200000 0.730000 0.000000
0.199587 0.732350 0.000000
0.199021 0.734489 0.000000
0.198335 0.736424 0.000000
0.197558 0.738166 0.000000
0.196713 0.739728 0.000000
0.195820 0.741126 0.000000
0.194892 0.742375 0.000000
0.193939 0.743491 0.000000
0.192967 0.744488 0.000000
0.191979 0.745380 0.000000
0.190972 0.746180 0.000000
0.189945 0.746897 0.000000
0.188891 0.747540 0.000000
0.187802 0.748114 0.000000
0.186670 0.748622 0.000000
0.185484 0.749062 0.000000
0.184234 0.749431 0.000000
0.182910 0.749721 0.000000
0.181501 0.749916 0.000000
0.180000 0.750000 0.000000
0.178462 0.749952 0.000000
0.176950 0.749773 0.000000
0.175473 0.749471 0.000000
0.174035 0.749051 0.000000
0.172643 0.748520 0.000000
0.171301 0.747883 0.000000
0.170014 0.747145 0.000000
0.168784 0.746311 0.000000
0.167617 0.745384 0.000000
0.166515 0.744368 0.000000
0.165482 0.743267 0.000000
0.164522 0.742084 0.000000
0.163640 0.740821 0.000000
0.162839 0.739481 0.000000
0.162123 0.738067 0.000000
0.161497 0.736582 0.000000
0.160967 0.735030 0.000000
0.160537 0.733413 0.000000
0.160213 0.731735 0.000000
0.160000 0.730000 0.000000
0.159903 0.728229 0.000000
0.159914 0.726443 0.000000
0.160021 0.724644 0.000000
0.160211 0.722835 0.000000
0.160473 0.721013 0.000000
0.160792 0.719177 0.000000
0.161155 0.717322 0.000000
0.161546 0.715443 0.000000
0.161949 0.713534 0.000000
0.162347 0.711589 0.000000
0.162718 0.709601 0.000000
0.163041 0.707564 0.000000
0.163289 0.705473 0.000000
0.163432 0.703327 0.000000
0.163438 0.701128 0.000000
0.163268 0.698884 0.000000
0.162882 0.696613 0.000000
0.162237 0.694344 0.000000
0.161289 0.692119 0.000000
0.160000 0.690000 0.000000
0.158332 0.688043 0.000000
0.156292 0.686298 0.000000
0.153924 0.684817 0.000000
0.151284 0.683637 0.000000
0.148427 0.682771 0.000000
0.145406 0.682214 0.000000
0.142268 0.681941 0.000000
0.139046 0.681913 0.000000
0.135764 0.682077 0.000000
0.132433 0.682370 0.000000
0.129057 0.682721 0.000000
0.125636 0.683052 0.000000
0.122170 0.683279 0.000000
0.118669 0.683313 0.000000
0.115156 0.683064 0.000000
0.111675 0.682442 0.000000
0.108300 0.681368 0.000000
0.105134 0.679780 0.000000
0.102314 0.677650 0.000000
0.100000 0.675000 0.000000
0.098319 0.671864 0.000000
0.097348 0.668344 0.000000
0.097140 0.664617 0.000000
0.097699 0.660854 0.000000
0.098983 0.657208 0.000000
0.100915 0.653804 0.000000
0.103400 0.650728 0.000000
0.106332 0.648033 0.000000
0.109606 0.645737 0.000000
0.113129 0.643829 0.000000
0.116817 0.642277 0.000000
0.120604 0.641034 0.000000
0.124438 0.640039 0.000000
0.128276 0.639232 0.000000
0.132090 0.638548 0.000000
0.135854 0.637924 0.000000
0.139548 0.637305 0.000000
0.143151 0.636638 0.000000
0.146643 0.635881 0.000000
0.150000 0.635000 0.000000
0.153240 0.633966 0.000000
0.156395 0.632779 0.000000
0.159462 0.631455 0.000000
0.162440 0.630009 0.000000
0.165328 0.628457 0.000000
0.168127 0.626813 0.000000
0.170840 0.625090 0.000000
0.173469 0.623299 0.000000
0.176017 0.621454 0.000000
0.178489 0.619563 0.000000
0.180889 0.617638 0.000000
0.183221 0.615686 0.000000
0.185491 0.613716 0.000000
0.187702 0.611736 0.000000
0.189860 0.609753 0.000000
0.191969 0.607774 0.000000
0.194033 0.605803 0.000000
0.196057 0.603847 0.000000
0.198045 0.601912 0.000000
