0.005041 0.747122 0.000000
0.010065 0.744258 0.000000
0.015077 0.741414 0.000000
0.020077 0.738594 0.000000
0.025069 0.735802 0.000000
0.030054 0.733042 0.000000
0.035034 0.730318 0.000000
0.040011 0.727635 0.000000
0.044987 0.724996 0.000000
0.049963 0.722406 0.000000
0.054942 0.719868 0.000000
0.059924 0.717386 0.000000
0.064910 0.714964 0.000000
0.069902 0.712606 0.000000
0.074900 0.710316 0.000000
0.079904 0.708096 0.000000
0.084917 0.705951 0.000000
0.089937 0.703885 0.000000
0.094964 0.701900 0.000000
0.100000 0.700000 0.000000
0.105163 0.698156 0.000000
0.110561 0.696388 0.000000
0.116177 0.694784 0.000000
0.121984 0.693438 0.000000
0.127945 0.692447 0.000000
0.134006 0.691906 0.000000
0.140096 0.691899 0.000000
0.146122 0.692497 0.000000
0.151974 0.693744 0.000000
0.157527 0.695650 0.000000
0.162652 0.698191 0.000000
0.167230 0.701297 0.000000
0.171157 0.704863 0.000000
0.174365 0.708748 0.000000
0.176826 0.712792 0.000000
0.178557 0.716827 0.000000
0.179625 0.720692 0.000000
0.180131 0.724246 0.000000
0.180208 0.727375 0.000000
0.180000 0.730000 0.000000
0.179614 0.732256 0.000000
0.179078 0.734322 0.000000
0.178423 0.736203 0.000000
0.177675 0.737908 0.000000
0.176857 0.739448 0.000000
0.175984 0.740837 0.000000
0.175072 0.742088 0.000000
0.174127 0.743214 0.000000
0.173158 0.744229 0.000000
0.172164 0.745143 0.000000
0.171147 0.745967 0.000000
0.170104 0.746711 0.000000
0.169030 0.747380 0.000000
0.167918 0.747980 0.000000
0.166762 0.748512 0.000000
0.165552 0.748975 0.000000
0.164279 0.749366 0.000000
0.162934 0.749675 0.000000
0.161510 0.749892 0.000000
0.160000 0.750000 0.000000
0.158444 0.749980 0.000000
0.156893 0.749827 0.000000
0.155359 0.749544 0.000000
0.153851 0.749132 0.000000
0.152382 0.748597 0.000000
0.150959 0.747942 0.000000
0.149594 0.747172 0.000000
0.148293 0.746293 0.000000
0.147067 0.745312 0.000000
0.145921 0.744235 0.000000
0.144863 0.743070 0.000000
0.143898 0.741826 0.000000
0.143032 0.740509 0.000000
0.142268 0.739129 0.000000
0.141611 0.737694 0.000000
0.141064 0.736213 0.000000
0.140628 0.734694 0.000000
0.140305 0.733147 0.000000
0.140096 0.731579 0.000000
0.140000 0.730000 0.000000
0.140015 0.728434 0.000000
0.140130 0.726900 0.000000
0.140331 0.725398 0.000000
0.140607 0.723927 0.000000
0.140950 0.722483 0.000000
0.141351 0.721061 0.000000
0.141803 0.719658 0.000000
0.142302 0.718268 0.000000
0.142842 0.716884 0.000000
0.143418 0.715501 0.000000
0.144027 0.714111 0.000000
0.144663 0.712709 0.000000
0.145324 0.711285 0.000000
0.146002 0.709833 0.000000
0.146694 0.708343 0.000000
0.147390 0.706806 0.000000
0.148081 0.705214 0.000000
0.148757 0.703555 0.000000
0.149403 0.701821 0.000000
0.150000 0.700000 0.000000
0.150543 0.698029 0.000000
0.151025 0.695861 0.000000
0.151425 0.693521 0.000000
0.151727 0.691031 0.000000
0.151924 0.688418 0.000000
0.152015 0.685708 0.000000
0.152005 0.682925 0.000000
0.151905 0.680096 0.000000
0.151731 0.677241 0.000000
0.151501 0.674383 0.000000
0.151237 0.671542 0.000000
0.150959 0.668737 0.000000
0.150687 0.665987 0.000000
0.150440 0.663312 0.000000
0.150233 0.660732 0.000000
0.150076 0.658267 0.000000
0.149976 0.655940 0.000000
0.149933 0.653771 0.000000
0.149944 0.651784 0.000000
0.150000 0.650000 0.000000
0.150090 0.648392 0.000000
0.150200 0.646906 0.000000
0.150319 0.645528 0.000000
0.150439 0.644244 0.000000
0.150555 0.643039 0.000000
0.150664 0.641899 0.000000
0.150765 0.640810 0.000000
0.150856 0.639757 0.000000
0.150937 0.638727 0.000000
0.151006 0.637705 0.000000
0.151063 0.636678 0.000000
0.151104 0.635631 0.000000
0.151127 0.634551 0.000000
0.151127 0.633424 0.000000
0.151097 0.632237 0.000000
0.151026 0.630976 0.000000
0.150902 0.629631 0.000000
0.150707 0.628191 0.000000
0.150416 0.626649 0.000000
0.150000 0.625000 0.000000
0.149421 0.623245 0.000000
0.148650 0.621400 0.000000
0.147668 0.619491 0.000000
0.146457 0.617549 0.000000
0.145008 0.615605 0.000000
0.143313 0.613692 0.000000
0.141374 0.611840 0.000000
0.139195 0.610080 0.000000
0.136786 0.608436 0.000000
0.134161 0.606930 0.000000
0.131337 0.605578 0.000000
0.128334 0.604389 0.000000
0.125170 0.603369 0.000000
0.121867 0.602515 0.000000
0.118441 0.601818 0.000000
0.114911 0.601264 0.000000
0.111290 0.600832 0.000000
0.107591 0.600498 0.000000
0.103825 0.600232 0.000000
0.100000 0.600000 0.000000
