0.002981 0.750015 0.000000
0.005922 0.750030 0.000000
0.008823 0.750044 0.000000
0.011680 0.750057 0.000000
0.014492 0.750069 0.000000
0.017257 0.750079 0.000000
0.019974 0.750087 0.000000
0.022640 0.750093 0.000000
0.025253 0.750098 0.000000
0.027812 0.750100 0.000000
0.030315 0.750099 0.000000
0.032760 0.750097 0.000000
0.035145 0.750092 0.000000
0.037467 0.750085 0.000000
0.039726 0.750076 0.000000
0.041920 0.750065 0.000000
0.044046 0.750051 0.000000
0.046102 0.750036 0.000000
0.048088 0.750019 0.000000
0.050000 0.750000 0.000000
0.051810 0.749980 0.000000
0.053499 0.749961 0.000000
0.055083 0.749942 0.000000
0.056575 0.749925 0.000000
0.057991 0.749908 0.000000
0.059345 0.749894 0.000000
0.060651 0.749881 0.000000
0.061925 0.749869 0.000000
0.063181 0.749859 0.000000
0.064434 0.749851 0.000000
0.065698 0.749845 0.000000
0.066988 0.749841 0.000000
0.068319 0.749840 0.000000
0.069705 0.749842 0.000000
0.071161 0.749849 0.000000
0.072701 0.749860 0.000000
0.074341 0.749879 0.000000
0.076094 0.749907 0.000000
0.077976 0.749946 0.000000
0.080000 0.750000 0.000000
0.082287 0.750077 0.000000
0.084923 0.750185 0.000000
0.087870 0.750325 0.000000
0.091091 0.750497 0.000000
0.094550 0.750698 0.000000
0.098211 0.750919 0.000000
0.102036 0.751151 0.000000
0.105989 0.751381 0.000000
0.110036 0.751595 0.000000
0.114139 0.751777 0.000000
0.118261 0.751912 0.000000
0.122366 0.751988 0.000000
0.126416 0.751992 0.000000
0.130373 0.751918 0.000000
0.134197 0.751761 0.000000
0.137851 0.751524 0.000000
0.141296 0.751213 0.000000
0.144494 0.750843 0.000000
0.147407 0.750431 0.000000
0.150000 0.750000 0.000000
0.152337 0.749554 0.000000
0.154516 0.749078 0.000000
0.156550 0.748569 0.000000
0.158454 0.748027 0.000000
0.160243 0.747450 0.000000
0.161931 0.746837 0.000000
0.163532 0.746186 0.000000
0.165059 0.745494 0.000000
0.166525 0.744754 0.000000
0.167942 0.743960 0.000000
0.169319 0.743103 0.000000
0.170665 0.742172 0.000000
0.171985 0.741153 0.000000
0.173281 0.740031 0.000000
0.174552 0.738787 0.000000
0.175791 0.737402 0.000000
0.176983 0.735853 0.000000
0.178106 0.734117 0.000000
0.179127 0.732173 0.000000
0.180000 0.730000 0.000000
0.180660 0.727617 0.000000
0.181059 0.725072 0.000000
0.181170 0.722395 0.000000
0.180970 0.719624 0.000000
0.180444 0.716795 0.000000
0.179583 0.713948 0.000000
0.178387 0.711122 0.000000
0.176861 0.708353 0.000000
0.175016 0.705674 0.000000
0.172871 0.703111 0.000000
0.170445 0.700687 0.000000
0.167763 0.698415 0.000000
0.164850 0.696303 0.000000
0.161732 0.694349 0.000000
0.158433 0.692546 0.000000
0.154977 0.690877 0.000000
0.151386 0.689320 0.000000
0.147680 0.687846 0.000000
0.143879 0.686420 0.000000
0.140000 0.685000 0.000000
0.135809 0.683455 0.000000
0.131108 0.681696 0.000000
0.125968 0.679740 0.000000
0.120464 0.677604 0.000000
0.114668 0.675308 0.000000
0.108653 0.672870 0.000000
0.102490 0.670312 0.000000
0.096252 0.667656 0.000000
0.090009 0.664928 0.000000
0.083830 0.662154 0.000000
0.077785 0.659366 0.000000
0.071941 0.656596 0.000000
0.066362 0.653881 0.000000
0.061115 0.651261 0.000000
0.056260 0.648776 0.000000
0.051861 0.646473 0.000000
0.047976 0.644396 0.000000
0.044665 0.642593 0.000000
0.041986 0.641112 0.000000
0.040000 0.640000 0.000000
0.038447 0.639124 0.000000
0.037022 0.638318 0.000000
0.035710 0.637578 0.000000
0.034501 0.636902 0.000000
0.033383 0.636283 0.000000
0.032345 0.635716 0.000000
0.031376 0.635194 0.000000
0.030465 0.634712 0.000000
0.029602 0.634263 0.000000
0.028775 0.633840 0.000000
0.027973 0.633439 0.000000
0.027186 0.633054 0.000000
0.026402 0.632678 0.000000
0.025609 0.632308 0.000000
0.024796 0.631939 0.000000
0.023950 0.631567 0.000000
0.023061 0.631189 0.000000
0.022114 0.630802 0.000000
0.021099 0.630406 0.000000
0.020000 0.630000 0.000000
0.018843 0.629598 0.000000
0.017662 0.629206 0.000000
0.016463 0.628817 0.000000
0.015248 0.628424 0.000000
0.014022 0.628017 0.000000
0.012789 0.627588 0.000000
0.011556 0.627127 0.000000
0.010326 0.626623 0.000000
0.009109 0.626069 0.000000
0.007911 0.625453 0.000000
0.006744 0.624768 0.000000
0.005618 0.624005 0.000000
0.004547 0.623160 0.000000
0.003545 0.622228 0.000000
0.002631 0.621208 0.000000
0.001821 0.620101 0.000000
0.001135 0.618915 0.000000
0.000591 0.617658 0.000000
0.000207 0.616347 0.000000
0.000000 0.615000 0.000000
-0.000020 0.613639 0.000000
0.000143 0.612286 0.000000
0.000477 0.610963 0.000000
0.000971 0.609688 0.000000
0.001611 0.608477 0.000000
0.002380 0.607341 0.000000
0.003266 0.606288 0.000000
0.004252 0.605324 0.000000
0.005326 0.604452 0.000000
0.006473 0.603672 0.000000
0.007681 0.602983 0.000000
0.008941 0.602382 0.000000
0.010243 0.601865 0.000000
0.011578 0.601425 0.000000
0.012940 0.601056 0.000000
0.014323 0.600751 0.000000
0.015724 0.600502 0.000000
0.017138 0.600299 0.000000
0.018564 0.600135 0.000000
0.020000 0.600000 0.000000
0.021429 0.599887 0.000000
0.022837 0.599793 0.000000
0.024230 0.599717 0.000000
0.025611 0.599657 0.000000
0.026986 0.599611 0.000000
0.028358 0.599578 0.000000
0.029733 0.599557 0.000000
0.031116 0.599547 0.000000
0.032510 0.599547 0.000000
0.033921 0.599557 0.000000
0.035354 0.599576 0.000000
0.036813 0.599602 0.000000
0.038302 0.599636 0.000000
0.039828 0.599677 0.000000
0.041394 0.599723 0.000000
0.043005 0.599775 0.000000
0.044666 0.599830 0.000000
0.046383 0.599887 0.000000
0.048159 0.599944 0.000000
0.050000 0.600000 0.000000
0.051909 0.600051 0.000000
0.053884 0.600097 0.000000
0.055925 0.600138 0.000000
0.058031 0.600173 0.000000
0.060202 0.600201 0.000000
0.062436 0.600224 0.000000
0.064734 0.600240 0.000000
0.067093 0.600250 0.000000
0.069514 0.600253 0.000000
0.071996 0.600251 0.000000
0.074538 0.600242 0.000000
0.077139 0.600228 0.000000
0.079799 0.600209 0.000000
0.082517 0.600186 0.000000
0.085292 0.600159 0.000000
0.088124 0.600129 0.000000
0.091011 0.600097 0.000000
0.093953 0.600064 0.000000
0.096950 0.600031 0.000000
0.100000 0.600000 0.000000
0.103131 0.599971 0.000000
0.106370 0.599945 0.000000
0.109712 0.599922 0.000000
0.113157 0.599902 0.000000
0.116701 0.599884 0.000000
0.120341 0.599871 0.000000
0.124076 0.599860 0.000000
0.127902 0.599854 0.000000
0.131817 0.599850 0.000000
0.135818 0.599850 0.000000
0.139902 0.599853 0.000000
0.144068 0.599860 0.000000
0.148312 0.599870 0.000000
0.152632 0.599882 0.000000
0.157026 0.599897 0.000000
0.161490 0.599915 0.000000
0.166022 0.599934 0.000000
0.170619 0.599955 0.000000
0.175279 0.599977 0.000000
