1709886690.4618678
1709886691.274119
1709886692.079739
1709886692.8821933
1709886693.6801836
1709886694.516909
1709886695.3269083
1709886696.1238322
1709886696.9423983
1709886697.7512448
1709886698.5513778
1709886699.3588645
1709886700.1704297
1709886701.0059304
1709886701.8233125
1709886702.613283
1709886703.4144983
1709886704.2228553
1709886705.0222602
1709886705.8309586
1709886706.6257749
1709886707.417516
1709886708.2464142
1709886709.062628
1709886709.8610635
1709886710.660581
1709886711.4611661
1709886712.260961
1709886713.057424
1709886713.8502536
1709886714.6439266
1709886715.4370072
1709886716.2528758
1709886717.0597374
1709886717.86286
1709886718.681629
1709886719.5212803
1709886720.3379521
1709886721.1438305
1709886721.9371912
1709886722.7502763
1709886723.5498714
1709886724.348396
1709886725.1497018
1709886725.9460776
1709886726.7652018
1709886727.567285
1709886728.3740745
1709886729.1809306
1709886729.9803476
1709886730.7923508
1709886731.6342993
1709886732.4484527
1709886733.2664185
1709886734.094917
1709886734.8946116
1709886735.7032561
1709886736.5085065
1709886737.3177087
1709886738.1194153
1709886738.9289556
1709886739.7442882
1709886740.5536437
1709886741.353982
1709886742.1612933
1709886742.9512823
1709886743.749001
1709886744.5397232
1709886745.358142
1709886746.186032
1709886746.9858067
1709886747.824172
1709886748.6140563
1709886749.4024494
1709886750.1977582
1709886751.0160234
1709886751.8485327
1709886752.6646364
1709886753.4725323
1709886754.2817688
