1709886874.960431
1709886875.7782764
1709886876.570719
1709886877.3697093
1709886878.1647685
1709886878.9662037
1709886879.7639213
1709886880.5730155
1709886881.3820987
1709886882.1789136
1709886882.987687
1709886883.798679
1709886884.6076422
1709886885.4139736
1709886886.234448
1709886887.0324295
1709886887.829767
1709886888.6322818
1709886889.4500396
1709886890.2553594
1709886891.0556777
1709886891.857086
1709886892.6628504
1709886893.4704373
1709886894.280269
1709886895.0981786
1709886895.8963032
1709886896.696502
1709886897.4969285
1709886898.3060942
1709886899.1083348
1709886899.9039629
1709886900.7183702
1709886901.5211825
1709886902.3297358
1709886903.145256
1709886903.943743
1709886904.7585497
1709886905.6212995
1709886906.4103327
1709886907.2028203
1709886907.9880702
1709886908.7771587
1709886909.5748289
1709886910.3835936
1709886911.183739
1709886911.985235
1709886912.8012838
1709886913.6781719
1709886914.4866693
1709886915.2870789
1709886916.0840383
1709886916.8951523
1709886917.701728
1709886918.510076
1709886919.3111444
1709886920.1176093
1709886920.915416
1709886921.725977
1709886922.5343978
1709886923.3353667
1709886924.1299105
1709886924.9315867
1709886925.7307346
1709886926.549848
1709886927.356401
1709886928.1575732
1709886928.965313
1709886929.777999
1709886930.5816395
1709886931.3816814
1709886932.191752
1709886932.9910882
1709886933.7857184
1709886934.583597
1709886935.3868377
1709886936.182803
1709886936.9801228
1709886937.7698703
1709886938.5673218
1709886939.359
1709886940.1458602
1709886940.9538496
1709886941.7565207
1709886942.5530887
1709886943.3473399
1709886944.1504161
1709886944.9592893
1709886945.7761898
1709886946.5850747
1709886947.3921878
1709886948.1933076
1709886948.9901416
1709886949.791594
1709886950.6062047
1709886951.4175885
1709886952.2047157
1709886952.9964528
1709886953.8142025
1709886954.644566
1709886955.460476
1709886956.2531528
1709886957.0411286
1709886957.8460953
1709886958.6373472
1709886959.453514
1709886960.262986
1709886961.0728464
1709886961.88167
1709886962.693191
1709886963.5110254
1709886964.309871
1709886965.1345146
1709886965.9242983
1709886966.7365923
1709886967.542316
1709886968.362928
1709886969.194914
1709886970.0892797
1709886970.8894818
1709886971.6761441
1709886972.4702487
1709886973.2626715
1709886974.072147
1709886974.8913484
1709886975.6905136
1709886976.4884436
1709886977.307966
1709886978.108835
1709886978.9348514
1709886979.7444305
1709886980.5617704
1709886981.3873305
1709886982.1914244
1709886982.9932408
1709886983.8127003
1709886984.6299036
1709886985.4276257
1709886986.2248492
1709886987.0324802
1709886987.8332381
1709886988.6423159
1709886989.4436946
1709886990.2591648
1709886991.076943
1709886991.8942966
1709886992.694902
1709886993.5045314
1709886994.3114672
1709886995.110732
1709886995.9123662
1709886996.7202964
1709886997.5126083
1709886998.308786
1709886999.109205
1709886999.9140475
1709887000.7168856
1709887001.525268
1709887002.3396122
1709887003.1426275
1709887003.957126
1709887004.7560248
1709887005.5576048
1709887006.3736424
1709887007.1732943
1709887007.9908314
1709887008.7893207
1709887009.5987651
1709887010.406967
1709887011.2074256
1709887012.0137475
1709887012.8221495
1709887013.6415286
1709887014.4497347
1709887015.2708488
1709887016.082137
1709887016.8953505
1709887017.707451
1709887018.5073183
1709887019.302353
1709887020.1173766
1709887020.923399
1709887021.7383041
1709887022.5493162
1709887023.3770897
1709887024.1763244
1709887024.9700427
1709887025.7829752
1709887026.5905747
1709887027.3999286
1709887028.2094038
1709887028.999736
1709887029.799224
1709887030.6055295
1709887031.414281
1709887032.2122014
1709887033.0243807
1709887033.8498826
1709887034.6708703
1709887035.490243
1709887036.3014462
1709887037.1153004
1709887037.9173524
1709887038.7330472
1709887039.5522764
1709887040.36037
1709887041.1703465
1709887041.9882252
1709887042.7756302
1709887043.5751371
1709887044.3865848
1709887045.1913185
1709887045.9856486
1709887046.7896101
1709887047.600614
1709887048.409921
1709887049.2267249
1709887050.0341651
1709887050.844224
1709887051.6661365
1709887052.4701538
1709887053.2687352
1709887054.078135
1709887054.8845444
1709887055.6774423
1709887056.4833724
1709887057.2817624
1709887058.0753305
1709887058.8807003
1709887059.6901522
1709887060.4966435
1709887061.315756
1709887062.124495
1709887062.9129953
1709887063.721171
1709887064.5296562
1709887065.3404822
1709887066.1570191
1709887066.9605362
1709887067.8026214
1709887068.6258125
1709887069.4544203
1709887070.304484
1709887071.1303859
1709887071.9386523
1709887072.7467353
1709887073.5476356
1709887074.3963218
1709887075.1909063
1709887076.0464735
1709887076.8413749
1709887077.6510773
1709887078.4606836
1709887079.2583952
1709887080.0656483
1709887080.87014
1709887081.6748586
1709887082.4728272
1709887083.2693663
