1709887154.2275546
1709887155.0239089
1709887155.8326347
1709887156.6340535
1709887157.428128
1709887158.2204125
1709887159.0263736
1709887159.8257804
1709887160.6473904
1709887161.464444
1709887162.2847464
1709887163.0986485
1709887163.9019833
1709887164.7114325
1709887165.5282226
1709887166.3438113
1709887167.1446183
1709887167.941298
1709887168.7505653
1709887169.562057
1709887170.4361773
1709887171.2477949
1709887172.055506
1709887172.8593435
1709887173.643576
1709887174.4419498
1709887175.2498338
1709887176.0566733
1709887176.8497422
1709887177.644253
1709887178.446289
1709887179.2522802
1709887180.042715
1709887180.8528304
1709887181.6677008
1709887182.466618
1709887183.2654393
1709887184.077083
1709887184.8933833
