1709887296.7125857
1709887297.5113235
1709887298.312404
1709887299.1215522
1709887299.927685
1709887300.7386642
1709887301.5457616
1709887302.3367467
1709887303.1510348
1709887303.9505856
1709887304.740816
1709887305.5577698
1709887306.375386
1709887307.185774
1709887307.9853027
1709887308.7873425
1709887309.594216
1709887310.4020944
1709887311.22855
1709887312.03969
1709887312.8455217
1709887313.6466637
1709887314.4552572
1709887315.2525043
1709887316.0597155
1709887316.8700624
1709887317.6902418
1709887318.4991324
1709887319.3168893
1709887320.1334903
1709887320.9646
1709887321.7704911
1709887322.5695996
1709887323.3787823
1709887324.1871972
1709887324.9983795
1709887325.8041883
1709887326.605752
1709887327.4109058
1709887328.2093806
1709887329.0185058
1709887329.8392787
1709887330.6381419
1709887331.4354467
1709887332.233311
1709887333.0450654
1709887333.8612375
1709887334.6804914
1709887335.4882174
1709887336.295867
1709887337.0848873
1709887337.903578
1709887338.7126722
1709887339.5110629
1709887340.3220277
1709887341.1278675
1709887341.9288726
1709887342.7258945
1709887343.5243146
1709887344.3248415
1709887345.1306098
1709887345.9396977
1709887346.7398715
1709887347.535676
1709887348.3449523
1709887349.1545775
1709887349.953998
1709887350.7594247
1709887351.5732899
1709887352.3879905
1709887353.1872613
1709887354.0061576
1709887354.7974088
1709887355.5943193
1709887356.3999932
1709887357.2111096
1709887358.0006652
1709887358.80848
1709887359.6159286
1709887360.4258754
1709887361.2250898
1709887362.0260751
1709887362.8438735
1709887363.6393762
1709887364.44713
1709887365.2480292
1709887366.0461867
1709887366.8634052
1709887367.677078
1709887368.493352
1709887369.3102336
1709887370.1232483
1709887370.9406183
1709887371.757216
1709887372.5952919
1709887373.3930464
1709887374.2111902
1709887375.021244
1709887375.8296597
1709887376.62146
1709887377.4251223
1709887378.238414
1709887379.042979
1709887379.8432448
1709887380.6537247
1709887381.4612067
1709887382.2818468
1709887383.0966227
1709887383.8856916
1709887384.703571
1709887385.5148098
1709887386.3033354
1709887387.0986207
1709887387.9094253
1709887388.7169952
1709887389.5249758
1709887390.3229146
1709887391.1344187
1709887391.9231231
1709887392.7234776
1709887393.5124667
1709887394.3329272
1709887395.1384122
1709887395.946365
1709887396.7513878
1709887397.543152
1709887398.3681648
1709887399.17894
1709887400.0010498
1709887400.805467
1709887401.607625
1709887402.4269123
1709887403.2318804
1709887404.0425792
1709887404.8504546
1709887405.6679394
1709887406.4666283
1709887407.2851868
1709887408.103298
1709887408.91148
1709887409.7033613
1709887410.5114675
1709887411.317435
1709887412.1362832
1709887412.9362051
1709887413.7436705
1709887414.5534122
1709887415.357316
1709887416.1799252
1709887416.9999614
1709887417.8201802
1709887418.646793
1709887419.4636545
1709887420.272057
1709887421.0819628
1709887421.8797975
1709887422.667575
1709887423.4702215
1709887424.267274
1709887425.0688136
1709887425.9013124
1709887426.7128978
1709887427.505704
1709887428.3194478
1709887429.1373768
1709887429.9550183
1709887430.7734184
1709887431.5850098
1709887432.3911166
1709887433.1903348
1709887433.9913363
1709887434.79712
1709887435.5959346
1709887436.404578
1709887437.2227304
1709887438.032498
1709887438.8422174
1709887439.6488163
1709887440.4511545
1709887441.2672105
1709887442.075393
1709887442.873622
1709887443.6850893
1709887444.510756
1709887445.3012614
1709887446.119385
1709887446.9266112
1709887447.7416935
1709887448.549119
1709887449.352745
1709887450.1434014
1709887450.9397674
1709887451.746718
1709887452.5576074
1709887453.358091
1709887454.166517
1709887454.9639354
1709887455.7836006
1709887456.5971196
1709887457.455423
1709887458.2548592
1709887459.064409
1709887459.8656373
1709887460.672464
1709887461.482694
1709887462.3102174
1709887463.120017
1709887463.9331973
1709887464.7444496
1709887465.5551314
1709887466.3740053
1709887467.1807444
1709887467.986838
1709887468.787393
1709887469.579395
1709887470.3753812
1709887471.186458
1709887471.98596
1709887472.7898178
1709887473.588928
1709887474.4094543
1709887475.199971
1709887476.0048928
1709887476.7945569
1709887477.6029313
1709887478.404338
1709887479.2115865
1709887480.031408
1709887480.8360844
1709887481.6436036
1709887482.4533756
1709887483.2507646
1709887484.0514073
1709887484.859883
1709887485.666708
1709887486.4958975
1709887487.3132164
1709887488.1253953
1709887488.9231431
