1709887521.1664996
1709887521.9823666
1709887522.7994244
1709887523.60768
1709887524.3976905
1709887525.2062914
1709887526.0143514
1709887526.8249488
1709887527.6411743
1709887528.4500506
1709887529.2477849
1709887530.049237
1709887530.8560994
1709887531.6635551
1709887532.4528282
1709887533.2596285
1709887534.0613658
1709887534.8821297
1709887535.7096584
1709887536.5239906
1709887537.3145864
1709887538.125538
1709887538.9193475
1709887539.7126782
1709887540.5101757
1709887541.3067405
1709887542.1063416
1709887542.913162
1709887543.7115114
1709887544.513934
1709887545.3181152
1709887546.1169796
1709887546.9386218
1709887547.755662
1709887548.5633497
1709887549.351749
1709887550.1702638
1709887550.9730706
1709887551.8397732
1709887552.6356423
1709887553.447531
1709887554.3225567
1709887555.1353536
1709887555.9226398
1709887556.7206907
1709887557.5189486
1709887558.3102272
1709887559.1066656
1709887559.895945
1709887560.69188
1709887561.5003185
1709887562.3086524
1709887563.1074338
1709887563.9063938
1709887564.7145023
1709887565.5240397
1709887566.3214283
1709887567.122159
1709887567.9182966
1709887568.7127004
1709887569.5471756
1709887570.353358
1709887571.1528795
1709887571.9585187
1709887572.753764
1709887573.5506258
1709887574.360096
1709887575.1572254
1709887575.9582446
1709887576.777551
1709887577.6140857
1709887578.4230638
1709887579.2306557
1709887580.0324383
1709887580.8373754
1709887581.6515994
1709887582.4675488
1709887583.2914584
1709887584.0935695
1709887584.911481
1709887585.7193298
1709887586.5065045
1709887587.3073199
1709887588.113499
1709887588.917051
1709887589.721445
1709887590.5303037
1709887591.3177564
1709887592.1080549
1709887592.9005437
1709887593.704878
1709887594.506452
1709887595.3013937
1709887596.1006145
1709887596.8916078
1709887597.6876001
1709887598.4981055
1709887599.3159068
1709887600.123317
1709887600.9323785
1709887601.7417293
1709887602.5512216
1709887603.348095
1709887604.1588378
1709887604.967617
1709887605.7856605
1709887606.5959685
1709887607.3927355
1709887608.2021039
1709887609.0085053
1709887609.7964098
1709887610.5954635
1709887611.393693
1709887612.1921477
1709887612.9913414
1709887613.808097
1709887614.6275616
1709887615.4274068
1709887616.2164595
1709887617.0064237
1709887617.813412
1709887618.6023262
1709887619.395208
1709887620.2374763
1709887621.0399563
1709887621.8453703
1709887622.6453338
1709887623.462938
1709887624.2854924
1709887625.1053805
1709887625.9111679
1709887626.7393305
1709887627.545491
1709887628.345589
1709887629.1357837
1709887629.9540665
1709887630.7525532
1709887631.5503232
1709887632.339302
1709887633.1365032
1709887633.9352698
1709887634.7330039
1709887635.5351036
1709887636.3507035
1709887637.1521208
1709887637.9474072
1709887638.7460265
1709887639.5544355
1709887640.362594
1709887641.1730998
1709887641.9726274
1709887642.7695549
1709887643.5586426
1709887644.3454375
1709887645.1450438
1709887645.9433372
1709887646.7512755
1709887647.5610247
1709887648.3697002
1709887649.1696167
