1709887704.7920299
1709887705.5958662
1709887706.3933
1709887707.181635
1709887707.9812028
1709887708.791462
1709887709.589876
1709887710.4064891
1709887711.2146242
1709887712.0273862
1709887712.8509781
1709887713.6511872
1709887714.4410381
1709887715.2467754
1709887716.0594893
1709887716.8667326
1709887717.6732717
1709887718.4795184
1709887719.2937667
1709887720.0990362
1709887720.8953028
1709887721.7042732
1709887722.5142975
1709887723.3315063
1709887724.1302743
1709887724.9228725
1709887725.737972
1709887726.5462925
1709887727.3565454
1709887728.1647756
1709887728.962879
1709887729.7637272
1709887730.5722127
1709887731.3667126
1709887732.1779501
1709887732.9943106
1709887733.824879
1709887734.6361573
1709887735.4406853
1709887736.2492487
1709887737.0500438
1709887737.8468056
1709887738.6667047
1709887739.4652426
1709887740.2637734
1709887741.077731
1709887741.877873
1709887742.6901338
1709887743.495293
1709887744.2965214
1709887745.0922852
1709887745.8824055
1709887746.689523
1709887747.476624
1709887748.2900395
1709887749.095035
1709887749.904278
1709887750.710233
1709887751.5097837
1709887752.3087559
1709887753.1080365
1709887753.9062479
1709887754.7170472
1709887755.5240932
1709887756.3325622
1709887757.13997
1709887757.9386606
1709887758.7581742
1709887759.6080177
1709887760.4342513
1709887761.231731
1709887762.0403557
1709887762.8475864
1709887763.656358
1709887764.4666064
1709887765.2851408
1709887766.1358972
1709887766.9534605
1709887767.7620263
1709887768.566993
1709887769.367243
1709887770.1749334
1709887770.9849072
1709887771.793727
1709887772.596716
1709887773.4185236
1709887774.238895
1709887775.0484133
1709887775.8622658
1709887776.6766152
1709887777.5423079
1709887778.3422573
1709887779.15004
1709887779.9553149
1709887780.7655702
1709887781.575732
1709887782.3825572
1709887783.1908588
1709887783.9926324
1709887784.8075233
1709887785.5957296
1709887786.3865798
1709887787.1741061
1709887787.9630206
1709887788.7715178
1709887789.5803132
1709887790.3768706
1709887791.1778924
1709887792.0265303
1709887792.8444293
1709887793.6552303
1709887794.4496968
1709887795.2572117
1709887796.0665941
1709887796.8763628
1709887797.7067783
1709887798.5161312
1709887799.3046858
1709887800.1012707
1709887800.918537
1709887801.7178442
1709887802.5075088
1709887803.303703
1709887804.1005068
1709887804.8928397
1709887805.699765
1709887806.5089817
1709887807.3165312
1709887808.1153712
1709887808.9253054
1709887809.7328963
1709887810.5524807
1709887811.3603292
1709887812.1479256
1709887812.9479342
1709887813.7457168
1709887814.563992
1709887815.3727615
1709887816.1826627
1709887817.04022
1709887817.8574247
1709887818.6573057
1709887819.455869
1709887820.2619045
1709887821.0719047
1709887821.893081
1709887822.7322922
1709887823.5279515
1709887824.3350608
1709887825.1234658
1709887825.9433208
1709887826.733297
1709887827.5317636
1709887828.3495026
1709887829.1558797
1709887829.9549768
1709887830.7627919
1709887831.571532
1709887832.3820171
1709887833.187938
1709887833.9876227
1709887834.7988193
1709887835.5947738
1709887836.3950486
1709887837.2140028
1709887838.0332453
1709887838.8405464
1709887839.640037
1709887840.4389684
1709887841.2355802
1709887842.0366023
1709887842.8338566
1709887843.629733
1709887844.4351788
1709887845.2499037
1709887846.050606
1709887846.8573155
1709887847.655416
1709887848.4711065
1709887849.270191
1709887850.0720215
1709887850.8658056
1709887851.6587794
1709887852.446815
1709887853.2442553
1709887854.0346384
1709887854.879703
1709887855.679103
1709887856.4695876
1709887857.2764804
1709887858.0695891
1709887858.8649127
1709887859.6644218
1709887860.4942164
1709887861.2993114
1709887862.1073554
1709887862.9161549
1709887863.7146878
1709887864.5224512
