1709887926.215369
1709887927.0067499
1709887927.8209355
1709887928.633162
1709887929.4313016
1709887930.2467866
1709887931.045785
1709887931.8556278
1709887932.663161
1709887933.4752471
1709887934.2718844
1709887935.0804505
1709887935.8994906
1709887936.707576
1709887937.5051854
1709887938.2935557
1709887939.101314
1709887939.89954
1709887940.7007294
1709887941.49598
1709887942.308869
1709887943.1173897
1709887943.9171817
1709887944.7144694
1709887945.5196507
1709887946.3300252
1709887947.148258
1709887947.947402
1709887948.7617266
1709887949.5638108
1709887950.3736336
1709887951.1826987
1709887951.9835007
1709887952.811712
1709887953.6161647
1709887954.4167602
1709887955.2154431
1709887956.0157945
1709887956.8043842
1709887957.602561
1709887958.3985205
1709887959.1993713
1709887959.9996796
1709887960.805475
1709887961.6062045
1709887962.395054
1709887963.1910443
1709887963.9920125
1709887964.7989323
1709887965.6060607
1709887966.4050667
1709887967.2228477
1709887968.0338707
1709887968.8416455
1709887969.6488893
1709887970.4571967
1709887971.2689629
1709887972.0762563
1709887972.8765357
1709887973.6941617
1709887974.5062432
1709887975.310407
1709887976.1194415
1709887976.9170802
1709887977.7159214
1709887978.5167475
1709887979.3239677
1709887980.1429267
1709887980.940355
1709887981.739583
1709887982.5597758
1709887983.374636
1709887984.185057
1709887984.9931815
1709887985.8012915
1709887986.6010926
1709887987.4014373
1709887988.2095559
1709887989.0260882
1709887989.8454678
1709887990.6463406
1709887991.4445407
1709887992.2428854
1709887993.032562
1709887993.8504868
1709887994.6462336
1709887995.436393
1709887996.2272134
1709887997.0221326
1709887997.821303
1709887998.6296968
1709887999.4398313
1709888000.2464836
1709888001.0541854
1709888001.8628736
1709888002.662024
1709888003.4722664
1709888004.280138
1709888005.0885446
1709888005.8878157
