1709888083.87189
1709888084.661696
1709888085.470563
1709888086.2775207
1709888087.0654416
1709888087.87408
1709888088.6734667
1709888089.4765115
1709888090.2898192
1709888091.0883071
1709888091.8970258
1709888092.6951787
1709888093.503841
1709888094.293947
1709888095.10341
1709888095.891388
1709888096.6912286
1709888097.4885702
1709888098.305591
1709888099.1055882
1709888099.9266534
1709888100.7212524
1709888101.532737
1709888102.3404236
1709888103.1479483
1709888103.967176
1709888104.776597
1709888105.5761487
1709888106.3883476
1709888107.202101
1709888107.9919872
1709888108.781071
1709888109.5881064
1709888110.4046366
1709888111.1953533
1709888112.0047603
1709888112.8119452
1709888113.618048
1709888114.430763
1709888115.2357936
1709888116.0357633
1709888116.8652165
1709888117.6850371
1709888118.5006971
1709888119.3083844
1709888120.1167192
1709888120.924858
1709888121.725012
1709888122.5375774
1709888123.3414235
1709888124.139728
1709888124.9570332
1709888125.7511833
1709888126.5575063
1709888127.368901
1709888128.172034
1709888128.9706132
1709888129.772851
1709888130.578138
1709888131.3874412
1709888132.1846385
1709888132.9942255
1709888133.791721
1709888134.591749
1709888135.4143841
1709888136.236685
1709888137.0466192
1709888137.8470135
1709888138.632718
1709888139.4213963
1709888140.2200572
1709888141.028072
1709888141.836644
1709888142.645236
1709888143.4538975
1709888144.2747483
1709888145.0713403
1709888145.8806047
1709888146.692156
1709888147.4875507
1709888148.2946935
1709888149.119447
1709888149.9036064
1709888150.7124977
1709888151.5099227
1709888152.3100505
1709888153.1184328
1709888153.9290326
1709888154.736718
1709888155.532858
1709888156.3303993
1709888157.1405153
1709888158.0395627
1709888158.8393342
1709888159.6359785
1709888160.4350367
1709888161.242717
1709888162.0513635
1709888162.8492088
1709888163.646649
1709888164.4480116
1709888165.2588055
1709888166.0932705
1709888166.891704
1709888167.6902661
1709888168.487277
1709888169.2956116
1709888170.0954077
1709888170.89554
1709888171.7054715
1709888172.5131574
1709888173.3135598
1709888174.1406934
1709888174.9485419
1709888175.747113
1709888176.547699
1709888177.3540506
1709888178.1624641
1709888178.9613307
1709888179.76271
1709888180.5574474
1709888181.3589342
1709888182.1611996
1709888182.9645545
1709888183.7754056
1709888184.573244
1709888185.3695304
1709888186.186841
1709888186.9978843
1709888187.7959125
1709888188.6043844
1709888189.4118755
1709888190.2105017
1709888190.9997523
1709888191.8000667
1709888192.6069458
1709888193.4051166
1709888194.205489
1709888195.003653
1709888195.8157282
1709888196.7108848
1709888197.5170622
1709888198.3270998
1709888199.1260517
1709888199.9347723
1709888200.7426615
1709888201.5631413
1709888202.3706393
1709888203.1787903
1709888203.9691632
1709888204.7662995
1709888205.5645294
1709888206.3522313
1709888207.162276
1709888207.9638839
1709888208.7729397
1709888209.577255
1709888210.3769534
1709888211.1871712
1709888211.985047
