1709889671.8404114
1709889672.654662
1709889673.4568532
1709889674.2629993
1709889675.064327
1709889675.8641543
1709889676.6780105
1709889677.469162
1709889678.2777283
1709889679.0857806
1709889679.8851268
1709889680.6800184
1709889681.4793677
1709889682.2917445
1709889683.103056
1709889683.9145954
1709889684.7324855
1709889685.5337846
1709889686.3490496
1709889687.1478846
1709889687.9393194
1709889688.7482603
1709889689.5549319
1709889690.3724208
1709889691.173185
1709889691.9683425
1709889692.768844
1709889693.575154
1709889694.3888774
1709889695.191315
1709889695.9913514
1709889696.79133
1709889697.581436
1709889698.3805652
1709889699.2041907
1709889700.0080986
1709889700.824794
1709889701.6321723
1709889702.4329371
1709889703.2419913
1709889704.0454855
1709889704.8463516
1709889705.6437993
1709889706.4508722
1709889707.2410913
1709889708.051409
1709889708.8572419
1709889709.6567986
1709889710.4761302
1709889711.2925682
1709889712.1062715
1709889712.942424
1709889713.7399895
1709889714.5356135
1709889715.3364859
1709889716.1239839
1709889716.9339943
1709889717.7332811
1709889718.5414083
1709889719.338045
1709889720.138153
1709889720.934591
1709889721.7432044
1709889722.5366306
1709889723.3311763
1709889724.1611762
1709889724.970641
1709889725.7671783
1709889726.577735
1709889727.3728204
1709889728.1717474
1709889728.9808142
1709889729.7784815
1709889730.5973885
1709889731.4152634
1709889732.2038999
1709889733.0114076
1709889733.8292184
1709889734.6289852
1709889735.4307234
