1709889799.7477498
1709889800.5491862
1709889801.3486192
1709889802.135616
1709889802.935575
1709889803.733726
1709889804.5448983
1709889805.3545728
1709889806.2079268
1709889807.0084565
1709889807.8059902
1709889808.605197
1709889809.410409
1709889810.2161272
1709889811.0185513
1709889811.8278053
1709889812.646315
1709889813.4433503
1709889814.2458067
1709889815.0514374
1709889815.8432646
1709889816.638522
1709889817.4475145
1709889818.2709265
1709889819.0867074
1709889819.8847353
1709889820.680994
1709889821.5036755
1709889822.3029988
1709889823.1387498
1709889823.9286191
1709889824.7564962
1709889825.5516477
1709889826.3531568
1709889827.1604958
1709889827.9598975
1709889828.7690804
1709889829.5643349
1709889830.3643796
1709889831.1647503
1709889831.9598422
1709889832.7523806
1709889833.5496655
1709889834.3379533
1709889835.1471868
1709889835.974879
1709889836.7805
1709889837.6004984
1709889838.4077396
1709889839.1988535
1709889839.997679
1709889840.8033047
1709889841.611251
1709889842.4207277
1709889843.2198167
1709889844.0297508
1709889844.836323
1709889845.6444046
1709889846.4431844
1709889847.2476346
1709889848.061007
1709889848.871298
1709889849.6670103
1709889850.46716
1709889851.2865672
1709889852.0940008
1709889852.8929465
1709889853.6916778
1709889854.4923391
1709889855.3462508
1709889856.14496
1709889856.9450903
1709889857.7553144
1709889858.551768
1709889859.3498325
1709889860.1467462
1709889860.945868
1709889861.7477345
1709889862.5552723
1709889863.354456
1709889864.1708162
1709889864.9747636
1709889865.7697244
1709889866.5756547
1709889867.3738682
1709889868.1627111
1709889868.96264
1709889869.780212
1709889870.573337
1709889871.396481
1709889872.1959674
1709889872.9869947
1709889873.803452
1709889874.6099224
1709889875.4108498
1709889876.2273324
1709889877.028203
1709889877.833362
1709889878.6353483
1709889879.4517353
1709889880.2507071
1709889881.0838287
1709889881.8772717
1709889882.6901572
1709889883.5152721
1709889884.336947
1709889885.151514
1709889885.9595754
1709889886.7692547
1709889887.5796962
1709889888.396316
1709889889.1951513
1709889889.9922605
1709889890.8009458
1709889891.5991206
1709889892.4104338
1709889893.226211
1709889894.0157714
1709889894.8045805
1709889895.611316
