1709889928.3154073
1709889929.114453
1709889929.9229424
1709889930.7360523
1709889931.5357823
1709889932.3440392
1709889933.1522555
1709889933.9636188
1709889934.7791214
1709889935.5878289
1709889936.3894231
1709889937.1739526
1709889937.9821353
1709889938.7922564
1709889939.5905538
1709889940.3999681
1709889941.209306
1709889942.0162997
1709889942.8133104
1709889943.6168344
1709889944.429697
1709889945.219927
1709889946.028087
1709889946.817063
1709889947.6045089
1709889948.4136806
1709889949.215287
1709889950.0197072
1709889950.8192654
1709889951.6184566
1709889952.4462762
1709889953.2489598
1709889954.0732849
1709889954.871567
1709889955.6770937
1709889956.468543
1709889957.2790768
1709889958.0853238
1709889958.8869307
1709889959.6924682
1709889960.5015657
1709889961.3117173
1709889962.1093102
1709889962.905656
1709889963.713802
1709889964.51503
1709889965.3108904
1709889966.119674
1709889966.918881
1709889967.706651
1709889968.516204
1709889969.3350914
1709889970.1424901
1709889970.9505365
1709889971.7598846
1709889972.5570798
1709889973.3657053
1709889974.163953
1709889974.977404
1709889975.8028874
1709889976.6089733
1709889977.398167
1709889978.2078335
1709889979.007954
1709889979.796989
1709889980.6022563
1709889981.413212
1709889982.2022152
1709889983.037616
1709889983.8357642
1709889984.6322088
1709889985.435363
1709889986.243412
1709889987.0580108
1709889987.8584096
1709889988.6638298
1709889989.4658613
1709889990.2722204
1709889991.0798173
1709889991.8737404
1709889992.6904728
1709889993.4891467
1709889994.2957163
1709889995.1182194
1709889995.9519103
1709889996.7701383
1709889997.590065
1709889998.4186494
1709889999.217948
1709890000.0280468
1709890000.9012187
1709890001.703043
1709890002.5209136
1709890003.337046
1709890004.1375344
1709890004.9474113
1709890005.7451649
1709890006.561444
1709890007.3696642
1709890008.1696544
1709890008.9778712
1709890009.7746696
1709890010.5827136
1709890011.3924217
1709890012.1995375
1709890012.9995136
1709890013.8080735
1709890014.6158266
1709890015.4285362
1709890016.2464657
1709890017.053028
1709890017.8597004
1709890018.669398
1709890019.4587638
1709890020.2783015
1709890021.0728824
1709890021.8636098
1709890022.6703973
1709890023.4787462
1709890024.276836
1709890025.0673816
1709890025.8638823
1709890026.6723213
1709890027.4750195
1709890028.2794497
1709890029.0825913
1709890029.8873198
1709890030.684586
1709890031.4850252
1709890032.2838209
1709890033.09192
1709890033.9024243
1709890034.7073426
1709890035.509092
1709890036.2989335
1709890037.111886
1709890037.9043303
1709890038.7200098
1709890039.5194023
1709890040.3085146
1709890041.125314
1709890041.9326794
1709890042.7516615
1709890043.5622842
1709890044.3812768
1709890045.1876707
1709890045.9861138
1709890046.7882943
1709890047.5945046
1709890048.403664
1709890049.199654
1709890049.9989123
1709890050.8000736
1709890051.6167986
1709890052.4326866
1709890053.2328756
1709890054.0328963
1709890054.8385196
1709890055.6457462
1709890056.438786
1709890057.253736
1709890058.05375
1709890058.9226723
1709890059.7128487
1709890060.5104325
1709890061.3265986
1709890062.1336355
1709890062.9237335
1709890063.7132618
1709890064.5051436
1709890065.3186488
1709890066.107521
1709890066.917219
1709890067.7383256
1709890068.5439951
1709890069.3406465
1709890070.1547544
1709890070.9699144
1709890071.7682111
1709890072.576159
1709890073.3745832
1709890074.1642554
1709890074.9610293
1709890075.7686808
1709890076.58947
1709890077.3781402
1709890078.1743183
1709890078.9763875
1709890079.7811985
1709890080.5933328
1709890081.3983533
1709890082.2159832
1709890083.0152433
1709890083.8159873
1709890084.6380675
1709890085.4429412
1709890086.2392876
1709890087.0495763
1709890087.8375187
1709890088.6346612
1709890089.4348776
1709890090.242618
1709890091.0494518
1709890091.860558
1709890092.650474
1709890093.4572732
1709890094.2647653
1709890095.0816655
1709890095.8914425
1709890096.6821396
1709890097.4931
1709890098.290831
1709890099.0864253
1709890099.8852813
1709890100.6929505
1709890101.492237
1709890102.299676
1709890103.0882986
1709890103.889207
1709890104.6920726
1709890105.4933753
1709890106.3034928
1709890107.1125984
1709890107.9201357
1709890108.71859
1709890109.5206459
1709890110.317044
1709890111.125228
1709890111.9356291
1709890112.749893
1709890113.5597384
1709890114.3716137
1709890115.1745355
1709890115.9852464
1709890116.7953866
1709890117.5931325
1709890118.3900912
1709890119.189215
1709890119.9968944
1709890120.7962942
1709890121.6548102
1709890122.4574046
1709890123.2636695
1709890124.0884964
1709890124.9011006
1709890125.74832
1709890126.5542858
1709890127.3472269
1709890128.1628628
1709890128.9513836
1709890129.7526104
1709890130.5446792
1709890131.3971648
1709890132.2073667
1709890133.0145516
1709890133.838926
1709890134.629524
1709890135.4305465
1709890136.2378428
1709890137.0568721
1709890137.8679564
1709890138.6642933
1709890139.472694
1709890140.2809703
1709890141.0928938
1709890141.8945465
1709890142.688833
1709890143.5187688
1709890144.3224332
1709890145.1313672
1709890145.930071
1709890146.740997
1709890147.5427496
1709890148.366287
1709890149.174553
1709890149.9830456
1709890150.7836154
1709890151.5844307
1709890152.4024963
1709890153.1996863
1709890153.9986262
1709890154.8039758
1709890155.6016665
1709890156.3919425
1709890157.2102072
1709890158.0276754
1709890158.8289652
1709890159.6301732
1709890160.4654772
1709890161.272084
1709890162.0696025
1709890162.9124503
1709890163.7080207
1709890164.5156186
1709890165.3240597
1709890166.1228623
1709890166.9335032
1709890167.730888
1709890168.5425127
1709890169.347205
1709890170.164432
1709890170.973092
1709890171.7811353
1709890172.5836
1709890173.3881488
1709890174.2014027
1709890175.0155075
1709890175.8237672
1709890176.6147645
1709890177.4242349
1709890178.2300193
1709890179.0375345
1709890179.8414752
1709890180.6947594
1709890181.5036483
1709890182.3221273
1709890183.1197164
1709890183.9398897
1709890184.746735
1709890185.5584424
1709890186.3645499
1709890187.1857197
1709890187.9926343
1709890188.8001332
1709890189.619554
1709890190.4255354
1709890191.2365081
1709890192.0317185
1709890192.8433623
1709890193.6621988
1709890194.4577634
1709890195.2648814
1709890196.078209
1709890196.891746
1709890197.6923974
1709890198.4896698
1709890199.2979767
1709890200.1048336
1709890200.8986764
1709890201.7040105
1709890202.5025427
1709890203.296234
1709890204.0806353
1709890204.870115
1709890205.6866095
1709890206.486063
1709890207.2942026
1709890208.09187
1709890208.9050443
1709890209.7200837
1709890210.5068228
1709890211.307435
1709890212.103846
1709890212.9027412
1709890213.7124221
1709890214.5293007
1709890215.3273506
1709890216.1291296
1709890216.9351385
1709890217.7351997
1709890218.5460482
1709890219.3620117
1709890220.1818008
1709890220.9976118
1709890221.786817
1709890222.5871122
1709890223.392801
1709890224.1911116
1709890224.9829998
1709890225.797452
1709890226.609435
1709890227.4156115
1709890228.2150502
1709890229.0140498
1709890229.8121645
1709890230.6033356
1709890231.3993087
1709890232.1974328
1709890232.9872284
