1709890260.4396782
1709890261.240383
1709890262.037445
1709890262.836007
1709890263.6441638
1709890264.4423368
1709890265.240469
1709890266.059989
1709890266.8593953
1709890267.6660976
1709890268.4667013
1709890269.2647913
1709890270.077006
1709890270.8799682
1709890271.6795106
1709890272.4761634
1709890273.2867372
1709890274.0867834
1709890274.8715255
1709890275.6714025
1709890276.4737303
1709890277.2791305
1709890278.0869758
1709890278.8834226
1709890279.6836195
1709890280.490669
1709890281.300866
1709890282.1008744
1709890282.9082375
1709890283.7150433
1709890284.5235305
1709890285.3220243
1709890286.1206205
1709890286.9193792
1709890287.7302592
1709890288.5177417
1709890289.3044944
1709890290.1056821
1709890290.9106805
1709890291.7089813
1709890292.5177827
1709890293.3152769
1709890294.115277
1709890294.9135253
1709890295.7220993
1709890296.5398064
1709890297.3492944
1709890298.160297
1709890298.969969
1709890299.786102
1709890300.5918798
1709890301.3831525
1709890302.170188
1709890302.981284
1709890303.7782142
1709890304.5655463
1709890305.3724196
1709890306.1727004
1709890306.970996
1709890307.780616
1709890308.5800922
1709890309.4666173
1709890310.2636735
1709890311.0618956
1709890311.879444
1709890312.6798515
1709890313.4967844
1709890314.293573
1709890315.1015565
1709890315.9109426
1709890316.7101452
1709890317.5119374
1709890318.329309
1709890319.1443295
1709890319.95298
1709890320.7729943
1709890321.617814
1709890322.4259965
1709890323.2390764
1709890324.0461378
1709890324.8632064
1709890325.6730018
1709890326.462423
1709890327.2584553
1709890328.065989
1709890328.8687754
1709890329.6770706
1709890330.4913244
1709890331.3018143
1709890332.108788
1709890332.9175632
1709890333.735275
1709890334.526593
1709890335.3326664
1709890336.1310048
1709890336.9402828
1709890337.739047
1709890338.5368557
1709890339.336018
1709890340.1325898
1709890340.9238267
1709890341.7275455
1709890342.5350697
1709890343.3475106
1709890344.1496289
1709890344.975363
1709890345.785665
1709890346.5741975
1709890347.3733847
1709890348.210539
1709890348.999472
1709890349.8061326
1709890350.6149688
1709890351.4247046
1709890352.2224033
1709890353.0339587
1709890353.849944
1709890354.6373634
1709890355.4389286
1709890356.226801
1709890357.033258
1709890357.8224213
1709890358.638534
1709890359.448231
1709890360.2488651
1709890361.0442734
1709890361.863363
1709890362.6600068
1709890363.4716442
1709890364.2894316
1709890365.1010983
1709890365.956262
1709890366.7529798
1709890367.5643294
1709890368.3754709
1709890369.1896615
1709890369.9900076
1709890370.7787197
1709890371.5851467
1709890372.3821878
1709890373.1842537
1709890373.999779
1709890374.800909
1709890375.6070902
1709890376.407213
1709890377.2142758
1709890378.0158284
1709890378.8315837
1709890379.6396587
1709890380.4577308
1709890381.2611496
1709890382.0574658
1709890382.855489
1709890383.6645162
1709890384.4717808
1709890385.279365
1709890386.0883396
1709890386.9000566
1709890387.707537
1709890388.4938521
1709890389.291344
1709890390.1023655
1709890390.9101954
1709890391.719244
1709890392.5164711
1709890393.3140464
1709890394.1324027
1709890394.944578
1709890395.740059
1709890396.5311038
1709890397.3356411
1709890398.135422
1709890398.9434404
1709890399.7451494
1709890400.5438843
1709890401.330748
1709890402.1297648
1709890402.9263294
1709890403.7250893
1709890404.5281398
