1709890456.4063785
1709890457.2112436
1709890458.0000958
1709890458.807465
1709890459.619328
1709890460.4169977
1709890461.2220452
1709890462.022719
1709890462.8304496
1709890463.629626
1709890464.4397085
1709890465.2281468
1709890466.0329726
1709890466.8548331
1709890467.6525154
1709890468.4502442
1709890469.2415063
1709890470.0457594
1709890470.8358667
1709890471.638355
1709890472.442474
1709890473.230259
1709890474.0396442
1709890474.858782
1709890475.6557488
1709890476.4564
1709890477.2672367
1709890478.0659845
1709890478.8699877
1709890479.6784227
1709890480.4976485
1709890481.3074203
1709890482.1033545
1709890482.901043
1709890483.7097538
1709890484.5074446
1709890485.315668
1709890486.1343536
1709890486.9345977
1709890487.7364
1709890488.5441656
1709890489.3901074
1709890490.1784306
1709890491.0174272
1709890491.8075798
1709890492.6042376
1709890493.434387
1709890494.230004
1709890495.0397892
1709890495.8385966
1709890496.6562643
1709890497.4554534
1709890498.2638946
1709890499.0793328
1709890499.8904307
1709890500.6886475
1709890501.498412
1709890502.3040931
1709890503.101441
1709890503.8995771
1709890504.6897986
1709890505.4879417
1709890506.2993793
1709890507.0964909
1709890507.8956616
1709890508.7007616
1709890509.4983745
1709890510.2989066
1709890511.1085675
1709890511.9170706
1709890512.714054
1709890513.5110247
1709890514.2996962
1709890515.0908256
1709890515.9000854
1709890516.7044768
1709890517.5224938
1709890518.341798
1709890519.1399536
1709890519.9488924
1709890520.7573047
1709890521.5597227
1709890522.3637028
1709890523.164483
1709890523.972055
1709890524.771306
1709890525.5804377
1709890526.3755379
1709890527.188832
1709890528.1023898
1709890528.9035497
1709890529.7029436
1709890530.509428
1709890531.3184881
1709890532.1188414
1709890532.9275005
1709890533.7235608
1709890534.5240784
1709890535.350118
1709890536.1669009
1709890536.9757504
1709890537.7938483
1709890538.605504
1709890539.4041429
1709890540.210038
1709890541.01626
1709890541.8191485
1709890542.6153562
1709890543.4119534
1709890544.2199469
1709890545.028838
1709890545.8290594
1709890546.6274116
1709890547.4431598
1709890548.2525702
1709890549.0662518
1709890549.9388344
1709890550.7375164
1709890551.5397542
1709890552.3463016
1709890553.1629963
1709890553.9621944
1709890554.752416
1709890555.5388422
1709890556.3551867
1709890557.1551802
1709890557.9542522
1709890558.7539983
1709890559.5533068
1709890560.3588731
1709890561.1584146
1709890561.954359
1709890562.7436652
1709890563.553552
1709890564.372357
1709890565.180041
1709890565.9798446
1709890566.7850528
1709890567.5828567
1709890568.381478
1709890569.1839416
1709890569.9976547
1709890570.79953
1709890571.6037495
1709890572.4047394
1709890573.2045546
1709890574.0107021
1709890574.8097177
1709890575.619886
1709890576.4278111
1709890577.2237113
1709890578.042992
1709890578.860093
1709890579.6781266
1709890580.4823096
1709890581.2753139
1709890582.0762765
1709890582.8849216
1709890583.6831224
1709890584.4890592
1709890585.280013
1709890586.0864217
1709890586.8950348
1709890587.686524
1709890588.5020227
1709890589.309967
1709890590.1055026
1709890590.9058762
1709890591.7136538
1709890592.5235238
1709890593.3226898
1709890594.1392295
1709890594.9400356
1709890595.7581055
1709890596.6140778
1709890597.4155145
1709890598.2298603
1709890599.0373669
1709890599.8367703
1709890600.6483805
1709890601.4632716
1709890602.2737124
1709890603.0708477
1709890603.8680239
1709890604.667029
1709890605.4742665
1709890606.2851481
1709890607.083097
1709890607.8800807
1709890608.6969965
1709890609.4886026
1709890610.297008
1709890611.0931792
1709890611.9011345
1709890612.699634
1709890613.4990873
1709890614.2955747
1709890615.1134129
1709890615.9238107
