1709890658.0199132
1709890658.8276527
1709890659.626449
1709890660.4239335
1709890661.2120326
1709890662.0236597
1709890662.8120263
1709890663.608498
1709890664.4312449
1709890665.2176635
1709890666.0240152
1709890666.8217134
1709890667.6193743
1709890668.4193645
1709890669.217192
1709890670.008585
1709890670.8076575
1709890671.6248176
1709890672.421681
1709890673.2287266
1709890674.0292103
1709890674.826722
1709890675.6330721
1709890676.4421074
1709890677.250651
1709890678.0597029
1709890678.8609228
1709890679.685312
1709890680.4864151
1709890681.2940269
1709890682.1235545
1709890682.968864
1709890683.7806797
1709890684.5855784
1709890685.3945231
1709890686.2228186
1709890687.0147462
1709890687.810703
1709890688.6108057
1709890689.4157262
1709890690.2184322
1709890691.0237045
1709890691.8242536
1709890692.633005
1709890693.4182682
1709890694.216576
1709890695.0277283
1709890695.8355272
1709890696.6447415
1709890697.4502811
1709890698.241493
1709890699.0479577
1709890699.8672402
1709890700.6947606
1709890701.5024474
1709890702.3104286
1709890703.1123953
1709890703.9066575
1709890704.7146711
1709890705.5170603
1709890706.3214862
1709890707.1116407
1709890707.9192805
1709890708.7366323
1709890709.53458
1709890710.354721
1709890711.1920028
1709890711.9926765
1709890712.7950175
1709890713.6503396
1709890714.4384258
1709890715.2233465
1709890716.0435739
1709890716.8327444
1709890717.6300528
1709890718.4469
1709890719.2370598
1709890720.0370862
1709890720.8408048
1709890721.6428108
1709890722.4425538
1709890723.2492862
1709890724.0603878
1709890724.864417
1709890725.672495
1709890726.4756055
1709890727.2928457
1709890728.1124787
1709890728.916282
1709890729.7162542
1709890730.5540097
1709890731.3505757
1709890732.1409485
1709890732.932073
1709890733.7288465
1709890734.525098
1709890735.335608
1709890736.1439059
1709890736.9598477
1709890737.7717345
1709890738.5672364
1709890739.3668823
1709890740.1636362
1709890740.9760613
1709890741.8210905
1709890742.638908
1709890743.457654
1709890744.2553077
1709890745.0655012
1709890745.8809936
1709890746.6900027
1709890747.491756
1709890748.3088043
1709890749.1278796
1709890749.933674
1709890750.7545846
1709890751.5530398
1709890752.3608606
1709890753.1688566
1709890753.9661732
1709890754.7670124
1709890755.5733783
1709890756.3629646
1709890757.1536021
1709890757.9505777
1709890758.7493606
1709890759.5353315
1709890760.3259256
1709890761.1214466
1709890761.9290645
1709890762.747531
1709890763.5458748
1709890764.3477643
1709890765.163278
1709890765.9523783
1709890766.7401805
1709890767.5484715
1709890768.3395061
1709890769.1351461
1709890769.9265141
1709890770.7236729
1709890771.5425673
1709890772.3475757
1709890773.1501474
1709890773.9554033
1709890774.778352
1709890775.5929651
1709890776.3986304
1709890777.2187133
1709890778.0364413
1709890778.8468328
1709890779.65481
1709890780.4635427
1709890781.2705193
1709890782.0788581
1709890782.8870792
1709890783.698215
1709890784.530464
1709890785.325595
1709890786.1220787
1709890786.920969
1709890787.7299132
1709890788.5377834
1709890789.3471713
1709890790.1334047
1709890790.9364588
1709890791.7432377
1709890792.5533173
1709890793.3480933
1709890794.1401722
1709890794.9341965
1709890795.722637
1709890796.5226073
1709890797.309428
1709890798.1017375
1709890798.9090588
1709890799.7062752
1709890800.5028236
1709890801.3016603
1709890802.1021242
1709890802.8985343
1709890803.7087119
1709890804.507442
1709890805.3052857
1709890806.0940325
1709890806.894062
1709890807.6926591
1709890808.4894228
1709890809.2861648
1709890810.0961633
1709890810.89275
1709890811.6929913
1709890812.5001323
1709890813.3068082
1709890814.1174598
1709890814.931481
1709890815.7234063
1709890816.5336163
1709890817.3308709
1709890818.1297026
1709890818.9504821
1709890819.7678938
1709890820.5782533
1709890821.3905342
1709890822.1894238
1709890822.997072
1709890823.795483
1709890824.5977876
1709890825.401698
1709890826.2113585
1709890827.0003726
1709890827.8121872
1709890828.6301615
1709890829.4376411
1709890830.2524636
1709890831.0513387
1709890831.870065
1709890832.6870205
1709890833.4761977
