1709890871.3524413
1709890872.1565228
1709890872.9682968
1709890873.7690196
1709890874.5740163
1709890875.3806407
1709890876.1790707
1709890876.9908435
1709890877.9071226
1709890878.7236629
1709890879.5235856
1709890880.330312
1709890881.1289399
1709890881.9307997
1709890882.7470903
1709890883.54495
1709890884.3570802
1709890885.1741056
1709890885.9700785
1709890886.7702193
1709890887.5746806
1709890888.3841014
1709890889.19276
1709890889.9934242
1709890890.8007116
1709890891.6073453
1709890892.396462
1709890893.209349
1709890894.0329096
1709890894.834763
1709890895.6429944
1709890896.4383552
1709890897.2516036
1709890898.0578165
1709890898.8636227
1709890899.6564388
1709890900.4630044
1709890901.249954
1709890902.0554626
1709890902.8581183
1709890903.6673641
1709890904.4572988
1709890905.2704809
1709890906.06188
1709890906.854763
1709890907.6887083
1709890908.5048478
1709890909.335243
1709890910.1338632
1709890910.9315512
1709890911.7384381
1709890912.5261667
1709890913.3382497
1709890914.1357358
1709890914.9409964
1709890915.7605011
1709890916.5687246
1709890917.3582826
1709890918.1540523
1709890918.9553478
1709890919.7544816
1709890920.5439897
1709890921.3431406
1709890922.176583
1709890922.9862592
1709890923.8033354
1709890924.6013272
1709890925.4099703
1709890926.2192752
1709890927.0202913
1709890927.8446689
1709890928.6551514
1709890929.4749298
1709890930.2611063
1709890931.048118
1709890931.8566093
1709890932.657885
1709890933.4546902
1709890934.2736833
1709890935.0899823
