1709890953.6752264
1709890954.4790895
1709890955.2792277
1709890956.0877182
1709890956.887761
1709890957.6929486
1709890958.4925299
1709890959.2921891
1709890960.093363
1709890960.8902671
1709890961.694765
1709890962.5057123
1709890963.3032615
1709890964.1025004
1709890964.9237528
1709890965.7301087
1709890966.5278351
1709890967.3259032
1709890968.134381
1709890968.9397101
1709890969.7395504
1709890970.5459192
1709890971.3549366
1709890972.1652372
1709890972.9772909
1709890973.8103719
1709890974.6265712
1709890975.4574869
1709890976.2552843
1709890977.0677745
1709890977.9023726
1709890978.7133777
1709890979.5235968
1709890980.3194196
1709890981.128937
1709890981.9346445
1709890982.7424803
1709890983.5595825
1709890984.3540218
1709890985.1674638
1709890985.9664993
1709890986.7745879
1709890987.5824893
1709890988.4030292
1709890989.2107048
1709890990.0103052
1709890990.8051076
1709890991.6054478
1709890992.4124951
1709890993.2020485
1709890993.9895792
1709890994.7998464
1709890995.6075134
1709890996.3965077
1709890997.18329
1709890997.9725332
1709890998.7889874
1709890999.5977235
1709891000.398812
1709891001.2239408
1709891002.0375237
1709891002.8314552
1709891003.6248856
1709891004.4183517
1709891005.2269764
1709891006.0186915
1709891006.832431
1709891007.6322696
1709891008.452343
1709891009.241103
1709891010.040361
1709891010.8457267
1709891011.6627831
1709891012.4551888
1709891013.2488763
1709891014.0580018
1709891014.8562477
1709891015.6643052
1709891016.4755504
1709891017.281936
1709891018.0895536
1709891018.897745
1709891019.6880336
1709891020.476656
1709891021.2756908
1709891022.0728734
1709891022.8708744
1709891023.6704998
1709891024.4781513
1709891025.2862046
1709891026.0738091
1709891026.8642273
1709891027.671708
1709891028.4706972
1709891029.276505
1709891030.0942507
1709891030.8845086
1709891031.681238
1709891032.4823089
1709891033.2995923
1709891034.0965676
1709891034.8930192
1709891035.7013814
1709891036.5029135
1709891037.316058
1709891038.1889033
1709891038.9763591
1709891039.782089
1709891040.5888875
1709891041.3908668
1709891042.199218
1709891043.0078804
1709891043.8147619
1709891044.6172938
1709891045.4339879
1709891046.2420182
1709891047.0575085
1709891047.859929
1709891048.6701863
1709891049.473907
1709891050.2627103
1709891051.0727339
1709891051.882733
1709891052.6806216
1709891053.4965515
1709891054.3153121
1709891055.105242
1709891055.910845
1709891056.717964
1709891057.5062726
1709891058.3038445
1709891059.1152763
1709891059.9211903
1709891060.728913
1709891061.529854
1709891062.3267627
1709891063.1341894
1709891063.95446
1709891064.7732003
1709891065.5797806
1709891066.3899033
1709891067.1948068
1709891067.9945138
1709891068.7999616
1709891069.610647
1709891070.4175925
1709891071.215084
1709891072.0149379
1709891072.8135357
1709891073.619657
1709891074.4095378
1709891075.1994328
1709891076.017163
1709891076.8264985
1709891077.6180995
1709891078.4393485
1709891079.2586071
1709891080.074245
1709891080.8771307
1709891081.6944115
