1709891104.0679448
1709891104.863245
1709891105.6835723
1709891106.5307543
1709891107.3274817
1709891108.127593
1709891108.926167
1709891109.7277277
1709891110.5510054
1709891111.3605478
1709891112.1585932
1709891112.9791367
1709891113.7753003
1709891114.5822034
1709891115.382901
1709891116.188932
1709891116.990405
1709891117.7952862
1709891118.5954194
1709891119.4037943
1709891120.210542
1709891121.0275965
1709891121.8297985
1709891122.6262603
1709891123.4358814
1709891124.2237296
1709891125.030125
1709891125.8312185
1709891126.646915
1709891127.4572604
1709891128.2530332
1709891129.0655026
1709891129.8728716
1709891130.6884196
1709891131.5000322
1709891132.3053303
1709891133.1169055
1709891133.9624407
1709891134.76979
1709891135.578936
1709891136.3882322
1709891137.1844618
1709891137.9922981
1709891138.80228
1709891139.6208618
1709891140.430966
1709891141.2262845
1709891142.0349705
1709891142.8328676
1709891143.6308608
1709891144.4399931
1709891145.247366
1709891146.0592277
1709891146.8681982
1709891147.675556
1709891148.470567
1709891149.2809875
1709891150.0797935
1709891150.891833
1709891151.7269332
1709891152.544194
1709891153.3618987
1709891154.1735287
1709891155.0098999
1709891155.8354988
1709891156.6546216
1709891157.4659226
1709891158.29324
1709891159.0798066
1709891159.87955
1709891160.6780174
1709891161.485803
1709891162.2931964
1709891163.0916066
1709891163.8925626
1709891164.6900506
1709891165.4776893
1709891166.2966583
1709891167.1123607
1709891167.9106896
1709891168.7195175
1709891169.529901
1709891170.33796
1709891171.1445477
1709891171.954338
1709891172.7821045
1709891173.5810115
1709891174.3786452
1709891175.187698
1709891175.9846268
1709891176.793474
1709891177.5935302
1709891178.392881
1709891179.2081165
1709891180.0076377
1709891180.7945879
1709891181.601168
1709891182.401322
1709891183.2126524
1709891184.0393877
1709891184.8374805
1709891185.645798
1709891186.4437196
1709891187.2536361
1709891188.0532126
1709891188.8636518
1709891189.6903894
1709891190.484115
1709891191.2842095
1709891192.0919335
1709891192.921346
1709891193.7285454
1709891194.531008
1709891195.3668158
1709891196.1771681
1709891196.97242
1709891197.7834842
1709891198.6026897
1709891199.408229
1709891200.2161262
