1709891249.9156508
1709891250.717798
1709891251.5239596
1709891252.330712
1709891253.1536715
1709891253.9390233
1709891254.734701
1709891255.5331018
1709891256.330211
1709891257.1314487
1709891257.9444823
1709891258.7963731
1709891259.5875192
1709891260.3815346
1709891261.1936615
1709891262.0021594
1709891262.7979238
1709891263.608193
1709891264.449321
1709891265.2529829
1709891266.0423963
1709891266.8440857
1709891267.6483428
1709891268.4695094
1709891269.2741635
1709891270.0763001
1709891270.8727083
1709891271.6913564
1709891272.4993784
1709891273.3095872
1709891274.1154222
1709891274.9230137
1709891275.7141378
1709891276.5191808
1709891277.3226292
1709891278.1273417
1709891278.93665
1709891279.761861
1709891280.5640986
1709891281.441431
1709891282.2483008
1709891283.0590796
1709891283.8469236
1709891284.6366942
1709891285.4506907
1709891286.2684996
1709891287.061037
1709891287.8489063
1709891288.6560729
1709891289.4546463
1709891290.2661133
1709891291.0913212
1709891291.8790293
1709891292.7066138
1709891293.5051944
1709891294.3164487
1709891295.1216645
1709891295.9254189
1709891296.758255
1709891297.5572126
1709891298.3497121
1709891299.1645575
1709891299.953132
1709891300.7524965
1709891301.5588992
1709891302.3572502
1709891303.1475828
1709891303.9352798
1709891304.7439451
1709891305.5481079
1709891306.3382928
1709891307.1398935
1709891307.9351301
1709891308.7429976
1709891309.547387
1709891310.3404577
1709891311.1401224
1709891311.939942
1709891312.7376733
1709891313.5382917
1709891314.3362293
1709891315.1318238
1709891315.9502504
1709891316.757278
1709891317.575487
1709891318.37394
1709891319.1763074
1709891319.981662
1709891320.7885938
1709891321.5958412
1709891322.3955483
1709891323.1995142
1709891324.012178
1709891324.8308108
1709891325.6320567
1709891326.427007
1709891327.237186
1709891328.043657
1709891328.8420901
1709891329.6419027
1709891330.4405668
1709891331.2468073
1709891332.0372937
1709891332.8373182
1709891333.621857
1709891334.4211528
1709891335.2226284
1709891336.027188
1709891336.8355002
1709891337.6337671
1709891338.4390295
1709891339.3032467
1709891340.1089644
1709891340.9181898
1709891341.7274978
1709891342.5467575
1709891343.3837035
1709891344.2017965
1709891345.0114431
1709891345.8083963
1709891346.6158047
1709891347.415948
1709891348.2248466
1709891349.023456
1709891349.8397145
1709891350.639968
1709891351.4482167
1709891352.2457623
1709891353.0529997
1709891353.8616745
1709891354.6595883
1709891355.467319
1709891356.2752523
1709891357.0760887
1709891357.8832002
1709891358.6897244
1709891359.4895723
1709891360.2993653
1709891361.1080987
1709891361.8962042
1709891362.700019
1709891363.4983785
1709891364.3091927
1709891365.0996623
1709891365.92522
1709891366.745818
1709891367.5529313
1709891368.3634574
1709891369.161859
1709891369.95757
1709891370.7558594
1709891371.5584466
1709891372.3640552
1709891373.1526968
1709891373.9393077
1709891374.7302237
1709891375.5297728
1709891376.334981
1709891377.154291
1709891377.9615111
1709891378.7633657
1709891379.5694687
1709891380.3792007
1709891381.1758533
1709891382.002238
1709891382.8034132
1709891383.610767
1709891384.4181943
1709891385.253657
1709891386.129986
1709891386.9644246
1709891387.8016665
1709891388.6004076
1709891389.417023
1709891390.2257524
1709891391.0227275
1709891391.8236954
1709891392.621304
1709891393.4243376
1709891394.227345
1709891395.0303822
1709891395.8345428
1709891396.6299536
1709891397.4146452
1709891398.229927
1709891399.0381727
1709891399.8553507
1709891400.6572657
1709891401.4746637
1709891402.28441
1709891403.0797875
1709891403.8890278
1709891404.6872349
1709891405.4740877
1709891406.276335
1709891407.08095
1709891407.879943
1709891408.667467
1709891409.4611993
1709891410.2941961
1709891411.0914547
1709891411.8844202
1709891412.679236
1709891413.4694607
1709891414.274664
1709891415.0761979
1709891415.8852139
1709891416.7004116
1709891417.5217915
1709891418.343105
1709891419.228351
1709891420.0365663
1709891420.8319733
1709891421.6445005
1709891422.442722
1709891423.2557547
1709891424.083777
1709891424.8848221
1709891425.6932063
1709891426.4997985
1709891427.3032253
1709891428.1473918
1709891428.9344091
1709891429.7341092
1709891430.543618
1709891431.3300931
1709891432.1242435
1709891432.9481082
1709891433.7566407
1709891434.6027033
1709891435.411723
1709891436.2315445
1709891437.0206814
1709891437.8482366
1709891438.6641285
1709891439.463176
1709891440.2622256
1709891441.0699081
1709891441.8787503
1709891442.688131
1709891443.4938343
1709891444.3102314
1709891445.1417885
1709891445.941123
1709891446.7274275
1709891447.5374084
1709891448.3463907
1709891449.1474483
1709891449.9831147
1709891450.7805982
1709891451.5827608
1709891452.389323
1709891453.1854925
1709891453.9843946
1709891454.8051305
1709891455.6090062
1709891456.4186091
1709891457.2173965
1709891458.0260427
