1709891514.2599535
1709891515.0758429
1709891515.868364
1709891516.6775665
1709891517.4712067
1709891518.2805727
1709891519.0890765
1709891519.8894997
1709891520.6823835
1709891521.5244193
1709891522.3337998
1709891523.1694224
1709891523.9580746
1709891524.7683249
1709891525.583946
1709891526.3980732
1709891527.195147
1709891527.9941072
1709891528.810596
1709891529.6071372
1709891530.4013321
1709891531.2261066
1709891532.0237665
1709891532.813231
1709891533.6197278
1709891534.4102523
1709891535.2346294
1709891536.0330255
1709891536.8335552
1709891537.6223717
1709891538.4194922
1709891539.236186
1709891540.0361774
1709891540.8243635
1709891541.6315482
1709891542.4304214
1709891543.239098
1709891544.050105
1709891544.8651829
1709891545.6573317
1709891546.463705
1709891547.2632275
1709891548.0882268
1709891548.8996565
1709891549.708689
1709891550.5158746
1709891551.3125494
1709891552.1114264
1709891552.9032953
1709891553.699684
1709891554.4975607
1709891555.3073463
1709891556.0963292
1709891556.9011934
1709891557.6938198
1709891558.4993794
1709891559.2884417
1709891560.0889406
1709891560.888335
1709891561.7444289
1709891562.5431597
1709891563.3438387
1709891564.1569245
1709891564.9473543
1709891565.7463288
1709891566.543578
1709891567.3356085
1709891568.1339889
1709891568.9509108
1709891569.7500906
1709891570.5564795
1709891571.347705
1709891572.1555116
1709891572.9544609
1709891573.774037
1709891574.5735807
1709891575.3974314
1709891576.226743
1709891577.0423832
1709891577.8511543
1709891578.658478
1709891579.460841
1709891580.2657278
1709891581.063797
1709891581.8727498
1709891582.6918044
1709891583.4919126
1709891584.2900565
1709891585.1058962
1709891585.9045346
1709891586.724358
1709891587.5347033
1709891588.340803
1709891589.1520061
1709891589.9698522
1709891590.7784142
1709891591.587269
1709891592.3924258
1709891593.2042296
1709891594.0179508
1709891594.8164566
1709891595.6354752
1709891596.4475555
1709891597.24146
1709891598.0498598
1709891598.8504918
1709891599.6594656
1709891600.4564438
1709891601.2652059
1709891602.0718937
1709891602.8713837
1709891603.6627433
1709891604.4672692
1709891605.2582688
1709891606.064654
1709891606.8827395
1709891607.681505
1709891608.4940355
1709891609.2784724
1709891610.0697017
