1709891626.329633
1709891627.1352391
1709891627.9597783
1709891628.7699935
1709891629.56978
1709891630.3762288
1709891631.1935685
1709891631.9847314
1709891632.78026
1709891633.5889795
1709891634.3995116
1709891635.2214503
1709891636.0278254
1709891636.832899
1709891637.6316214
1709891638.4303613
1709891639.237497
1709891640.0395808
1709891640.8459275
1709891641.6557662
1709891642.4508045
1709891643.253376
1709891644.0591881
1709891644.8505557
1709891645.6644623
1709891646.4733179
1709891647.2835126
1709891648.0935042
1709891648.8892434
1709891649.6967733
1709891650.5052185
1709891651.3053
1709891652.1115966
1709891652.9200773
1709891653.7207463
1709891654.526553
1709891655.3381157
1709891656.1280553
1709891656.9423363
1709891657.7600589
1709891658.5704646
1709891659.389579
1709891660.2048888
1709891661.0067203
1709891661.794222
1709891662.613839
1709891663.4230742
1709891664.2185133
1709891665.0195208
1709891665.8076923
1709891666.6131628
1709891667.4017446
1709891668.2194576
1709891669.0319078
1709891669.8363569
1709891670.6445282
1709891671.433054
1709891672.2464206
1709891673.0549426
1709891673.8679497
1709891674.657195
1709891675.4678905
1709891676.2673082
1709891677.0857918
1709891677.9070935
1709891678.7095542
1709891679.507178
1709891680.3091018
1709891681.1075072
1709891681.914467
1709891682.7119143
1709891683.5236757
1709891684.3309221
1709891685.1398594
1709891685.9359498
1709891686.7452466
1709891687.5617607
1709891688.3708487
1709891689.1721053
1709891689.9806888
1709891690.785751
1709891691.587312
1709891692.3822834
1709891693.181151
1709891693.9716413
1709891694.7831755
1709891695.580429
1709891696.3874056
1709891697.1944509
1709891697.9926617
1709891698.8031783
1709891699.59734
1709891700.388673
1709891701.1873162
1709891701.9867268
1709891702.7804723
1709891703.5826695
1709891704.3793397
1709891705.1796296
1709891705.9800947
1709891706.8034225
1709891707.5925596
1709891708.3938403
1709891709.1794074
1709891709.9688268
1709891710.767174
1709891711.5855322
1709891712.3752797
1709891713.1724362
1709891713.968142
1709891714.776221
1709891715.594663
1709891716.4043493
1709891717.2186437
1709891718.0378366
1709891718.863035
1709891719.6790047
1709891720.5062559
1709891721.3163152
1709891722.1030173
1709891722.909744
1709891723.7083938
1709891724.5299113
1709891725.336125
1709891726.137761
1709891726.934862
1709891727.7436259
1709891728.548418
1709891729.3403225
1709891730.1480424
1709891730.9554982
1709891731.7623527
1709891732.563605
1709891733.3694212
1709891734.1691139
1709891734.9689667
1709891735.7868435
1709891736.5943701
1709891737.4071908
1709891738.2686288
