1709891798.333234
1709891799.1670845
1709891799.9726439
1709891800.773921
1709891801.589612
1709891802.3988216
1709891803.2091944
1709891804.0134022
1709891804.8153026
1709891805.6030464
1709891806.409987
1709891807.2015607
1709891807.9973898
1709891808.798281
1709891809.5863585
1709891810.3813634
1709891811.1925564
1709891812.0014448
1709891812.786424
1709891813.5892236
1709891814.3843026
1709891815.1918795
1709891815.9906452
1709891816.789584
1709891817.5913258
1709891818.381471
1709891819.183776
1709891819.9915743
1709891820.7812471
1709891821.5804846
1709891822.3776383
1709891823.1957834
1709891823.9885626
1709891824.7920916
1709891825.5907564
1709891826.387633
1709891827.2073317
1709891828.0159194
1709891828.8238137
