1709891848.4763386
1709891849.2730641
1709891850.0708618
1709891850.8693173
1709891851.678903
1709891852.4849129
1709891853.275392
1709891854.0809705
1709891854.8806593
1709891855.6912808
1709891856.4861157
1709891857.2964447
1709891858.1020975
1709891858.9113503
1709891859.70961
1709891860.5108697
1709891861.3199847
1709891862.1473002
1709891862.9587657
1709891863.763528
1709891864.5805807
1709891865.391357
1709891866.1869838
1709891866.9908304
1709891867.8167248
1709891868.6349022
1709891869.4598694
1709891870.288337
1709891871.077475
1709891871.8691254
1709891872.6682565
1709891873.545562
1709891874.3334017
1709891875.1418238
1709891875.9364974
1709891876.7360282
1709891877.5338075
1709891878.333997
1709891879.129877
1709891879.9262886
1709891880.7458472
1709891881.5357702
1709891882.3264809
1709891883.135356
1709891883.9454193
1709891884.7515702
1709891885.5692067
1709891886.376002
1709891887.1842818
1709891887.9845207
1709891888.7837787
1709891889.5894868
1709891890.3881075
1709891891.179234
1709891891.9754298
1709891892.7762334
1709891893.5742214
1709891894.3644629
1709891895.1719546
1709891895.9570372
1709891896.7586098
1709891897.5460165
1709891898.3359962
1709891899.133372
1709891899.9223094
1709891900.7260835
1709891901.5166893
1709891902.3276439
1709891903.122778
1709891903.9331384
1709891904.7407422
1709891905.5277417
1709891906.3315399
1709891907.1338809
1709891907.9390204
1709891908.7430632
1709891909.5419328
1709891910.3277636
1709891911.1185694
1709891911.9044998
