1709892030.6121826
1709892031.4094095
1709892032.223924
1709892033.0354438
1709892033.831481
1709892034.6286283
1709892035.4272437
1709892036.2391987
1709892037.0445774
1709892037.845198
1709892038.6510327
1709892039.4528148
1709892040.2598042
1709892041.0664454
1709892041.8663802
1709892042.6529615
1709892043.4633675
1709892044.2813203
1709892045.0821865
1709892045.8968272
1709892046.715337
1709892047.5139031
1709892048.3046799
1709892049.102512
1709892049.920813
1709892050.7269702
1709892051.5399969
1709892052.3369892
1709892053.1458821
1709892053.9508567
1709892054.7505257
1709892055.562241
1709892056.360463
1709892057.1692588
1709892057.97478
1709892058.7749078
1709892059.5733428
1709892060.3705838
1709892061.1730134
1709892061.9758935
1709892062.7854536
1709892063.5733614
1709892064.3904076
1709892065.1909714
1709892065.9890893
1709892066.7971203
1709892067.607428
1709892068.4225278
1709892069.2303588
1709892070.0337863
1709892070.8580813
1709892071.6587648
1709892072.454533
1709892073.2537825
1709892074.0654888
1709892074.8744965
1709892075.6901913
1709892076.489183
1709892077.2961986
1709892078.1063838
1709892078.9350235
1709892079.722615
1709892080.5416539
1709892081.3519347
1709892082.1760135
1709892082.9759266
1709892083.773839
1709892084.5834432
1709892085.3821125
1709892086.1822321
1709892086.9953413
1709892087.7969537
1709892088.6068847
1709892089.4153368
1709892090.2232616
1709892091.030761
1709892091.8394535
1709892092.6582336
1709892093.4635646
1709892094.2683942
1709892095.0751984
1709892095.8727045
1709892096.6781878
1709892097.4759836
1709892098.266407
1709892099.0851507
1709892099.8840551
1709892100.6900473
1709892101.4984698
1709892102.2993042
1709892103.0965023
1709892103.8841662
1709892104.6820884
1709892105.4815495
1709892106.290981
1709892107.1001525
1709892107.8996584
1709892108.7682304
1709892109.5728536
1709892110.3727906
1709892111.162534
1709892111.9622185
1709892112.7866342
1709892113.5858066
1709892114.404195
1709892115.2030067
1709892116.001593
1709892116.8091562
1709892117.6107955
1709892118.4163313
1709892119.2169795
1709892120.0241597
1709892120.8163686
1709892121.6115794
1709892122.4113462
1709892123.2241023
1709892124.0370438
1709892124.8455508
1709892125.6461596
1709892126.4514196
1709892127.2430565
1709892128.067775
1709892128.8762891
1709892129.6896071
1709892130.4845695
1709892131.2968452
1709892132.1017797
1709892132.9011128
1709892133.7083132
1709892134.5082276
1709892135.3160822
1709892136.1246748
1709892136.9239275
1709892137.7309334
1709892138.5314434
1709892139.348877
1709892140.1560292
1709892140.9657178
1709892141.7637873
1709892142.5725634
1709892143.3621833
1709892144.170623
1709892144.9677093
1709892145.7569127
1709892146.5672135
1709892147.3924773
1709892148.2007995
1709892149.0016718
1709892149.8091352
1709892150.628813
1709892151.4366088
1709892152.2449946
1709892153.0768955
1709892153.8926919
1709892154.7077086
1709892155.5114205
1709892156.3252652
1709892157.1374488
1709892157.9426
1709892158.7548308
