1709892189.1126618
1709892189.910865
1709892190.7228491
1709892191.527016
1709892192.3278077
1709892193.124569
1709892193.922579
1709892194.713262
1709892195.5195487
1709892196.3338234
1709892197.1313467
1709892197.9289181
1709892198.7139711
1709892199.523778
1709892200.3105567
1709892201.1093218
1709892201.9091446
1709892202.7059336
1709892203.506104
1709892204.3137686
1709892205.1134143
1709892205.923151
1709892206.7405229
1709892207.54848
1709892208.398785
1709892209.2041218
1709892210.002077
1709892210.8032875
1709892211.6033773
1709892212.4091225
1709892213.2155735
1709892214.0142572
1709892214.8214393
1709892215.6132789
1709892216.4194634
1709892217.2179039
1709892218.0112717
1709892218.894005
1709892219.727853
1709892220.5209558
1709892221.3107688
1709892222.099218
1709892222.9078703
1709892223.7173958
1709892224.5253386
1709892225.3317113
1709892226.1315386
1709892226.9372926
1709892227.7396207
1709892228.5621495
1709892229.379732
1709892230.2760208
1709892231.0726035
1709892231.8707323
1709892232.6586986
1709892233.4559429
1709892234.2548606
1709892235.0639102
1709892235.8619828
1709892236.6609375
1709892237.4702368
1709892238.2864463
1709892239.0892699
1709892239.9040275
1709892240.7061462
1709892241.5018396
1709892242.3114412
1709892243.1301794
1709892243.9462311
1709892244.7541013
1709892245.563033
1709892246.363905
1709892247.1728742
1709892247.9713025
1709892248.7796326
1709892249.5759993
1709892250.3954089
1709892251.2368052
1709892252.0304065
1709892252.8324885
1709892253.6289902
1709892254.4188454
1709892255.2276347
1709892256.0227468
1709892256.8246574
1709892257.6211789
1709892258.439693
1709892259.2571204
1709892260.0558724
1709892260.8655996
1709892261.6727512
1709892262.4748764
1709892263.2805061
1709892264.0828366
1709892264.9063656
1709892265.7053645
1709892266.5091395
1709892267.316704
1709892268.1126757
1709892268.908938
1709892269.7075632
1709892270.5157878
1709892271.3292003
1709892272.1260617
1709892272.935146
1709892273.7366633
1709892274.5414653
1709892275.3384972
1709892276.1372275
1709892276.9492667
1709892277.7531602
1709892278.5636759
1709892279.353927
1709892280.162614
1709892280.9782345
1709892281.768778
1709892282.5730255
1709892283.3871145
1709892284.1821315
1709892284.994481
1709892285.798478
1709892286.6167824
1709892287.4365447
1709892288.2341564
1709892289.0513246
1709892289.859293
1709892290.6596396
1709892291.4753418
1709892292.2750382
1709892293.073712
1709892293.8803856
1709892294.692524
1709892295.5072148
1709892296.3072257
1709892297.1063824
1709892297.9151452
1709892298.7212758
1709892299.5196424
1709892300.3281333
1709892301.138515
1709892301.9517636
1709892302.7629788
1709892303.581203
1709892304.3808136
1709892305.1886456
1709892305.9980156
1709892306.8059533
1709892307.6013277
1709892308.4238372
1709892309.2142792
1709892310.0210128
1709892310.8608224
1709892311.667705
1709892312.4662514
1709892313.276091
1709892314.0711832
1709892314.8619282
1709892315.6676872
1709892316.475963
1709892317.286506
1709892318.0857625
1709892318.894861
1709892319.6992967
1709892320.5076954
1709892321.3169153
1709892322.115658
1709892322.9327564
1709892323.7372215
1709892324.5397596
1709892325.3499827
1709892326.157422
1709892326.9681306
1709892327.7954175
1709892328.621748
1709892329.4198923
1709892330.2199268
1709892331.027201
1709892331.828884
1709892332.6633823
1709892333.474558
1709892334.282654
1709892335.0926976
1709892335.8889384
1709892336.6853065
1709892337.4850512
1709892338.2918973
1709892339.0924082
1709892339.9117763
1709892340.71832
1709892341.548558
1709892342.3363965
1709892343.1548243
1709892343.9643922
1709892344.7793264
1709892345.576875
1709892346.3757474
1709892347.184224
1709892347.9727902
1709892348.7737205
1709892349.5780885
1709892350.3779407
1709892351.1773865
1709892351.9944773
1709892352.7839253
1709892353.582508
1709892354.3812008
1709892355.189431
1709892355.9978418
1709892356.7998438
1709892357.594379
1709892358.4021497
1709892359.2033021
1709892359.9993138
1709892360.8113916
1709892361.6396766
1709892362.4471993
1709892363.2527933
1709892364.0532367
1709892364.863855
1709892365.6796415
1709892366.466116
1709892367.2798212
1709892368.0771275
1709892368.8793383
1709892369.6823769
1709892370.4921367
1709892371.2959661
1709892372.095545
1709892372.8931289
1709892373.701642
1709892374.5044293
1709892375.3081136
1709892376.1115775
1709892376.9255805
1709892377.7290914
1709892378.52299
1709892379.3310585
1709892380.1284714
1709892380.9293873
1709892381.7183962
1709892382.5159993
1709892383.3228924
1709892384.1244643
1709892384.9204242
1709892385.7185512
1709892386.511707
1709892387.3175879
1709892388.1055403
1709892388.9011474
1709892389.7142968
1709892390.512587
1709892391.3079326
1709892392.119377
1709892392.9167802
1709892393.7122798
1709892394.5125968
1709892395.3189652
1709892396.1090324
1709892396.910254
