1709892412.5237627
1709892413.3279989
1709892414.1615303
1709892414.975285
1709892415.778722
1709892416.587329
1709892417.3971782
1709892418.1961122
1709892418.992463
1709892419.7996035
1709892420.6214473
1709892421.4282136
1709892422.2303512
1709892423.0338302
1709892423.831864
1709892424.6406279
1709892425.4305243
1709892426.2296476
1709892427.0287657
1709892427.843182
1709892428.6549716
1709892429.4601903
1709892430.2586193
1709892431.0765944
1709892431.875614
1709892432.6836982
1709892433.4914808
1709892434.2996721
1709892435.1008987
1709892435.9179432
1709892436.7150133
1709892437.5150166
1709892438.321817
1709892439.1506422
1709892439.9529788
1709892440.7785497
1709892441.601062
1709892442.4262419
1709892443.222046
1709892444.0420403
1709892444.8534431
1709892445.647328
1709892446.4567034
1709892447.2542186
1709892448.051915
1709892448.854718
1709892449.6584318
1709892450.4621737
1709892451.2665246
1709892452.0740843
1709892452.8739197
1709892453.674692
1709892454.4804156
1709892455.2870526
1709892456.0858734
1709892456.8949835
1709892457.6922166
1709892458.4940977
1709892459.2985277
1709892460.089901
1709892460.8879416
1709892461.695333
1709892462.4942346
1709892463.3004441
1709892464.1130192
1709892464.9286861
1709892465.7360163
1709892466.5438077
1709892467.3593504
1709892468.1804702
1709892468.971667
1709892469.7908525
1709892470.5893824
1709892471.4029868
1709892472.2031968
1709892473.0117385
1709892473.8005176
1709892474.6175845
1709892475.4268186
1709892476.2255695
1709892477.0139093
1709892477.8306425
1709892478.6383746
1709892479.4396713
1709892480.2480679
1709892481.0552542
1709892481.8742836
1709892482.6826496
1709892483.5023007
1709892484.3026977
1709892485.100722
1709892485.9180093
1709892486.7228897
1709892487.5162077
1709892488.3277555
1709892489.2225366
1709892490.03191
1709892490.8474338
1709892491.6565576
1709892492.4542649
1709892493.251898
1709892494.062784
1709892494.8610141
1709892495.6572213
1709892496.4539719
1709892497.2640405
1709892498.0716877
1709892498.8694115
1709892499.6673167
1709892500.4689732
1709892501.263594
1709892502.0830936
1709892502.8923018
1709892503.6989386
1709892504.499419
1709892505.3061292
1709892506.1066003
1709892506.9041853
1709892507.7054977
1709892508.511213
1709892509.3116314
1709892510.117103
1709892510.9361567
1709892511.7617128
1709892512.564054
1709892513.3654585
1709892514.1702309
1709892514.9770293
1709892515.785597
1709892516.584106
1709892517.3931012
1709892518.1996994
1709892519.019318
1709892519.8475106
1709892520.6552877
1709892521.4575458
1709892522.2619936
1709892523.0690598
1709892523.8686125
1709892524.6694229
1709892525.4757144
1709892526.2800267
1709892527.0768626
1709892527.8831604
1709892528.682845
1709892529.476949
1709892530.2864137
1709892531.0872912
1709892531.901832
1709892532.7103071
1709892533.5086722
1709892534.310731
1709892535.124193
1709892535.9337668
1709892536.74274
1709892537.553064
1709892538.3508778
1709892539.1499183
1709892539.9592776
1709892540.7638588
