1709892559.5564487
1709892560.353768
1709892561.1441576
1709892561.9539592
1709892562.7494185
1709892563.559257
1709892564.3545434
1709892565.163274
1709892565.9610078
1709892566.761345
1709892567.5684097
1709892568.3699431
1709892569.1678934
1709892569.9725394
1709892570.78112
1709892571.5792396
1709892572.3816125
1709892573.1854544
1709892573.9954693
1709892574.8043447
1709892575.6020653
1709892576.4308176
1709892577.2281957
1709892578.026374
1709892578.8279705
1709892579.6398082
1709892580.490661
1709892581.2827706
1709892582.07038
1709892582.8583395
1709892583.6648731
1709892584.4652762
1709892585.285135
1709892586.0888658
1709892586.8911378
1709892587.6985607
1709892588.5687962
1709892589.364859
1709892590.1742477
1709892590.9815526
1709892591.7975993
1709892592.606168
1709892593.4078796
1709892594.2050424
1709892595.0222523
1709892595.8304448
1709892596.6389477
1709892597.4359987
1709892598.2333
1709892599.0354056
1709892599.8436968
1709892600.6390877
1709892601.4411998
1709892602.2550554
1709892603.0561576
1709892603.8656652
1709892604.67562
1709892605.4847941
1709892606.2828403
1709892607.0965931
1709892607.8958387
1709892608.7036386
1709892609.5020046
1709892610.3018212
1709892611.1102338
1709892611.91104
1709892612.7162309
1709892613.5259678
1709892614.3340359
1709892615.1696908
1709892615.9725008
1709892616.7678914
1709892617.5660303
1709892618.3784013
1709892619.1831632
1709892619.9911842
1709892620.7925463
1709892621.6004949
1709892622.3961096
1709892623.2055075
1709892624.0137184
1709892624.8321245
1709892625.6422517
1709892626.4578295
1709892627.2668054
1709892628.0641603
1709892628.8713672
1709892629.684172
1709892630.4888577
1709892631.307426
1709892632.1180997
1709892632.92568
1709892633.7326212
1709892634.5481925
1709892635.3587255
1709892636.1683457
1709892636.9745805
1709892637.784189
1709892638.6022868
1709892639.4585898
1709892640.2593248
1709892641.0668976
1709892641.8862548
1709892642.6841044
1709892643.4965568
1709892644.3017633
1709892645.120099
1709892645.9160864
1709892646.735594
1709892647.5573058
1709892648.4134285
1709892649.2095246
1709892650.0074947
1709892650.8053634
1709892651.6050968
1709892652.4131122
1709892653.2162516
1709892654.0208952
1709892654.8174372
1709892655.604697
1709892656.4057288
1709892657.21163
1709892658.021727
1709892658.8277187
1709892659.6268818
1709892660.4449327
1709892661.2635608
1709892662.0825436
1709892662.883552
1709892663.6789234
1709892664.4871137
1709892665.2858958
1709892666.0837567
1709892666.8844047
1709892667.691948
1709892668.4986238
1709892669.2895331
1709892670.0971317
1709892670.9031599
1709892671.713119
1709892672.519213
1709892673.3183322
1709892674.1186957
1709892674.9249473
1709892675.7336774
1709892676.5433905
1709892677.343482
1709892678.139522
1709892678.9386816
1709892679.7577248
1709892680.5637226
1709892681.3718631
1709892682.1919575
1709892682.9876077
1709892683.7988164
1709892684.6052847
1709892685.4029474
1709892686.2052162
1709892687.153585
1709892687.9588459
1709892688.7661753
1709892689.5676937
1709892690.374334
1709892691.1808906
1709892691.9933083
1709892692.8029425
1709892693.5979884
1709892694.405994
1709892695.2121487
1709892696.020803
1709892696.8222027
1709892697.6298888
1709892698.4459758
1709892699.2481132
1709892700.0436401
1709892700.851793
1709892701.6505258
1709892702.4514375
1709892703.2758176
1709892704.0755825
1709892704.8837829
1709892705.6796281
1709892706.4825315
1709892707.2968993
1709892708.1048198
1709892708.9124224
1709892709.7220173
1709892710.5402148
1709892711.3484135
1709892712.1496592
1709892712.9452744
1709892713.746667
1709892714.5545008
1709892715.3630598
1709892716.1681411
1709892716.966155
1709892717.75731
1709892718.573966
1709892719.3716767
1709892720.1720777
1709892720.9678679
1709892721.7751076
1709892722.583602
1709892723.3931673
1709892724.1998072
1709892725.0130963
1709892725.8103676
1709892726.6154747
1709892727.4237185
1709892728.234288
1709892729.043405
1709892729.8584683
1709892730.6597703
1709892731.4570084
1709892732.2534187
1709892733.060901
1709892733.862266
1709892734.66794
1709892735.4761055
1709892736.2844243
1709892737.0825198
1709892737.8907704
1709892738.7102427
1709892739.517884
1709892740.3174183
1709892741.1174202
1709892741.9235024
1709892742.7335646
1709892743.5289295
1709892744.3305757
1709892745.1455324
1709892745.9550135
1709892746.7616963
1709892747.563202
1709892748.3681724
1709892749.180399
1709892749.9760492
1709892750.8059351
1709892751.6118052
