1.024702153692416e-08
2.6038446442372273e-09
2.666722821926643e-09
2.7316831491374586e-09
2.7966251440295677e-09
2.865968676597094e-09
2.937648147582801e-09
3.011702358147951e-09
3.08853712425068e-09
3.16533276111664e-09
3.2526065488920132e-09
3.3350998857785982e-09
3.4259526336839565e-09
3.517422230781304e-09
3.6150396679728507e-09
3.7133519284965727e-09
3.818306575861451e-09
3.921079575791982e-09
4.034064050071555e-09
4.144911906055219e-09
4.2632705838473514e-09
4.379310107160973e-09
5.487655761666894e-09
7.093946062572301e-09
7.355513755630388e-09
6.074607526578818e-09
3.811112406268568e-09
1.6200104028638227e-09
4.124354167870869e-10
2.809169408385009e-10
2.9815731955462485e-10
4.003793646450054e-10
6.305825602485756e-10
1.1284071421431095e-09
2.943012677348609e-09
5.6004062561277045e-09
8.315689947640875e-09
1.0201334992562868e-08
1.0577695278549365e-08
9.26986329521557e-09
8.295028517011826e-09
8.592305711903217e-09
8.90431592224067e-09
9.231736977879895e-09
9.575928381927265e-09
9.937486177929778e-09
1.0318333277444347e-08
1.071894044208578e-08
1.1078501793245023e-08
1.1481461323518183e-08
1.202674561068375e-08
1.273435695368183e-08
1.3523038840049692e-08
1.4283306470130488e-08
1.510114304212582e-08
1.5956888764344866e-08
1.6773426518675984e-08
1.7457839161234513e-08
1.782025213952817e-08
1.7574721659458024e-08
1.6495420326692476e-08
1.4452626069034373e-08
1.175392078051993e-08
9.034300632497898e-09
6.509088668263403e-09
4.4699781894943274e-09
3.125940354015117e-09
2.5646320023453113e-09
2.608573525901343e-09
2.8983952769081985e-09
3.2179966402069165e-09
3.502857827139524e-09
3.737002141667443e-09
3.92024138046078e-09
4.059430053582638e-09
4.171604147963049e-09
4.251466154653149e-09
4.318688166714242e-09
4.37010592054148e-09
4.400964210390758e-09
4.424484395172654e-09
4.4155247569210255e-09
4.38756948760757e-09
4.31575688742684e-09
4.197093006695248e-09
4.020204896734301e-09
3.780506439899243e-09
3.478201103735121e-09
3.132060483303175e-09
2.8112230023987206e-09
2.592023328885897e-09
3.0685559494084413e-09
5.085342519809902e-09
8.937790856172604e-09
1.4450867446818617e-08
2.0030110682595407e-08
2.060930857119725e-08
1.580158677312729e-08
1.044248239077889e-08
6.397096265492754e-09
3.942398959874881e-09
2.7415254031204883e-09
2.1872428963080763e-09
1.8193212254103656e-09
1.659818147382458e-09
1.6440155372025846e-09
1.7045299463234232e-09
1.8061197545002299e-09
1.922064858970123e-09
2.0474039375101987e-09
2.1750756686844125e-09
2.3104157378560877e-09
2.450900048182864e-09
2.5938438409645835e-09
2.750422233281369e-09
2.9146451112667043e-09
3.0893366193044505e-09
3.2753578609443294e-09
3.470524748525216e-09
3.6755615169588327e-09
3.890810471746276e-09
4.101030102946794e-09
4.309310331945812e-09
4.512551025529522e-09
4.699241988954042e-09
4.919697863510963e-09
5.284498376414843e-09
6.156206180278642e-09
8.225830442114792e-09
1.2430531362354643e-08
2.5552864889699876e-08
7.272723795250786e-08
1.8610871684116374e-07
5.376942788074183e-13
2.041550072639502e-07
2.7357746192943806e-08
3.00540291062344e-09
2.4870929750733313e-09
2.458602541489119e-09
2.4278038549535937e-09
2.396652471072839e-09
2.3712415961767537e-09
2.353617473862342e-09
2.3457337091414913e-09
2.347912439265683e-09
2.3644269289143135e-09
2.3958772336460964e-09
2.442994368357355e-09
2.5090969492533676e-09
2.5979459734225352e-09
2.7048626273171257e-09
2.8413712275081953e-09
2.9196128417898574e-09
2.931460753047489e-09
2.963824570229577e-09
3.012559805177812e-09
3.0813424799872435e-09
3.1716344611350756e-09
3.2797076206601267e-09
3.418989426303425e-09
3.58074087578533e-09
3.77060171456282e-09
3.99885044300844e-09
4.259838743439182e-09
4.565692611214083e-09
4.914587289617138e-09
4.6973159154651395e-09
7.349046597924286e-09
1.2279474889651585e-08
4.283090256728394e-08
2.198098807536732e-07
2.872212084426868e-12
1.1196620223838843e-11
2.2063819105919977e-11
2.2445020905256712e-11
1.0989993057751805e-11
2.133561447731927e-12
1.0069943161859736e-13
2.3557928023801794e-15
3.3329812359546185e-15
3.443929001810919e-15
3.5687237965754525e-15
3.5545563446312144e-15
2.775696335971696e-15
3.1170388806437315e-15
3.0059429347689146e-15
4.224777905713287e-15
5.663225774935321e-15
7.886491741961006e-15
1.0549492298985805e-14
1.2103467903451089e-14
1.0991348122569976e-14
1.7855013156263773e-14
5.859784107766472e-13
5.8768607846625606e-12
2.6425930620266816e-11
6.159612313120006e-11
7.555336917922327e-11
4.487958967247655e-11
1.0660022944181082e-11
2.358075534180704e-07
1.6967608219596485e-08
3.3071528919373244e-09
2.236786796771097e-09
2.468299602368763e-09
2.422494056486188e-09
2.3862618052947783e-09
2.3616218607610764e-09
2.348877168805526e-09
2.347215982681687e-09
2.3578299913557135e-09
2.3787251979662973e-09
2.4104156953296546e-09
2.4577376773763513e-09
2.517384123061503e-09
2.587932990875493e-09
2.675087261936012e-09
2.778146165110582e-09
2.79045368363528e-09
2.7352007844535722e-09
2.721830332049066e-09
2.7534201030185576e-09
2.8310966850098797e-09
2.9597791743116307e-09
3.131653826012223e-09
3.349823798056997e-09
3.608971293350018e-09
3.89225979193589e-09
4.170453985139381e-09
4.4107910800014075e-09
4.926260000106592e-09
6.280996682286278e-09
7.407543280296381e-09
5.4535920025399296e-08
6.050846759016563e-12
3.066844092645614e-11
4.232137302482945e-11
4.8135169059659934e-11
7.23639920361844e-11
1.244692334806704e-10
2.345313627238078e-10
4.917263983219323e-10
1.1609890150187497e-09
3.1505172725935856e-09
9.502898200137227e-09
3.1248465850779734e-08
1.2146482448434364e-07
6.078444642939516e-07
4.452795721549815e-06
1.1821944921386868e-06
0.0013137291338943728
0.005121305446640368
0.008089938267275252
0.009921430953402232
0.01037976084380091
0.009478747088644626
0.007357457711573321
0.0042017848933556595
0.00021738457495925975
3.2293910429220956e-09
5.666736317546956e-09
7.3848416099850845e-09
8.80025211153673e-09
9.883057532374931e-09
1.0697795149530053e-08
1.135312071408039e-08
1.1956161973749946e-08
1.254522384118827e-08
1.314280697285455e-08
1.3654289956945046e-08
1.392080446848596e-08
1.3680317937501212e-08
1.5545594318003464e-08
3.3101431149246445e-09
4.0345267066609255e-12
4.988634071900036e-11
5.311117509485128e-11
9.783578452024954e-11
1.7864624950951063e-10
3.2935726678149067e-10
6.271022185785239e-10
1.243238216029799e-09
2.617356627001188e-09
5.938680181922792e-09
1.4816798398459163e-08
4.172827320867761e-08
1.3854583717633232e-07
5.840942967936695e-07
3.5896583875068468e-06
5.917490833920908e-07
0.0008500261177565415
0.004196107036843339
0.007093049843152563
0.009456689638971753
0.011219304736169368
0.012449373091607072
0.013267746182364515
0.013767038317823816
0.014027172865462135
0.014117370492746459
0.014105916580324286
0.014055404996505805
0.014017658723817612
