3.447998677401082e-10
2.848160270377887e-15
2.788986529080262e-15
3.1088722767127156e-15
3.552930512617957e-15
3.886276189861537e-15
4.4417593755518594e-15
4.440978833827409e-15
4.7741203727866254e-15
3.9984409029454624e-15
3.774962363323644e-15
3.1087483753007656e-15
1.8973529592694716e-15
1.3189010295585304e-15
3.509297767892031e-08
5.2422006879722715e-08
7.682929983145209e-08
1.0414721451269232e-07
4.579737262328397e-14
5.889901220121737e-14
6.023139613669744e-14
4.9075005207914087e-14
1.0308684137564659e-07
7.477468782788089e-08
4.938593642747909e-08
3.1342066102031324e-08
9.43689570931383e-16
1.0007415106216803e-15
1.4528658640935888e-15
2.2218333946210646e-15
2.776112617575152e-15
2.7773610880221818e-15
3.331247264848296e-15
3.665838073340989e-15
3.886177074183181e-15
3.997284727238512e-15
4.219212682712273e-15
4.330314574084876e-15
4.998855453244823e-15
