7.044252325463138e-09
8.735452936799968e-10
8.975051995292995e-10
9.17382117426687e-10
9.371110941395091e-10
9.556436863609278e-10
9.723924818916984e-10
9.925473247590897e-10
1.0175719332860705e-09
1.0484537861245672e-09
1.0881648379791115e-09
1.142978235722271e-09
1.211521356543834e-09
1.2991854468868772e-09
1.4051543200529622e-09
1.5327902253531905e-09
1.678698349491137e-09
1.8446764131907398e-09
2.027818885473987e-09
2.2239281116162007e-09
2.4478688124158765e-09
2.672584486097522e-09
2.8725101606033637e-09
3.046141997378886e-09
3.1958083761562197e-09
3.306473024965087e-09
3.3821253502485537e-09
3.4026047967681943e-09
3.3573471578706464e-09
3.2227700089705488e-09
3.000454786100697e-09
2.699767075153545e-09
2.413333044542543e-09
2.3674252270845763e-09
2.909640421470853e-09
4.124167303540698e-09
5.8589876882005175e-09
7.869613954546763e-09
9.785554319347011e-09
1.1155622491263599e-08
1.1642829112498643e-08
1.1115828423847314e-08
9.707577540904415e-09
7.813629884069738e-09
5.864692963170046e-09
4.164378721801874e-09
2.884619305585338e-09
2.135002537640786e-09
1.889458853946142e-09
1.964575465598639e-09
2.145276561958324e-09
2.3314538943886928e-09
2.482322448660877e-09
2.5968909420535348e-09
2.6726443489743144e-09
2.718761561144515e-09
2.7259783547806114e-09
2.7023446571909956e-09
2.6411242843248647e-09
2.5398454584169237e-09
2.4234543699248107e-09
2.325278951401655e-09
2.234488320214163e-09
2.1620908926568503e-09
2.1177067576139592e-09
2.1059951161248145e-09
2.135385263538624e-09
2.202157180859037e-09
2.308506552431137e-09
2.4416313849508107e-09
2.60311252986958e-09
2.7766342001539274e-09
2.9555703083855518e-09
3.139242164935913e-09
3.3218534850178338e-09
3.487453756398479e-09
3.6386612352082913e-09
3.780058010057424e-09
3.888564340386713e-09
3.984330312578847e-09
