4.724011656754572e-09
6.243289949039106e-12
8.864710767428936e-12
1.2813900291851428e-11
1.8785308865119846e-11
2.782399721099707e-11
4.1334892706073035e-11
6.120536501164014e-11
8.934085480706637e-11
1.2694344462145157e-10
1.7234056864303034e-10
2.1851747284553014e-10
2.5139330603251464e-10
2.504245234547575e-10
2.018404127571552e-10
1.196057211353457e-10
4.374751953791411e-11
7.184219212438026e-12
2.3911691932454997e-13
4.10866902397151e-15
4.774765785845243e-15
4.552760528895978e-15
3.4419152043469587e-15
1.8890111172146845e-15
1.1604353567155542e-15
2.808001369593022e-08
3.7152620138297504e-08
5.111381634270218e-08
6.708624074301454e-08
8.367383790624442e-08
9.99540705025498e-08
3.5472331464029526e-14
4.6020920570662447e-14
5.795462555169986e-14
7.100101929263356e-14
8.60448808586056e-14
1.0286725587162207e-13
1.2379325263285175e-13
1.4927448395481494e-13
