1.1893574625662652e-08
1.399722848011677e-08
2.334275261973268e-15
8.327135264766511e-15
2.153855916518656e-14
4.463125902477853e-14
8.16022419660036e-14
1.3589272963689938e-13
2.0794624141870695e-13
3.0253916597361035e-13
4.2177768050744356e-13
5.625552062733217e-13
7.270930439677611e-13
9.186047301881114e-13
1.1289957683998925e-12
1.3610318689350826e-12
1.615608815767043e-12
1.8814008676422613e-12
2.155291424595026e-12
2.448618132673891e-12
7.0334320734494066e-12
2.8441920210641815e-11
7.416491548410555e-11
1.5123699145036201e-10
2.627365521975496e-10
4.062729592312315e-10
5.758610061797121e-10
7.631613380994003e-10
9.532046088828672e-10
1.1334417027952514e-09
1.289696197186966e-09
1.4060922534445758e-09
1.4745157013075391e-09
1.4882476866128422e-09
1.4419570982822306e-09
1.3401404848638503e-09
1.1908272692786294e-09
1.0066802283018363e-09
8.027632690031556e-10
5.988267302523882e-10
5.319235146387309e-10
5.857437620763444e-10
6.337811005358296e-10
6.716612935084885e-10
7.003169475316436e-10
7.176017612583042e-10
7.226382523438115e-10
7.140450500293692e-10
6.921002870828543e-10
6.564783426674173e-10
6.078664300799942e-10
5.48421247373305e-10
4.809010264075331e-10
4.079391069222568e-10
3.3441595097625497e-10
2.6724398164857065e-10
2.2065835514017227e-10
2.0434811466674126e-10
2.0377534768640753e-10
1.916243405678332e-10
1.8250881901564012e-10
1.6915964333548814e-10
1.346552151746688e-10
9.432861913431276e-11
5.909806456621886e-11
3.284570481192405e-11
1.7518545121320394e-11
1.0603080123506586e-11
8.353777534076946e-12
7.449824531409127e-12
6.839801675943565e-12
6.407592235995508e-12
6.101607672323592e-12
5.885746629615651e-12
5.720761424979062e-12
5.590483753287232e-12
5.38636599549563e-12
5.146654749664449e-12
4.75335869904473e-12
4.469405720526746e-12
4.467480616636687e-12
5.1460011685694995e-12
6.285178464526351e-12
7.421959113004646e-12
8.467480217061531e-12
9.318826788285767e-12
9.995019750878117e-12
1.0543593550538616e-11
1.09804708418916e-11
1.1400515074448813e-11
1.1778227186762048e-11
1.207935061377032e-11
1.2579562463124364e-11
1.3004115028793824e-11
1.3696727387947556e-11
1.4470713765818989e-11
1.5516842054936038e-11
1.6926431276226414e-11
1.871159987277384e-11
2.1154735691775953e-11
2.3440410732309862e-11
2.5261685130293524e-11
2.7374548060078047e-11
2.991301102985756e-11
3.2640596732248045e-11
3.6009808560821953e-11
3.9772654431731866e-11
4.410627309151578e-11
4.9255410875245835e-11
5.500074204970909e-11
6.181437413110063e-11
6.947985907255858e-11
7.869387723271938e-11
8.90766891900982e-11
1.0107464422008735e-10
1.1518349650374286e-10
1.3143954811247804e-10
1.5018968213136829e-10
1.7218471327622608e-10
1.97568533666001e-10
2.2912865209251629e-10
2.668141802819055e-10
3.1062105212120416e-10
3.5875781826701114e-10
4.122642176315754e-10
4.705507241599682e-10
5.346821891845299e-10
6.003392518202512e-10
6.672421745127732e-10
7.303374223400555e-10
7.839431062806036e-10
8.184694990317575e-10
8.262010769289955e-10
7.928815341228204e-10
7.155466436105379e-10
5.954868542840792e-10
4.620827278783338e-10
3.9895136265988783e-10
4.939158666968763e-10
6.916895878507995e-10
1.2520776991355762e-09
2.4044220127079527e-09
3.6194329846673234e-09
1.56979674381571e-08
7.352583231190563e-08
2.1148368248519712e-07
1.507652412900314e-12
4.281501191955112e-12
8.821131493914475e-12
1.4404892200031044e-11
1.9849485025024422e-11
2.3971815029257436e-11
2.5650991495714387e-11
2.3959841209416908e-11
1.882550883277095e-11
1.167365855979157e-11
5.214452787236687e-12
3.10976631821789e-07
1.1083471370214568e-07
1.9542370085391634e-08
3.985773484673502e-09
2.987151277307745e-09
2.2658116581629712e-09
1.73412088554205e-09
1.318092752241012e-09
1.0019994559887364e-09
7.450851257246994e-10
5.478045574601542e-10
4.044256963367946e-10
2.9145599472266685e-10
2.1372285621749844e-10
1.5770494669757202e-10
1.1282716922052302e-10
8.245439305384189e-11
5.6157047552038044e-11
3.5970458827384596e-11
1.8945748658035326e-11
6.784007204373347e-12
1.1086394180031372e-12
7.59732446114757e-13
7.244247198584957e-13
4.5251035231038564e-13
2.7129252179293826e-13
1.6732202153101706e-13
1.3725932231308902e-13
1.5657623796007337e-13
1.993087145958622e-13
2.558789180466445e-13
3.3396759080711495e-13
4.3635297380983543e-13
5.838312942807545e-13
7.831440526175853e-13
1.0551814808368164e-12
1.4288390000810793e-12
1.93016971364978e-12
2.56984436182761e-12
3.4107254999083855e-12
4.585507921231447e-12
6.214888183118531e-12
8.692930871051081e-12
4.827523126899257e-11
3.226958108118705e-10
1.0767683709228781e-09
2.5382214179422646e-09
4.835225795087857e-09
7.912419686606147e-09
1.1508935244722453e-08
1.523549713220954e-08
1.8510888546196084e-08
2.078418261299389e-08
2.1491954908517137e-08
2.030023964323646e-08
1.7311772925647544e-08
1.3052085634210919e-08
8.562979693675791e-09
4.809062552784475e-09
2.362933123301803e-09
1.1316050176523977e-09
5.520014565941762e-10
2.1494513702662425e-10
1.0769741013546957e-10
1.0078499222870383e-10
9.18800948359265e-11
8.249295884368698e-11
7.280555595907325e-11
6.320029978156289e-11
5.4252373669156894e-11
4.6118609777408454e-11
3.8683332066411126e-11
3.214324832762141e-11
2.6519338374466313e-11
2.164197159593283e-11
1.7509791490386835e-11
1.407340240550763e-11
1.1159929600995494e-11
8.780933044293334e-12
6.8279248028088685e-12
5.261942577359063e-12
3.994058559943541e-12
2.999069107081484e-12
2.5537555386511354e-12
2.5104540188494085e-12
2.387995657102393e-12
2.241778455808498e-12
2.079911147140655e-12
1.869406453219925e-12
1.6450287548418102e-12
1.4225398047188374e-12
1.1840661105048606e-12
9.605738742793615e-13
7.492933629983334e-13
5.64107698115631e-13
3.9834975112043373e-13
2.6656688332358605e-13
1.630939563913213e-13
8.970681475214369e-14
4.2189534016795294e-14
1.5543617972128946e-14
4.109418952159178e-15
