9.271332943909178e-09
1.0747796481807023e-10
1.279342682786092e-10
1.5165229057946704e-10
1.7910753294979255e-10
2.1073197221910772e-10
2.47209959496108e-10
2.8966341600323554e-10
3.3964149214785893e-10
3.979054116023715e-10
4.650513674494661e-10
5.448495190108196e-10
6.378334599539593e-10
7.439065121766404e-10
8.671463469802313e-10
1.0087103439856174e-09
1.1650995387220745e-09
1.3403174889802056e-09
1.5305829931325884e-09
1.7296383973434627e-09
2.192111778867301e-09
3.010953798510699e-09
3.906065584301197e-09
4.7955448935560604e-09
5.556686736926857e-09
6.0437678480462075e-09
6.142831139380668e-09
5.7609036285062165e-09
4.9480568887969626e-09
3.8323435626455e-09
2.654925396402359e-09
1.7551289916399199e-09
1.4595522947256624e-09
1.6162653684348393e-09
1.7996108871662442e-09
1.8286995098097609e-09
1.6837286228002496e-09
1.399523238742862e-09
1.0714072153315253e-09
1.100275102247748e-09
2.01397535666186e-09
3.643250941295809e-09
5.602048350065958e-09
7.700593043536337e-09
9.772455437408321e-09
1.1757821470759727e-08
1.3585669650349674e-08
1.530484054820793e-08
1.693369213251616e-08
1.855328456431956e-08
2.0226636890524598e-08
2.197781412661625e-08
2.3911510308337885e-08
2.6208322239873248e-08
2.8853797522637797e-08
3.2051799430429156e-08
3.5977799352211214e-08
4.0688723349382505e-08
4.6694754655307255e-08
5.399038431060198e-08
5.8485676229586203e-08
5.928636849632524e-08
6.041752078733491e-08
6.237214758668039e-08
6.480165431530918e-08
6.798354434073374e-08
7.194590031618015e-08
7.649069599496369e-08
8.196538632217714e-08
8.801847862849309e-08
9.42972504558239e-08
1.0062060353311469e-07
1.0642196433144194e-07
1.1061801929723643e-07
1.1211069522917267e-07
1.0902176785613291e-07
1.0026406658065369e-07
8.47283851118629e-08
6.33892084050111e-08
3.9080496336712454e-08
1.9000226424496108e-08
5.841015237410114e-09
2.086974416306781e-09
2.569239239042145e-09
2.926029613332531e-09
3.020219595765821e-09
2.81709606161093e-09
2.3911393678582676e-09
1.947890755812797e-09
1.8588445395008328e-09
2.3151717546257682e-09
3.041738481234861e-09
3.737713653220309e-09
4.236984497588484e-09
4.438132383204822e-09
4.343120205925328e-09
3.983935089450887e-09
3.441509363300445e-09
2.8052910151244957e-09
2.152387910800922e-09
1.783880587772853e-09
1.6550805658481343e-09
1.5177664987071634e-09
1.3798616795122836e-09
1.2476470271646057e-09
1.1187352797225955e-09
9.995243125480152e-10
8.91167628271425e-10
7.904025033399733e-10
6.99408232378267e-10
6.193798062131252e-10
5.46378567385652e-10
4.808721237890745e-10
4.229679410465239e-10
3.7123848835792607e-10
3.2443443218443637e-10
2.8237637729542175e-10
2.445869206340548e-10
2.108347521454056e-10
1.7995703627719152e-10
