8.598618191868739e-09
3.949056555809987e-10
4.0261619151352663e-10
4.105475652341066e-10
4.192982214868835e-10
4.2692144405022624e-10
4.361203233710806e-10
4.4416345569134523e-10
4.538205040200893e-10
4.622818720845346e-10
4.724350014837488e-10
4.813587609857355e-10
4.912559405971838e-10
5.014534113926556e-10
5.119031602046357e-10
5.226261921855037e-10
5.32714793046121e-10
5.449208100243889e-10
5.547653002117699e-10
5.67523594290048e-10
6.241036160705783e-10
7.274559024100626e-10
8.253830881616981e-10
9.120505442104041e-10
9.870245368643048e-10
1.0428417347534e-09
1.0774600154565852e-09
1.0904222227676403e-09
1.077512642468854e-09
1.0403256209852656e-09
9.817895129785253e-10
9.015586325512371e-10
8.074412512928516e-10
7.000802832450982e-10
5.883261599162478e-10
4.769685658923032e-10
3.7013497645913127e-10
2.7440391028322323e-10
1.9104294626206783e-10
1.2414185124326173e-10
8.183342437844222e-11
5.824887080633319e-11
4.212156236977424e-11
3.0987428103001786e-11
2.3329317411824058e-11
1.805262384314834e-11
1.4522270998477144e-11
1.2193139158602951e-11
1.0805813440768257e-11
1.0063967810047096e-11
9.93474035000516e-12
1.0415390820625083e-11
1.144724124094902e-11
1.3338018347729826e-11
1.610662906468686e-11
2.0221316628812778e-11
2.601280515206458e-11
3.439036102779469e-11
4.5660938375896473e-11
6.136174831880374e-11
8.469506671613991e-11
1.1442994477744839e-10
1.4682702351969108e-10
1.7984420565681815e-10
2.1110643780011504e-10
2.390461080528321e-10
2.6084846110465245e-10
2.7638895008519416e-10
2.8377137601996174e-10
2.845638998187842e-10
2.7855698105322473e-10
2.711837606540448e-10
2.639367444556804e-10
2.631165036499798e-10
2.6997721056884855e-10
2.863153259524285e-10
3.084857406968673e-10
3.3454934883216687e-10
3.601600295589411e-10
3.820466462572313e-10
5.013177029280499e-10
7.670541822214169e-10
1.0790723747314602e-09
1.4157992266267334e-09
1.7467490787117829e-09
2.0401875920277046e-09
2.2712510334070132e-09
2.416471520190752e-09
2.466282958357317e-09
2.418312234684382e-09
2.2765875706887817e-09
2.0537113856109413e-09
1.7675417046492753e-09
1.443637668187435e-09
1.1050101357291098e-09
7.845219149326757e-10
5.033434726158215e-10
2.8192477942136037e-10
1.30304650990766e-10
4.4031892268527076e-11
2.0514857136065596e-11
1.9037250277364166e-11
1.726820710980949e-11
1.5454981302414817e-11
1.3580795148334776e-11
1.1697953426967953e-11
9.851087936485617e-12
8.08859148458392e-12
6.452665600647809e-12
4.976618052831354e-12
3.711501870944273e-12
2.610045097878661e-12
1.7512792641588388e-12
1.0833645292724803e-12
6.068532173117862e-13
2.988751016886536e-13
1.2034961292875892e-13
3.397413974325672e-14
4.553352724895961e-15
5.335068949013858e-09
