1.1363813806788988e-08
4.139252137174889e-09
3.991505957295638e-09
3.800444256651865e-09
3.6237277802559296e-09
3.493176139195189e-09
3.423841077579523e-09
3.3958496010751932e-09
3.3858620801322714e-09
3.377883383305626e-09
3.365943831668697e-09
3.3450593882403056e-09
3.31079757175987e-09
3.267345425987787e-09
3.207490450531091e-09
3.1339072079701664e-09
3.041807812023341e-09
2.9320316934827713e-09
2.8081460674685317e-09
2.664219998167015e-09
2.4034641302628365e-09
2.066858508308399e-09
1.7817903197261262e-09
1.5306733532111148e-09
1.3177607674193455e-09
1.136154765496372e-09
9.868962198921436e-10
8.796184598427811e-10
8.26810497480879e-10
8.548731753930829e-10
9.842395254199873e-10
1.225655916679547e-09
1.5904840051747107e-09
2.0900155748251725e-09
2.744824470797424e-09
3.582760979778108e-09
4.619872841744941e-09
5.842148099255188e-09
7.202061583433963e-09
8.569878505407631e-09
1.09936995467265e-08
1.4126648736576539e-08
1.566356212323219e-08
1.4982117733656643e-08
1.2427511617200055e-08
9.306192232773309e-09
7.717459082463888e-09
8.67988138782956e-09
1.0650858681323688e-08
1.2264828698861261e-08
1.2990518216496846e-08
1.2774349547440841e-08
1.173966611167736e-08
1.0118037248361542e-08
8.196283776075105e-09
6.207116885970818e-09
4.350669406546216e-09
2.7817622041329513e-09
1.5661497856663908e-09
7.390078629437563e-10
4.3509236184195055e-10
3.835472038588509e-10
3.337145857821679e-10
2.936686422364357e-10
2.703731350690168e-10
2.784014057488784e-10
3.249305012746691e-10
4.0361023904968957e-10
4.981754690447283e-10
5.978370976650477e-10
6.823782297838717e-10
7.413062972238992e-10
7.646516841208152e-10
7.435795989157672e-10
6.890426100709862e-10
5.994682639775818e-10
4.910241536098599e-10
3.793153367842429e-10
2.7050877028037047e-10
1.7775485859506146e-10
1.1662061091627221e-10
8.070302245547058e-11
5.534294044449596e-11
3.7946505192214273e-11
2.657467424982692e-11
1.888396691496889e-11
1.4119227295734445e-11
1.1164730247861032e-11
9.361933860827843e-12
8.487160681698728e-12
8.562324616523427e-12
9.415119329566144e-12
1.110941641271084e-11
1.4368588457955606e-11
1.9352199457695844e-11
2.7337258946175306e-11
4.000904198130851e-11
5.922792574675386e-11
8.764558454356673e-11
1.2789210652673483e-10
1.8236548300390747e-10
2.4775081003078615e-10
3.1313217027806517e-10
3.736062958947424e-10
4.161452652569288e-10
4.307497743351977e-10
4.1271441897190276e-10
3.6269553489055874e-10
2.8796565416835517e-10
2.0607495416216387e-10
1.2895315890830126e-10
7.884689378962363e-11
6.592206478847072e-11
7.916258192582226e-11
9.975291680903233e-11
1.2257164159248637e-10
1.4833773386842627e-10
1.7674123719721437e-10
2.0930767259074786e-10
2.476261464189702e-10
4.128941683445544e-10
8.427632942378144e-10
1.5025724450952769e-09
2.4220489452121454e-09
3.62541236696817e-09
5.102305620409631e-09
6.817413512952872e-09
8.705407684644524e-09
1.0625356100973722e-08
1.2376807580425026e-08
1.3715718568033402e-08
1.4358656315268988e-08
1.4153028613293468e-08
1.3470324310910367e-08
1.425364638748363e-08
1.9708949146816676e-08
3.0681555729357515e-08
4.553911244760094e-08
6.138791753066541e-08
7.383694079298722e-08
8.571751910141625e-08
9.618486055293887e-08
9.607333109347748e-08
8.515193425546959e-08
6.640774417315154e-08
4.520244291205058e-08
2.844432334598932e-08
9.698578168158083e-16
1.5553031891404223e-15
2.554719435777531e-15
3.886177074183181e-15
5.333694441429199e-15
6.329062468274527e-15
7.441238246763004e-15
8.329077820550348e-15
8.911052798579048e-15
9.976884408559336e-15
1.2564327063778612e-14
1.844451455681201e-14
2.7036965354859336e-14
