1.1900148773189007e-08
1.3997229370145917e-08
2.554870205610692e-15
8.326718943852869e-15
2.1871745810396348e-14
4.5186597090072746e-14
8.182472676693933e-14
1.3600371678479984e-13
2.0827988852858812e-13
3.0253880948376517e-13
4.222221441566075e-13
5.622216594410578e-13
7.263138169737455e-13
9.200495594301426e-13
1.129772811623014e-12
1.3613682759054915e-12
1.617607081563377e-12
1.880510002264513e-12
2.1562943746330315e-12
2.4495063033877748e-12
7.420237783307773e-12
3.1671017422845505e-11
8.446861644343899e-11
1.7377892001417725e-10
3.023739391872704e-10
4.661366691637828e-10
6.562788492051132e-10
8.62190151797518e-10
1.0633122140521904e-09
1.2460859500537185e-09
1.3901610847480253e-09
1.4851876513853844e-09
1.518469702758364e-09
1.4854045835725244e-09
1.3879088405038148e-09
1.2357819092621428e-09
1.0418623052296948e-09
8.249091128650268e-10
6.067126643894067e-10
4.059071855302372e-10
3.2182788945544144e-10
3.246303692490282e-10
3.2450931945414907e-10
3.2095403136312466e-10
3.1499200194230557e-10
3.057003680732575e-10
2.9329892761574587e-10
2.784602900952207e-10
2.6147549137019054e-10
2.418503111282139e-10
2.2053994421292602e-10
1.9830611585989814e-10
1.75077678991779e-10
1.5139544620921536e-10
1.284840929550676e-10
1.0632422345103631e-10
8.592337644010547e-11
6.745549798486845e-11
5.173418738578656e-11
3.896220857015248e-11
2.849976944473379e-11
2.0257998422301753e-11
1.3988347007908847e-11
9.572535734411457e-12
6.600968611197233e-12
4.745326884088505e-12
3.622482099946088e-12
3.0072190996485667e-12
2.7472974702690507e-12
2.742697733595888e-12
2.9777734727535004e-12
3.5261964929628874e-12
4.446925176500963e-12
5.953612987657806e-12
8.298317835322014e-12
1.1852938794112333e-11
1.7102076170874994e-11
2.448421343627384e-11
3.398169573680096e-11
4.461002619047523e-11
8.541973882237932e-11
1.7511617136073717e-10
4.066693891004902e-10
1.212172776028149e-09
2.7661600699165453e-09
4.6618506025224825e-09
5.944447764177982e-09
5.951502368135368e-09
4.893754336847689e-09
3.621412583278608e-09
2.970222977243324e-09
3.0787418450323373e-09
3.3820403833734126e-09
3.489179728911778e-09
3.41640131959675e-09
3.7157033484717744e-09
5.2290490361569504e-09
7.829266264154521e-09
1.027884415734097e-08
1.0841257032293055e-08
1.1323658974563915e-08
1.1715510598883164e-08
9.730914097137256e-09
7.088972276848381e-09
5.530046830964836e-09
5.5291358594692515e-09
6.024829072134641e-09
6.173194961937019e-09
5.876606411395259e-09
5.8062575890464e-09
7.243008233509844e-09
1.0261227744449098e-08
1.3243775653951142e-08
1.4101775498442036e-08
1.1787150193221696e-08
7.412185420652428e-09
3.3987411333758284e-09
1.0914815041041357e-09
2.4580905253661807e-10
5.0664758390282854e-11
2.131165657845141e-11
1.6068697893804838e-11
1.1695682475447983e-11
8.259577556267023e-12
5.784090246292663e-12
4.0857696909668974e-12
2.9562164668970014e-12
2.221905933107381e-12
1.7795868905860381e-12
1.5145741404818151e-12
1.4034333604474536e-12
1.4072161069843004e-12
1.5289320578758766e-12
1.8083583550064501e-12
2.288855266604717e-12
3.0538995294238704e-12
4.289330658616824e-12
6.217876667261274e-12
9.258748511803992e-12
1.4028815844280311e-11
2.088071008789994e-11
2.9351024006052704e-11
3.959614824082096e-11
5.170901760695412e-11
6.54156294320753e-11
8.084113315998682e-11
9.750171106772771e-11
1.1550802360762993e-10
1.3417428474998156e-10
1.5307975819788622e-10
1.7237594036169608e-10
1.9142796194625937e-10
2.095420312261636e-10
2.2693212679031308e-10
2.432603337483929e-10
2.5790009147462583e-10
2.703905081515603e-10
2.813326372221668e-10
2.896474915977077e-10
2.955294789042107e-10
3.839042751364407e-10
5.925816327952718e-10
8.346047601607301e-10
1.0948709845123364e-09
1.3517283385890033e-09
1.5829401737434766e-09
1.7686172781700611e-09
1.8889051231389283e-09
1.9309085577938073e-09
1.8885828815658464e-09
1.7680495890176473e-09
1.5736534981053524e-09
1.3289164649803537e-09
1.0513124039243354e-09
7.740623211019617e-10
5.189903367359901e-10
3.071603170350351e-10
1.5313380858016232e-10
5.861565654014966e-11
1.394962242138424e-11
4.656616772565177e-12
4.136056876070108e-12
3.64178483458113e-12
3.1576080677348404e-12
2.6805417843286716e-12
2.2443363248216598e-12
1.840542533807409e-12
1.4650617824503978e-12
1.141426675368165e-12
8.60872673478323e-13
6.216193169897267e-13
4.346557428092836e-13
2.828870597477016e-13
1.7008879434867378e-13
9.448084369570606e-14
4.574156755743541e-14
1.7543280383126508e-14
5.108307939278087e-15
1.796196638095007e-08
