1.8213035551430492e-09
4.583449201691047e-10
6.257992765297865e-10
8.386412087766546e-10
1.1133212432048122e-09
1.4599704773437123e-09
1.9059359884052246e-09
2.4829573087669174e-09
3.234788368872627e-09
4.221619326237131e-09
5.526478789105216e-09
7.2530423286998154e-09
9.552951745984337e-09
1.26196245163415e-08
1.6691626535670807e-08
2.2101814846518076e-08
2.923119976152338e-08
3.8548052820480984e-08
5.057119691314534e-08
6.58850260752684e-08
9.4170364736969e-08
1.4478281427058448e-07
2.1536744398777405e-07
7.347577118279731e-13
1.4969377316885402e-12
2.86743882986473e-12
5.177140294203938e-12
8.75329851815103e-12
1.3784153591563855e-11
2.0078727147751866e-11
2.6874398610896072e-11
3.246541128106066e-11
3.490492652484542e-11
3.244944308197244e-11
2.5369309648848887e-11
1.5779839101543997e-11
7.366092461976048e-12
3.6184802574522606e-07
1.484602117272935e-07
3.93435508333602e-08
1.5019798729894226e-08
7.781467564125337e-16
9.995861419348e-16
1.3334236103572998e-15
1.1102230246251565e-15
1.1105699151271772e-15
1.114724181185034e-15
1.893820791307378e-08
1.8599572237850697e-08
2.1849745075168637e-08
2.778825661783687e-08
3.451563768508256e-08
4.054453552203129e-08
4.488889077709822e-08
4.6918197419587674e-08
4.6509991751813035e-08
4.371956161349673e-08
3.902081621211657e-08
3.298927976399296e-08
2.62840792228694e-08
2.2593387310727846e-08
2.1779693596176836e-08
2.06999254894559e-08
1.922925241176722e-08
1.728360757441425e-08
1.487146850421625e-08
1.2061525173351794e-08
9.105414575429193e-09
6.271426069866439e-09
3.867084439250088e-09
2.1292731019218712e-09
1.2652385233266848e-09
1.1696167967840797e-09
1.2619459798917595e-09
1.275284197823318e-09
1.1772956659418724e-09
9.856850735258843e-10
7.941361531275087e-10
1.1015143557425792e-09
2.289794918205616e-09
4.197576929310539e-09
6.544353410718949e-09
8.823467998163031e-09
1.0669523012701654e-08
1.1881155010506296e-08
1.2431840127286584e-08
1.2409597130245216e-08
1.1902119881413814e-08
1.1102889251985105e-08
1.0104384427178451e-08
9.041471677129837e-09
7.964166863006403e-09
6.950860442544058e-09
5.984796831337207e-09
5.122564770662052e-09
4.341233971325361e-09
3.6322689208143284e-09
3.009024873902351e-09
2.455369437480471e-09
1.969889473629956e-09
