1.1900148773189007e-08
1.3997229370145917e-08
2.554870205610692e-15
8.32727403377908e-15
2.1649704817979223e-14
4.463158697908948e-14
8.160219004283185e-14
1.3589297907140558e-13
2.0805733699116844e-13
3.0231619757873713e-13
4.21222375770035e-13
5.626664623582257e-13
7.268689732523408e-13
9.186053042320246e-13
1.1289959826582492e-12
1.3612563236973102e-12
1.6157221017768511e-12
1.881290113327273e-12
2.1565148418752754e-12
2.4473951627702553e-12
7.031431674261209e-12
2.844170200766803e-11
7.416493202973179e-11
1.5123733299586908e-10
2.6273658360055025e-10
4.062579480726102e-10
5.758646551622892e-10
7.631613319101931e-10
9.532323063265794e-10
1.1334420673131866e-09
1.288422421834375e-09
1.4074804762471319e-09
1.474515616616521e-09
1.4882198978878163e-09
1.4419846394682924e-09
1.3401070911454205e-09
1.1908274242626577e-09
1.0066802278219632e-09
8.027430578726361e-10
5.988055071671533e-10
5.319229492802743e-10
5.857572300135146e-10
6.337772957197406e-10
6.716758466494257e-10
7.003323065111564e-10
7.175644123608488e-10
7.226347382808892e-10
7.140773540033166e-10
6.920821850521377e-10
6.556380879400899e-10
6.086942006576216e-10
5.48421404137952e-10
4.808716805443996e-10
4.079381520866849e-10
3.344548109123008e-10
2.6739994334363306e-10
2.206542507669929e-10
2.0655432944508685e-10
2.053239586322032e-10
1.9330291344674897e-10
1.8421668000505354e-10
1.7079682400026467e-10
1.360507364417789e-10
9.539687395729588e-11
5.985753746043571e-11
3.329092411372738e-11
1.773724446914283e-11
1.0599891880240014e-11
8.358754490426707e-12
7.481032656308526e-12
6.871000755996618e-12
6.407370330946507e-12
6.130692242943784e-12
5.911630530532757e-12
5.7240890248258195e-12
5.576835139584309e-12
5.412590805008655e-12
5.12869464786208e-12
4.740555311751518e-12
4.436721208763221e-12
4.4739570919969355e-12
5.1551165352256325e-12
6.312903039484679e-12
7.454197638145908e-12
8.464489899662269e-12
9.317232291219626e-12
9.954104261029921e-12
1.0542175928721563e-11
1.0940306460365036e-11
1.1352263417359249e-11
1.1732461710880057e-11
1.2036243541334245e-11
1.253188094440754e-11
1.3002716713207013e-11
1.3589105302859209e-11
1.4471547388189657e-11
1.55157066861353e-11
1.699398113872707e-11
1.8783283766575077e-11
2.1304876199114478e-11
2.367909539385997e-11
2.5693568413489832e-11
2.7916736690841752e-11
3.049540637412643e-11
3.3475512456083244e-11
3.691493586099699e-11
4.074856898478639e-11
4.5172737427496926e-11
5.0268319243185585e-11
5.610708216698842e-11
6.269216465971001e-11
7.02316380037735e-11
7.912198813494524e-11
8.892837294844131e-11
1.0041729441934599e-10
1.1360951254785694e-10
1.28510200052626e-10
1.4562786252509403e-10
1.6526006411831355e-10
1.878549139764834e-10
2.1254423767971363e-10
2.3934408855537625e-10
2.6993991730728454e-10
3.049194953461942e-10
3.4423996175770655e-10
3.8836243775904013e-10
4.3724216742828377e-10
4.903051694649658e-10
5.460445871870793e-10
6.012046601036446e-10
6.558779877816735e-10
7.003213208552913e-10
7.301958670228013e-10
7.367658990227907e-10
7.117209897136225e-10
6.496556798928788e-10
5.549478269765501e-10
4.648098677540024e-10
4.637559284334774e-10
6.121693640646379e-10
9.281142235527651e-10
1.3909763702507741e-09
1.874312167958727e-09
2.2719936418459385e-09
2.8081660895246888e-09
7.999632015085788e-09
2.6234594207341452e-08
6.689273849207957e-08
1.409409631581621e-07
2.57942800587174e-07
1.4873865461712726e-12
3.5899668737855277e-12
7.699660723626207e-12
1.5119657015985192e-11
2.7977924607591063e-11
5.0271196859221444e-11
8.993960249039668e-11
1.6473483461233368e-10
3.1626870953923437e-10
6.539935590072541e-10
