1.0202738074496034e-08
1.3688201352128889e-08
2.2213132416478543e-15
7.994376728335114e-15
1.9984785416592478e-14
4.2411264284534826e-14
7.649521738836186e-14
1.2712113324485973e-13
1.9506775131189331e-13
2.8155521310462554e-13
3.93800525048236e-13
5.255834677637604e-13
6.794642519296671e-13
8.588765134245427e-13
1.056276901329609e-12
1.2723289341361118e-12
1.5116904588034503e-12
1.757054409646664e-12
2.012294703414305e-12
2.286965235829616e-12
6.930066333858836e-12
2.9421667554377596e-11
7.853736306779261e-11
1.6136148700144106e-10
2.804303087531725e-10
4.3235188700702485e-10
6.086967412429765e-10
7.986631953168435e-10
9.8581509959932e-10
1.1561146651800392e-09
1.2919466605750256e-09
1.3812292586737956e-09
1.4131873510485552e-09
1.3863572332407896e-09
1.2966975387922171e-09
1.155992420676526e-09
9.738508408666451e-10
7.714103274140047e-10
5.662669458390041e-10
3.7903822258568036e-10
2.87815828568022e-10
2.6922598830108645e-10
2.5291553689119715e-10
2.3795367601274486e-10
2.2492980567670977e-10
2.1374273317894703e-10
2.0353788364384167e-10
1.942212883313155e-10
1.857943960696649e-10
1.7785590623366875e-10
1.700761727451681e-10
1.6278337143151262e-10
1.5478224373317489e-10
1.470922520175417e-10
1.4086517995560662e-10
1.512407465888209e-10
2.357712549003307e-10
4.69208878592838e-10
9.172103676099043e-10
1.6874636848835624e-09
2.7443552497454115e-09
3.6479579195190715e-09
4.13132163208777e-09
4.184919427620679e-09
3.809757771736453e-09
3.1214478101210047e-09
2.251350826846572e-09
1.383535365074701e-09
6.725566262701962e-10
2.3342009910623175e-10
7.333520408878813e-11
6.769212603969526e-11
6.787817756322989e-11
6.45901491550666e-11
5.684232425358586e-11
4.4853666069332736e-11
3.2422829399857817e-11
3.350389004139031e-11
5.674675496736277e-11
8.896812411012671e-11
1.103195654940118e-10
1.0655684701898532e-10
8.529475062811307e-11
5.706643417615233e-11
3.3854262345632924e-11
2.6328567159477628e-11
3.3574251421276797e-11
4.3341243659027224e-11
5.085350400032365e-11
5.525124563469729e-11
5.6967250052034715e-11
6.028421594127249e-11
1.383461314356461e-10
3.661616803265238e-10
7.174272113908632e-10
1.1261839804827723e-09
1.5030010082316767e-09
1.725805271641307e-09
1.739478415738519e-09
1.508452400772408e-09
1.1061197613421496e-09
7.397701276936235e-10
4.5628874331017917e-10
2.5136004710208177e-10
1.36692791093237e-10
9.793285557148719e-11
9.690377011649995e-11
1.0150475635124736e-10
1.0550298097209467e-10
1.0880533834309046e-10
1.1071924947146745e-10
1.1143592506767544e-10
1.1063567474100658e-10
1.081932133831771e-10
1.0374782454713673e-10
9.77877083193571e-11
9.042106546283866e-11
8.270449707510178e-11
7.65247839164584e-11
7.536429359589858e-11
8.039958637494048e-11
9.19857542970588e-11
1.101266511092511e-10
1.3334464940446244e-10
1.595080410061795e-10
1.8945507134111648e-10
2.222841639267799e-10
2.5827460659358513e-10
2.973418009372731e-10
3.3992880262900856e-10
3.849484216868183e-10
4.327133653114476e-10
4.822344256964872e-10
5.32411698032614e-10
5.788344096701459e-10
6.230329749082209e-10
6.592624522585184e-10
6.849212205056423e-10
6.967538860182395e-10
6.91208517245211e-10
6.753600101356609e-10
6.43723592643124e-10
5.9869541555963e-10
5.647238652618361e-10
5.752463434344317e-10
6.631872454105982e-10
8.292771351659476e-10
1.0563084088812856e-09
1.3298772714098431e-09
1.6332297396453031e-09
1.961573049912464e-09
2.3051125514402473e-09
2.659986150333827e-09
3.015933117560137e-09
3.3816824515539955e-09
3.749315427630708e-09
4.126609210916983e-09
4.514285809767448e-09
4.91779712268426e-09
5.340389686974733e-09
