3.65539527345353e-11
1.3992991262218804e-08
2.331633557619269e-15
8.550159016125283e-15
2.176116782477244e-14
4.49647949125309e-14
8.160330402363127e-14
1.358926956230676e-13
2.0817110993531548e-13
3.0209420068971286e-13
4.217774905526227e-13
5.617765475347181e-13
7.263140121351503e-13
9.186063319751983e-13
1.1286633832346473e-12
1.3591443861719521e-12
1.6160539250790127e-12
1.8787329322859846e-12
2.1530748852263885e-12
2.4471710254093346e-12
6.703353464650934e-12
2.5963316722843916e-11
6.651942501765301e-11
1.3470286860119405e-10
2.3311378560211065e-10
3.617093760900265e-10
5.158990250259925e-10
6.889385725000088e-10
8.691937942532899e-10
1.0476420287282529e-09
1.2076352009904784e-09
1.3416421884957631e-09
1.4367986052897723e-09
1.4835285766737643e-09
1.4812925042232646e-09
1.425040987364498e-09
1.3197198306809638e-09
1.1753188803079507e-09
9.990468930154054e-10
8.060976052681355e-10
8.211356163849497e-10
1.0571457718914843e-09
1.2945345094941279e-09
1.5155237748806208e-09
1.7083413592297997e-09
1.8553465579584949e-09
1.9422845447595977e-09
1.966577994659692e-09
1.919186969072766e-09
1.8043565409094254e-09
1.633187355327773e-09
1.4117640566949308e-09
1.1637418773341525e-09
9.043175163156627e-10
6.561987273968356e-10
4.3650027261772865e-10
2.5930723204872183e-10
1.3119204057932877e-10
5.223007088567459e-11
1.3690153066563716e-11
5.0533294080450325e-12
4.491661241734419e-12
3.955184358168467e-12
3.431061411980922e-12
2.909248650950447e-12
2.4370692799535338e-12
1.998972134855843e-12
1.5910713897301256e-12
1.2396860907115002e-12
9.358146351088124e-13
6.752440348134042e-13
4.686292952722049e-13
3.0698056109909884e-13
1.8496456366798583e-13
1.0236375572106377e-13
4.951663922702652e-14
1.931837910580385e-14
5.440163625242331e-15
1.8471002732267194e-08
2.0555087809156517e-09
