1.1900148773189007e-08
1.3997229370145917e-08
2.554870205610692e-15
8.326718943852869e-15
2.1871745810396348e-14
4.474241834279862e-14
8.17138570599616e-14
1.356707981005188e-13
2.0850142291632197e-13
3.020956491459671e-13
4.2155316726485933e-13
5.624437131401839e-13
7.256472474792765e-13
9.181629274168334e-13
1.1291076630452987e-12
1.3587031032259624e-12
1.6169447759192845e-12
1.880288952887026e-12
2.15618051593929e-12
2.447506423560326e-12
7.420239643820833e-12
3.1667914248484245e-11
8.447863227917961e-11
1.7379746517800264e-10
3.019633996595021e-10
4.655705804811508e-10
6.563217131388823e-10
8.613200522406323e-10
1.0633918744324825e-09
1.2449250471760524e-09
1.391532349544413e-09
1.4851556952106629e-09
1.5184790631501762e-09
1.4853919867933946e-09
1.3892870014249102e-09
1.2370133353449107e-09
1.0417552913461629e-09
8.248199357150103e-10
6.066058822163538e-10
4.0638114864189113e-10
3.217637289433538e-10
3.2355416943373014e-10
3.2343791541379125e-10
3.203794037147612e-10
3.13909000804632e-10
3.046728844139715e-10
2.922973796095117e-10
2.783764461375518e-10
2.6099311024460666e-10
2.4221556282454984e-10
2.2088381800756204e-10
1.9903376535703235e-10
1.7540682883808218e-10
1.5200141786180546e-10
1.2903462105635263e-10
1.0690487208482663e-10
8.654245298928988e-11
6.9715641569647e-11
5.687646841100503e-11
4.860558180214785e-11
4.413044284160129e-11
3.906188248862128e-11
3.098907326343957e-11
2.3217707690411325e-11
1.5961109306720374e-11
1.1067410595976644e-11
7.962721941115213e-12
6.270942458612554e-12
5.494430997019225e-12
5.164738038062053e-12
5.069906849188245e-12
5.164019490648843e-12
5.454342473965174e-12
5.992803206229236e-12
6.74631138240604e-12
7.726951326426147e-12
8.88734986229253e-12
1.025832704499348e-11
1.1483834945466458e-11
1.2407435832033907e-11
1.0652364583902085e-11
8.24901915229742e-12
8.088489849472726e-12
9.746413890272088e-12
1.2644019209990771e-11
1.64736137825697e-11
2.1448025006289518e-11
2.7631195524130042e-11
3.5748534013285936e-11
4.5719223854189167e-11
5.821636820311379e-11
7.33806812010022e-11
9.188756392423697e-11
1.1363473720658798e-10
1.3922660644730847e-10
1.6885145377242526e-10
2.0452805729679305e-10
2.492664577946438e-10
3.0705622133874636e-10
3.8877104310393525e-10
1.3970360701207138e-09
6.414635922507345e-09
1.7214495683831844e-08
3.437735123694323e-08
5.643382448635132e-08
7.992887936902933e-08
1.001212159934024e-07
3.375246897919986e-14
3.437287957648287e-14
2.787505600315385e-14
1.7651236817721256e-14
9.592232164992218e-15
6.019377478589123e-15
5.701254673965395e-15
4.551999020833967e-15
2.665257962539064e-15
8.916411167297361e-16
1.0008898276978137e-08
3.0278619703053233e-09
3.645833616604449e-10
4.570118703273257e-11
3.344862589427229e-11
2.37247974972203e-11
1.6370272368735823e-11
1.0821678739560363e-11
6.845401260973113e-12
4.3674624546501435e-12
3.3861166478613805e-12
3.4912713130164417e-12
3.894209052352285e-12
4.27927543475148e-12
4.489714431832963e-12
4.556926502120062e-12
4.568274113005685e-12
4.4586335274313e-12
4.293611119124888e-12
4.105844349918637e-12
3.7913511333439714e-12
3.3302928818923504e-12
2.6635270303676517e-12
1.4381156552677984e-12
5.56083226217816e-13
2.59485117393795e-13
1.7968863619181392e-13
1.4914744387419795e-13
1.3151646431412091e-13
1.1757471502758725e-13
1.1224416892527175e-13
1.1046815681211698e-13
1.1912836940021943e-13
1.3400559773367248e-13
1.5932192646219122e-13
2.0088514852236764e-13
2.6006069095543957e-13
3.5420691249553154e-13
4.904396521967589e-13
7.129350035634129e-13
1.0711324439193237e-12
1.6230378640960037e-12
2.421801434959862e-12
7.03857981569679e-12
2.526473790178541e-11
6.306795640559301e-11
1.2830065117189755e-10
2.2760101069710863e-10
3.610828265921031e-10
5.262146786696278e-10
7.110091105586336e-10
9.027751033825239e-10
1.0856034931552921e-09
1.2442282123346708e-09
1.3683727305585362e-09
1.4486730158812263e-09
1.4819818303045207e-09
1.4662453765663144e-09
1.4059720517877051e-09
1.3002567475236597e-09
1.1588214411131687e-09
9.90241788724546e-10
8.046824626788764e-10
8.229339786984571e-10
1.0606503249538524e-09
1.3003087300517105e-09
1.5239410450509932e-09
1.7148099699106708e-09
1.8587930919065763e-09
1.9463126347639565e-09
1.963311115598171e-09
1.914358768353067e-09
1.798027186306021e-09
1.6223020714646422e-09
1.4035079156146386e-09
1.1552778977961701e-09
8.973228150791654e-10
6.507146944699411e-10
4.330347622175264e-10
2.570653214345479e-10
1.301210289839996e-10
5.1987124843373985e-11
1.3613764433299201e-11
5.0407873401755234e-12
4.480120208710855e-12
3.945322072424921e-12
3.4232882760446696e-12
2.9046954634001084e-12
2.4304060437299626e-12
1.9940856108565904e-12
1.586519661622133e-12
1.2374641081591092e-12
9.334760295359336e-13
6.729125886056753e-13
4.671859019293832e-13
3.063126061072227e-13
1.8463136578060727e-13
1.020310249244092e-13
4.9294879042393855e-14
1.9207119034132385e-14
5.330299139033217e-15
1.8454237387159474e-08
