8.844450767831864e-09
2.2207929668446883e-15
2.331633557619269e-15
1.9987869012570807e-15
1.9991722838696e-15
1.6664906179773092e-15
1.5553031891404223e-15
9.995861419348e-16
5.578801654593729e-16
1.7031536796680267e-08
1.3769766729160607e-08
1.0766914392594706e-08
8.120665790918771e-09
5.889358098032324e-09
4.0872786781425604e-09
2.7116946313786143e-09
1.6989145708825105e-09
9.936966572150374e-10
5.265587916378758e-10
2.4146379468510574e-10
1.302253598417804e-10
9.76873472746885e-11
7.495848605352123e-11
5.892997827316157e-11
4.7822918192210066e-11
3.9811110581376026e-11
3.379475006189545e-11
2.951819933415967e-11
2.618639257463009e-11
2.4043246228722475e-11
2.2723769572372182e-11
2.2283697348673538e-11
2.2762068030590156e-11
2.4211527738477966e-11
2.6958216371537017e-11
3.130622605790641e-11
3.7671669786299716e-11
4.697526407223617e-11
6.009875448478225e-11
7.798046546511239e-11
7.878176561188401e-11
6.185489253693756e-11
4.9227821582256824e-11
4.0136367049073355e-11
3.389311066283938e-11
2.962465384231603e-11
2.7009738270096238e-11
2.5764621953898978e-11
2.557031550779158e-11
2.6435092659475826e-11
2.83357156041061e-11
3.123433387941866e-11
3.558402034446008e-11
4.0963498705541154e-11
4.8247499735478335e-11
5.732746151555624e-11
6.892975736791572e-11
8.435320415022719e-11
1.0435479026913313e-10
1.3222513030899798e-10
2.342069639629842e-10
4.845135008587208e-10
8.540363456802616e-10
1.3595325173740717e-09
2.0315610777431417e-09
2.9260371436583316e-09
4.1444730420120525e-09
5.7861055533681085e-09
7.958735252429973e-09
1.0748259879136953e-08
1.4207792852332232e-08
6.684427777288335e-16
1.114724181185034e-15
1.7774407109022855e-15
2.445012586343469e-15
3.2244286643962296e-15
4.774604440759761e-15
6.107046631478075e-15
8.549618397173958e-15
1.054784911853416e-14
