2.7038432409988238e-08
2.013889076369106e-07
1.7421708857159812e-12
6.250322033991214e-12
1.5918530271984136e-11
3.325726464743913e-11
6.088146036964847e-11
1.0098865574623723e-10
1.55582941624063e-10
2.2899816863129358e-10
3.1908439243848865e-10
4.32334925014671e-10
5.649491016185892e-10
7.224477347674049e-10
9.040162545937985e-10
1.1100990072651937e-09
1.3370269992941357e-09
1.586937948560407e-09
1.8676877780069123e-09
2.160766176339308e-09
5.497737273643907e-09
1.9817861672234703e-08
5.1101158567175564e-08
1.0899927858006087e-07
2.0687116141112772e-07
1.0296416824291995e-12
2.9592408490329943e-12
7.808480670232896e-12
1.8994572087921308e-11
4.23311527384619e-11
8.461165046637023e-11
1.470340603824456e-10
2.1157374137820443e-10
2.35077268173833e-10
1.8286534363095576e-10
8.581528469900357e-11
1.9026046616477018e-11
2.600183080264452e-07
2.0601716460625937e-08
8.33770276037646e-09
7.714025504947923e-09
7.761196589264334e-09
6.703198132735887e-09
6.5575550622747435e-09
1.0102090628533689e-08
1.605342936229356e-08
2.2198700679647246e-08
2.7087075807579467e-08
2.99783372775158e-08
3.066911195263652e-08
2.9447583679229887e-08
2.6757483403177397e-08
2.3119557490212585e-08
1.893724657864401e-08
1.465449429904838e-08
1.0537242884509404e-08
6.92756766712332e-09
4.035862328826089e-09
1.9746302085356725e-09
7.429697562088795e-10
3.380973075468461e-10
2.5068950983340094e-10
1.8721770626389309e-10
1.3932096607087365e-10
1.0313604748994576e-10
7.625775980884951e-11
5.593087126752815e-11
4.109622064742379e-11
3.001914050317599e-11
2.2019619374803253e-11
1.618625383545116e-11
1.1850109651691534e-11
8.65801769240075e-12
6.2948726609268105e-12
4.664624928081253e-12
4.019148874401464e-12
4.729010967273973e-12
6.7145283970067496e-12
9.693169875937066e-12
1.345110559022402e-11
1.3449962429170382e-11
9.775149101240825e-12
8.362392899774431e-12
1.2914737603689192e-11
2.2719188438719197e-11
3.5336240216801956e-11
5.208866778345287e-11
7.256489232534302e-11
1.0075025721656827e-10
1.3869674719680386e-10
1.9170474336077707e-10
2.655522418322842e-10
3.7058819375867413e-10
5.179387709052371e-10
7.237724409384887e-10
1.0185438607933038e-09
1.421289595476885e-09
2.000831915435767e-09
2.8148785553810717e-09
3.978087799637381e-09
9.813613364380051e-09
2.9833645667617086e-08
6.817571117301932e-08
1.3087901854568073e-07
2.240706695244339e-07
9.937267726840324e-13
2.3205690529951062e-12
5.02092916841954e-12
1.0237420825375086e-11
1.975800695186439e-11
3.5742191255073364e-11
5.909866097459561e-11
8.592760673726971e-11
1.0433696730519011e-10
9.852059286849395e-11
6.598311702432291e-11
2.7912811715438016e-11
5.972387341792598e-07
1.7817903960035036e-07
2.703511390048584e-08
3.108908678245245e-09
2.7867809082171006e-09
2.5058116217420922e-09
2.115724003609724e-09
1.6968828558203717e-09
1.3070216240875228e-09
1.0014593930680035e-09
8.240919857049763e-10
8.061369390917172e-10
9.118547241961579e-10
1.072524604433161e-09
1.2487089729110346e-09
1.4263456383433003e-09
1.5898319981744747e-09
1.7486353936652677e-09
1.8962589274527075e-09
2.0417147901568413e-09
2.1856467291193818e-09
2.3319888613937077e-09
2.4879421110222328e-09
2.5975004171099736e-09
2.645541004369744e-09
2.686028305588504e-09
2.71857380255777e-09
2.7485586767434435e-09
2.766723483890498e-09
2.784795921478982e-09
2.799920347904504e-09
2.8085567984379255e-09
2.8138754064903887e-09
2.8187223845226495e-09
2.8200790187034935e-09
2.821096241921862e-09
2.8183436397626398e-09
2.82155066738999e-09
2.8146828175477827e-09
2.8137892475236787e-09
2.812310595746814e-09
2.803769542646328e-09
2.8048246553055436e-09
