6.935465192824273e-09
7.823976255769153e-10
7.551079269452471e-10
7.239895067376458e-10
6.924040942424189e-10
6.595332686124031e-10
6.264217726578939e-10
5.914496938438076e-10
5.557937543542928e-10
5.204922522138075e-10
4.84870256545173e-10
4.4916142579723116e-10
4.1366967870788557e-10
3.7790576913692587e-10
3.44143117353479e-10
3.1115895619979755e-10
2.786726263781399e-10
2.4745759128733985e-10
2.1869629342821977e-10
1.9060691898029905e-10
1.5520425552658227e-10
1.1930116705296561e-10
9.34381565654234e-11
7.44345848630681e-11
6.105082645795088e-11
5.1583233772109263e-11
4.5116234550365434e-11
4.124822908929522e-11
3.934610830892053e-11
3.9342170357500755e-11
4.110766260614482e-11
4.503801495327998e-11
5.153519560536351e-11
6.119141349538212e-11
7.530236349920901e-11
9.527332041642424e-11
1.2394303946842278e-10
1.6384528215024367e-10
2.2054871701741658e-10
2.9925948373067273e-10
4.952490547711396e-10
8.890961145820037e-10
1.417054941884741e-09
2.068578945519374e-09
2.820960276072988e-09
3.637969336416022e-09
4.463717634373429e-09
5.251814972495525e-09
5.959375527026902e-09
6.511242997760483e-09
6.86552149105957e-09
6.994404235469524e-09
6.8661161254699555e-09
6.482872463752915e-09
5.856450395103725e-09
5.053482279222189e-09
4.128482898723706e-09
3.165436772724525e-09
2.2457912483738923e-09
1.4498638737897773e-09
9.80772816337519e-10
7.579265507160327e-10
5.875082243991622e-10
4.5996788449803775e-10
3.650373791647576e-10
2.9431571750580544e-10
2.419879866825802e-10
2.0332185264010582e-10
1.752058222168782e-10
1.5504092446827752e-10
1.4008685053110525e-10
1.2951171708168052e-10
1.2127794290495853e-10
1.1410672296793187e-10
1.0700544019593557e-10
9.84483625055211e-11
8.764854779454525e-11
7.774671795204221e-11
7.836118832099154e-11
1.0318792257664885e-10
1.4653986643801564e-10
1.9215543365649818e-10
2.3764036392795246e-10
2.7577202772894494e-10
3.0320450700904216e-10
3.1822992519154817e-10
3.541833915943723e-10
5.39762131079362e-10
1.015955006032378e-09
1.8388166384979465e-09
3.0600847286967275e-09
4.692639834949744e-09
6.741303903878819e-09
9.175157114567137e-09
1.1969369134086013e-08
1.5060331205674324e-08
1.8401170933879412e-08
2.1948532416167232e-08
2.5612775216115646e-08
2.937838818083196e-08
4.238560934954803e-08
7.139056012835952e-08
1.096360259643091e-07
1.563631712985979e-07
2.1043070495067484e-07
4.583669247054808e-13
7.163341270600595e-13
1.031923654072178e-12
1.3768764245745602e-12
1.7034486495686588e-12
1.9399290644804356e-12
2.0241495233567424e-12
1.917178217385213e-12
1.6115766285880063e-12
3.56447114626151e-07
2.7411051352459775e-07
1.8903173245585177e-07
1.1205153410655782e-07
5.331879142681777e-08
1.7608290207900367e-08
7.0401939058097165e-09
5.251713145785712e-09
3.957168049566861e-09
2.982524503098958e-09
2.272913049765545e-09
1.7554501686072726e-09
1.3823933378274897e-09
1.1173985363923504e-09
9.294375900252143e-10
8.083229529335352e-10
7.364544720230711e-10
7.029336847664996e-10
7.123012375180032e-10
7.671040287865601e-10
8.723669111818751e-10
1.0537417136687998e-09
1.3255975264247254e-09
1.7640175395167936e-09
2.4117259750796404e-09
3.4438471526881796e-09
4.41375051735762e-09
5.0171857482967185e-09
5.592131048533426e-09
6.197122797995682e-09
6.764055407611232e-09
7.2970803204638824e-09
7.706972380229838e-09
8.07110370779101e-09
8.19048207291829e-09
8.150474868702192e-09
7.783143118696688e-09
7.155122895351733e-09
6.210414079338934e-09
5.041897810878819e-09
3.6944537234348975e-09
2.4071907607558432e-09
1.30579476049948e-09
5.443574030753187e-10
1.4505296815156545e-10
3.047588280375846e-11
2.8863783712978655e-11
2.8500771418620056e-11
2.6335489816216046e-11
2.2966303397652518e-11
1.8949917026335328e-11
1.516866232003497e-11
1.264087876039748e-11
1.2413022070662182e-11
1.4717037462525498e-11
1.838652497958543e-11
2.25432081747509e-11
2.6864244006926502e-11
3.0910372065126374e-11
3.450973456048012e-11
3.7755824224915346e-11
4.0540566592971156e-11
4.3129237222707384e-11
4.518822748198959e-11
4.7226945059056084e-11
4.9046933400710085e-11
4.8576368078842034e-11
4.623152314039755e-11
4.4737295746995896e-11
4.36389464801301e-11
4.328939640868782e-11
4.3336288657172364e-11
4.414131036469887e-11
4.5601983723107647e-11
4.753945838700394e-11
5.038893886563028e-11
5.411875116449399e-11
5.873843125262702e-11
6.437493246555188e-11
7.178278830341001e-11
8.046283373605704e-11
9.111167803200909e-11
1.0413212484428052e-10
1.2028714664596703e-10
1.3937263499313151e-10
1.6292023594580623e-10
1.9085605253836466e-10
2.2163254912987158e-10
2.563642960671192e-10
2.9489464766097325e-10
3.381293411939379e-10
3.8509931359981136e-10
4.3830808245505147e-10
4.950174474147867e-10
5.588228330622918e-10
6.284191396904916e-10
7.04525787837761e-10
7.871702984072563e-10
8.783429481510175e-10
9.771959235132713e-10
1.0842929231656518e-09
1.2018245167080972e-09
1.3270425116237839e-09
1.4641018330734165e-09
1.614115979168241e-09
1.7734882130167882e-09
2.018778094209386e-09
2.3715393851599704e-09
2.760269682679165e-09
3.2040603121805074e-09
3.6934868778577333e-09
4.23517873498951e-09
4.8429363586349305e-09
5.50745933222559e-09
6.243063875714169e-09
7.049619734100493e-09
7.931993907797472e-09
8.91196984893565e-09
9.97224129959677e-09
1.1136563032102498e-08
1.2414638373499239e-08
1.3791976257882808e-08
1.529970899166209e-08
1.6935150610467862e-08
1.8722924494226053e-08
