1.1219457436369957e-08
4.230363478731731e-09
4.316280014913158e-09
4.364171935588996e-09
4.375259379846756e-09
4.320649946550211e-09
4.193657132152903e-09
3.98090542743514e-09
3.672866734083661e-09
3.2792927302159356e-09
2.8283781119033e-09
2.409633286415529e-09
2.2050936827604904e-09
2.4604910307597946e-09
3.2182196981697603e-09
4.321365486803101e-09
5.595738347010279e-09
6.866249280031163e-09
7.944522778465247e-09
8.621408010016425e-09
8.81824044280906e-09
8.498446432722614e-09
7.64036909864528e-09
6.4466405425785514e-09
5.1296591768747614e-09
3.881172387709075e-09
2.846359114249856e-09
2.16342488349925e-09
1.889991197527462e-09
1.9443504512950546e-09
2.143497981132761e-09
2.3658069471462413e-09
2.5546487980964553e-09
2.698548714966985e-09
2.7911276246244895e-09
2.8395946454543658e-09
2.845480837357621e-09
2.8217522902731704e-09
2.7707119541888385e-09
2.6927998282652723e-09
2.518456709265241e-09
2.2941499543120685e-09
2.1192584638890254e-09
1.9841572350650765e-09
1.881016159412587e-09
1.807221399139016e-09
1.757492519713487e-09
1.725512125545537e-09
1.7128637365796821e-09
1.7102015150226531e-09
1.7248213416412976e-09
1.7957981827212514e-09
2.109278108667136e-09
3.1838588284193866e-09
5.869219381133054e-09
1.1395643259551896e-08
2.1968239842724116e-08
4.135499898506359e-08
7.568225564049813e-08
1.339180675498653e-07
2.2138746215092455e-07
9.504788456461671e-13
1.9578126449928678e-12
3.546222905599012e-12
5.689345854350083e-12
8.121181421918267e-12
1.031380260498604e-11
1.1615241746859904e-11
1.149967902759563e-11
9.938981348916877e-12
7.391923227058475e-12
5.589219988120729e-07
3.932093857093844e-07
2.48420763310158e-07
1.3883808130522485e-07
6.706174854385771e-08
2.8720627702654755e-08
1.5632154936232965e-08
1.5133273645771068e-08
1.6606291222041286e-08
