8.36806665611704e-09
2.0896217898797982e-09
2.2197280486997076e-09
2.3403957004506395e-09
2.443854146768945e-09
2.5292674335977123e-09
2.5905293915962197e-09
2.632211389601252e-09
2.6504756115233526e-09
2.6722782701304713e-09
2.7276341555784644e-09
2.8753157530718054e-09
3.208137915021304e-09
3.809907907929528e-09
4.745263682480651e-09
6.0554005233747615e-09
7.74690046384243e-09
9.823126484059284e-09
1.2238438634368151e-08
1.4920215311948715e-08
1.8936239817564908e-08
2.4476693963109975e-08
2.9844466222030466e-08
3.4237982017832624e-08
3.6924673366132354e-08
3.735656130137489e-08
3.52827630806926e-08
3.101981750959227e-08
2.524594750080334e-08
1.8947519972307374e-08
1.3156103007790065e-08
8.983051042169184e-09
7.115777581076238e-09
7.076905922837485e-09
7.525778704410967e-09
7.723421115505826e-09
7.476197339376257e-09
6.825285962742893e-09
5.889222382290819e-09
4.791916948574099e-09
3.748682947279822e-09
2.9219479873725267e-09
2.301637655201517e-09
1.876663387796838e-09
1.6600083661311635e-09
1.6525774445738601e-09
1.8456277102568467e-09
2.2134341387251775e-09
2.7657764994215183e-09
3.5348216621241042e-09
4.619775133872336e-09
6.159566723560424e-09
8.39788824960289e-09
1.1683812139996959e-08
1.6557574732886154e-08
2.397417045677533e-08
3.5223586690114104e-08
5.255253836484647e-08
7.94327268275871e-08
1.2142986482260344e-07
2.1260517749161024e-07
1.1448151017708983e-12
3.718387485639393e-12
1.0878616998113219e-11
2.901827888766407e-11
7.026644615718988e-11
1.5313479605856756e-10
2.944271185406264e-10
4.853934993497433e-10
6.558130380115538e-10
6.848137391994693e-10
5.02818536152541e-10
2.2502596011329491e-10
4.854669390511725e-11
3.1808078980184958e-12
1.7336995481592552e-14
1.6973873378196726e-08
1.2597133864227339e-08
7.909212262761315e-09
4.194249658068914e-09
2.2819689590344917e-09
1.5755766705027621e-09
1.357346248258162e-09
1.3521397539839034e-09
1.3833428239885698e-09
1.3977917901902303e-09
1.4001014889678219e-09
1.3964536253597874e-09
1.4085764737413382e-09
1.4383991835736469e-09
1.5012733186518257e-09
1.6069642107980654e-09
1.7649639552160184e-09
1.991178358154285e-09
2.3114892592224497e-09
2.7486010715228898e-09
3.346334415420526e-09
4.159949992249337e-09
5.2510357100295384e-09
6.71529602063642e-09
8.099292661061317e-09
9.132078154862405e-09
1.0266014202655159e-08
1.1499651301870805e-08
1.2828895684362826e-08
1.4301388474230553e-08
1.5884128674246597e-08
1.7620807473671955e-08
1.94976444459899e-08
2.1570061581347935e-08
2.3825958073727684e-08
2.6318496590030065e-08
2.9033723973180034e-08
3.20580123521416e-08
3.540759031451254e-08
3.9096384699942934e-08
4.324799727624672e-08
4.7899774156392795e-08
5.30887213634228e-08
5.9000117251192325e-08
