4.35965448756209e-09
1.9629219428511725e-08
1.8578650446015106e-08
1.7130490300131728e-08
1.535813199924011e-08
1.3317933065917903e-08
1.1138323747819343e-08
8.91331789473815e-09
6.817280562469937e-09
4.992314653838318e-09
3.576329966018741e-09
2.683663276387711e-09
2.2864298975706097e-09
2.1794803272033537e-09
2.1312553382090256e-09
2.0242262878185357e-09
1.8369924241466189e-09
1.5796846788831288e-09
1.2875031300822268e-09
9.93037165502556e-10
7.699509860254635e-10
6.210672751444717e-10
5.02355534157568e-10
4.279621196781854e-10
4.1027183869331623e-10
4.4781541078827204e-10
5.137320514192066e-10
5.924074686602625e-10
6.762656185535401e-10
7.556708717879931e-10
8.384227051688995e-10
9.282747594474065e-10
1.0251916754132762e-09
1.1402083908462244e-09
1.2768198177358912e-09
1.443320774387407e-09
1.6513338474260781e-09
1.910725958920776e-09
2.2408091245675305e-09
2.645470404834121e-09
3.0539705996200562e-09
3.461862449122484e-09
3.996348765166327e-09
4.668630902071425e-09
5.501273137033191e-09
6.583555380881712e-09
7.879667845741405e-09
9.455263517494392e-09
1.1325178711271603e-08
1.3399695564769241e-08
1.5744780393887445e-08
1.8122748781043425e-08
2.0541327500287662e-08
2.2622067049201044e-08
2.4363107210014675e-08
2.5343541028999524e-08
2.5588637705995683e-08
2.4817569502501236e-08
2.3183438382907524e-08
2.076301854693732e-08
1.7288862730032467e-08
1.3824598121934061e-08
1.10187905133083e-08
8.79657929296924e-09
7.09982330517815e-09
5.8420306848099656e-09
4.911437387799491e-09
4.225900783179719e-09
3.724694087265818e-09
3.3912730459369283e-09
3.1624626762015703e-09
2.9754642946459516e-09
2.8529422602119626e-09
2.691067865471905e-09
2.4816446259393318e-09
2.1667406382827704e-09
1.7118969199115055e-09
1.1545394726188256e-09
5.856907761480066e-10
1.7550438242008029e-10
8.585898960639723e-11
1.4278513892021145e-10
2.0283471724436587e-10
2.4653800520742264e-10
2.5866162803200713e-10
2.571225376616356e-10
3.327483548507215e-10
5.56872218820555e-10
8.857560437796344e-10
1.2539626940545042e-09
1.5969759459315892e-09
1.876387309593328e-09
2.060520696946186e-09
2.1496036238458283e-09
2.1452630505313517e-09
2.0642531767103117e-09
1.911013216232524e-09
1.7006217663093214e-09
1.4481874308725489e-09
1.169508508924061e-09
9.176998109476172e-10
7.372192878778329e-10
6.024393146257671e-10
5.06059439752633e-10
4.363581594065984e-10
3.8836916178240393e-10
3.5818327324471515e-10
3.413764626927561e-10
3.393348819162195e-10
3.496261334205159e-10
3.738339920954918e-10
4.1517447172247695e-10
4.776431501720999e-10
5.695868989748328e-10
7.012486033012647e-10
8.914058556238828e-10
1.1640560843903508e-09
1.5639121544954542e-09
2.1495992148154486e-09
3.0164856439215667e-09
5.7129507198627105e-09
1.2288955543725177e-08
2.2376310173277213e-08
3.59080667578417e-08
5.224013905143359e-08
7.020264309241522e-08
8.826135800976225e-08
1.0433635876060027e-07
1.1548182422929922e-07
1.1831755561996463e-07
1.0956163682467604e-07
8.89297304687962e-08
6.081698285649596e-08
3.3362497530612376e-08
1.451695704807136e-08
7.19212662225347e-09
5.509761352896291e-09
3.746555007522552e-09
1.905319364108273e-09
6.629390119645289e-10
2.7011342086203665e-10
1.8857197354592423e-10
1.2878845618615699e-10
8.806689131006423e-11
6.392385472446404e-11
5.3570750914933194e-11
5.225366469269026e-11
5.4906601115557355e-11
5.879411817395211e-11
6.315212945979429e-11
6.890914365155042e-11
7.554583316078876e-11
8.497242480312709e-11
9.824777305013729e-11
1.164236823239358e-10
1.424459423518917e-10
1.7862248086827258e-10
2.286456164750544e-10
2.9854851869372237e-10
3.918514803695089e-10
4.4095841283242787e-10
4.208480423441357e-10
3.9148409900950797e-10
3.592512183947311e-10
3.2208951603387493e-10
2.83998966880944e-10
2.451083590313551e-10
2.0854019735313606e-10
1.723046312678111e-10
1.3965675784940922e-10
1.0995358454616784e-10
8.379668224878545e-11
6.145355825733752e-11
4.412242031680619e-11
3.2217522968327957e-11
2.6575672456508918e-11
2.6671831655476284e-11
3.025186704162627e-11
3.513075907878468e-11
4.050358323815451e-11
4.439823865525404e-11
4.637161920685339e-11
4.8213928693521706e-11
4.977792923489659e-11
5.172173752680293e-11
5.384451600430138e-11
5.6645420028714604e-11
6.020308486486524e-11
6.475347315811383e-11
7.04308762455393e-11
7.759992821946242e-11
8.633701447363812e-11
9.678223940230311e-11
1.0840461110027138e-10
1.2066097388613012e-10
1.321411532753631e-10
1.4000791966924698e-10
1.421396334443823e-10
1.5703875992622313e-10
3.1073060588117656e-10
8.233767916401187e-10
1.8606121424312655e-09
3.4524854120378396e-09
5.488013981908773e-09
7.786897726900558e-09
1.0115733207144756e-08
1.2282068615452558e-08
1.4279898686453088e-08
1.6123043017598488e-08
1.798099580287296e-08
1.9983050348172983e-08
2.2239533478097963e-08
2.478852732723594e-08
2.736270212432024e-08
2.948462593550631e-08
3.0282155739947726e-08
2.8561132811013926e-08
2.3632198470101287e-08
1.5894229226272123e-08
7.696765099710345e-09
2.3579413685785682e-09
9.677766696935786e-10
1.1914433602326889e-09
1.2685652270817553e-09
1.1469997898376736e-09
9.343862792693914e-10
9.950978567720023e-10
1.6112379749481985e-09
2.518018905295457e-09
3.470082293438044e-09
4.301061612817048e-09
4.942414865063309e-09
5.371609177439738e-09
5.582825126105684e-09
5.635791238381171e-09
5.533246430234882e-09
5.311025694241496e-09
4.970952764197965e-09
4.532821469442845e-09
3.997398252164143e-09
3.577178134833384e-09
3.3138732111950103e-09
3.0477343962356193e-09
2.788525846509101e-09
2.5375938886961895e-09
2.30226564351904e-09
2.088476579554152e-09
1.892006962121504e-09
1.714383610068332e-09
1.5591238149013097e-09
1.4216117251248488e-09
1.3001208740077765e-09
1.1972164296471998e-09
1.104875682027065e-09
1.027709203537134e-09
9.605719215069791e-10
9.024383249049009e-10
8.541596427536825e-10
8.131993810200557e-10
