1.1938109413173066e-08
8.433479538920794e-08
8.891922904000399e-13
2.5615412235677193e-12
5.039205875876118e-12
7.12709915226518e-12
7.800379412140922e-12
6.706924287359763e-12
4.1732868010936184e-12
1.7658403372613615e-12
6.189717126678209e-13
7.070046450387717e-13
9.156092244170894e-13
1.1239975353597062e-12
1.3217216546695368e-12
1.5145826683048328e-12
1.6936193143424095e-12
1.8893959454756202e-12
2.0914793181018875e-12
2.3654352267745138e-12
6.59775112747522e-12
2.6312946506368627e-11
6.95784354260593e-11
1.450022363909859e-10
2.5779268925673157e-10
4.075161748165981e-10
5.862324956030906e-10
7.82715289703795e-10
9.782795695595249e-10
1.1570693867801782e-09
1.3074777871614977e-09
1.4142643999007369e-09
1.4756463472884304e-09
1.4867116127026543e-09
1.4394223990286384e-09
1.3380013152194296e-09
1.1906204485400305e-09
1.0143647060915996e-09
8.138082001470422e-10
6.113986461099095e-10
5.440548693493615e-10
5.979831579202508e-10
6.433791010142192e-10
6.790748192145937e-10
7.033789923138837e-10
7.16105761700912e-10
7.173788512201177e-10
7.069353414716965e-10
6.82335606748545e-10
6.47792564755741e-10
5.995259791632267e-10
5.428704275213551e-10
4.765418413735304e-10
4.0584311755768354e-10
3.325642600698425e-10
2.6296137333800427e-10
2.0504540360129198e-10
1.7375188010282144e-10
1.6964138590777668e-10
1.6526241771687623e-10
1.6626405798962166e-10
1.6110178988612818e-10
1.3182338248428922e-10
9.424362889517672e-11
5.978854805218661e-11
3.4135084566534454e-11
1.8400090840565877e-11
1.0787677188598001e-11
8.382266461104135e-12
7.482376804999509e-12
6.872223850881937e-12
6.463653419435967e-12
6.100609133112595e-12
5.911855380055301e-12
5.724536018316384e-12
5.565280154485994e-12
5.387610791732488e-12
5.100878424483136e-12
4.696745195790225e-12
4.3821691862288415e-12
4.461390148035467e-12
5.208849050367612e-12
6.39018256473993e-12
7.514102835457808e-12
8.462727204461027e-12
9.277128408547874e-12
9.914397710112269e-12
1.041397106863689e-11
1.080903641125013e-11
1.1172402174601937e-11
1.1503523581990757e-11
1.1894053659289249e-11
1.2337210759387484e-11
1.2802260803169797e-11
1.3539756106298217e-11
1.4416526283707838e-11
1.5629962289557416e-11
1.71233402494124e-11
1.9187604081204854e-11
2.1979654386551506e-11
2.5583852624701372e-11
2.983166468041989e-11
3.440430120224591e-11
3.927757091754211e-11
4.419576918992443e-11
4.9443464223049086e-11
5.4735729649179106e-11
6.014838004790233e-11
6.547548331347739e-11
7.04907686360623e-11
7.559329500458616e-11
8.042079896442094e-11
8.462991467892533e-11
8.862407400091626e-11
9.186679403986464e-11
9.475260084775564e-11
9.651123829717089e-11
9.786218315382173e-11
9.799131153047063e-11
9.764793973512464e-11
9.303549051840066e-11
8.586674039102593e-11
8.007989343063982e-11
7.555169550523413e-11
7.197924664476441e-11
6.869902694734531e-11
6.63991281569335e-11
6.383597733341432e-11
6.169992606063395e-11
5.926067228009859e-11
5.634540286158003e-11
5.343503360534149e-11
5.069629366926352e-11
4.994816339817063e-11
5.4282952316072966e-11
6.687385090092871e-11
8.960805980076857e-11
1.2290113535848498e-10
1.657307100304571e-10
2.175725508559593e-10
3.790767742855406e-10
7.290147550667609e-10
1.3251347136428664e-09
6.268020402789831e-09
2.5799207969619104e-08
7.276532902586866e-08
1.5558506380904632e-07
2.7061370126216606e-07
1.5648950894585245e-12
2.8328203179665558e-12
4.208116927485433e-12
5.3166131177816444e-12
5.7331417731081145e-12
5.280059033417311e-12
4.049576604870979e-12
4.224890338386988e-07
2.787757514847127e-07
1.5029533293407286e-07
5.9118174327042e-08
1.3215328663913535e-08
3.61081484631947e-09
2.7383322652258464e-09
2.1288711246054574e-09
1.6701626976653613e-09
1.3072423302300929e-09
1.010760084119693e-09
7.715617427433983e-10
5.850752609319837e-10
4.3785215112480165e-10
3.2581055691679097e-10
2.4140081871543276e-10
1.7673956619492482e-10
1.2784855823124331e-10
9.135668383706745e-11
6.137307425630776e-11
3.651673176884863e-11
1.8326079854970658e-11
5.9409196787970946e-12
8.696547463812659e-13
7.699452907125623e-13
7.081002478257798e-13
4.326059600920618e-13
2.54041719448017e-13
1.5650826667692675e-13
1.343548452760245e-13
1.5680462762006353e-13
1.967647412248193e-13
2.4903481840762533e-13
3.1824654957370104e-13
4.131432049353635e-13
5.546155234148962e-13
7.43010375524253e-13
1.002443449001852e-12
1.371803520178441e-12
1.849174407268422e-12
2.5109235623133403e-12
3.3937899653499654e-12
4.585168307752988e-12
6.327975642909535e-12
8.98682421903213e-12
3.9316295349918046e-11
2.1724080959517683e-10
6.856031315534549e-10
1.6041542061414682e-09
3.097247832008472e-09
5.211108238409828e-09
7.90164436050022e-09
1.1056818616508495e-08
1.4476438327483624e-08
1.792429614046094e-08
2.0987303197135515e-08
2.3057622295472024e-08
2.337321030518641e-08
2.1228290996501724e-08
1.6547320244433888e-08
1.0535256342798087e-08
5.721445371513259e-09
4.939225169449853e-09
5.750325270787103e-09
5.45405475858067e-09
5.517593785800892e-09
7.204866660893979e-09
2.983345558367504e-08
1.016204713741522e-07
2.3360453611566544e-07
1.366648290635097e-12
3.1293238788808144e-12
5.550350424400104e-12
8.224485719586112e-12
1.0658109809923729e-11
1.2369649765220656e-11
1.3023946083084021e-11
1.2252435359189077e-11
1.0077262573096376e-11
6.926082042011335e-12
5.18904848439278e-07
3.191444616539977e-07
1.569078469250346e-07
5.475024151406775e-08
9.876149042974941e-09
2.3838172990816402e-09
2.1464605003865198e-09
1.9662881093796384e-09
1.8005410519354287e-09
1.6234130656592197e-09
1.4467224710269943e-09
1.2378674631024112e-09
1.0108915836372006e-09
7.762642158937078e-10
5.64857355922136e-10
3.814471017478847e-10
2.359821529648956e-10
1.3385731905242048e-10
6.916034137283505e-11
3.14287642853492e-11
1.276240705237641e-11
4.237072006109033e-12
9.759329981971243e-13
8.164305239543204e-08
