1.1476651617410163e-07
8.868226345846574e-10
8.964251084232958e-10
9.081608909802792e-10
9.211025538055187e-10
9.354222112891668e-10
9.491559853002873e-10
9.643563380033322e-10
9.788785126884849e-10
9.927818988986526e-10
1.0059423148195473e-09
1.0162017545751215e-09
1.0244655195988629e-09
1.0274654947987648e-09
1.0282055615764294e-09
1.0201403804478118e-09
1.0086099082210458e-09
9.872659276791931e-10
9.59478106795257e-10
9.226568888472734e-10
8.776295246851701e-10
8.398820107301022e-10
8.151408893547215e-10
8.069704670624255e-10
8.148118071183392e-10
8.37621506113719e-10
8.772500860673636e-10
9.309837953931297e-10
9.96323133465109e-10
1.0697459948252757e-09
1.1378281448659666e-09
1.1883220951257757e-09
1.209436357653034e-09
1.1795896950681488e-09
1.102701805121439e-09
1.2553019584376933e-09
2.7198153607364437e-09
6.4148209289176286e-09
1.304661460073964e-08
2.2868095249778373e-08
3.560503860805273e-08
4.864469770762984e-08
5.80787979602153e-08
6.201496734725978e-08
6.005064306099012e-08
5.361030910468074e-08
4.467602756516861e-08
3.518542637926845e-08
2.6582126646453054e-08
1.9500875171574385e-08
1.4177950441216162e-08
1.0323847910110071e-08
7.721152732429896e-09
6.018584060385926e-09
4.9316378272227855e-09
4.319356845761433e-09
4.033640940990874e-09
3.9684185255152485e-09
4.11544569975894e-09
4.398681825334942e-09
4.769032610296206e-09
5.068226109556845e-09
5.251498288121654e-09
5.386595968167581e-09
5.468342569153442e-09
5.550831474391608e-09
5.619094573531797e-09
5.733634467603105e-09
5.850846075805147e-09
6.069793749622397e-09
6.299518686228461e-09
6.649114293628323e-09
7.042276972438489e-09
7.525022434533338e-09
8.135073680296338e-09
8.778683993870658e-09
9.507389211286107e-09
1.0251953259046539e-08
1.09789279636272e-08
1.1584435018188397e-08
1.1387138011363419e-08
1.0315982516214484e-08
8.953270943678359e-09
7.348487398273206e-09
5.605772347526953e-09
3.926452460944109e-09
2.455267653364941e-09
1.3925179608110687e-09
8.954067531635474e-10
8.659611245506605e-10
9.457004620452526e-10
1.0220503975705469e-09
1.0780178308378184e-09
1.1063345888060084e-09
1.1021830319689844e-09
1.055016447493423e-09
9.645559563419464e-10
8.3804803786403e-10
7.097363261143789e-10
6.622031664771322e-10
8.798920068358204e-10
1.43187595155372e-09
2.2064049870906237e-09
3.1230953303972152e-09
4.0659550510567244e-09
4.928063755878777e-09
5.6246369895787196e-09
6.097051463826079e-09
6.3412261322327755e-09
6.383733624382827e-09
6.253350522682301e-09
6.007218160366857e-09
5.677953339441792e-09
5.279469434643045e-09
4.841329004795124e-09
4.35912031667266e-09
3.850852465967019e-09
3.3046264357880884e-09
2.740372612458825e-09
2.1761582413345183e-09
1.894961434023982e-09
1.8630276115000137e-09
1.8159589508899017e-09
1.7566935709122858e-09
1.6813438056054189e-09
1.5956180411772408e-09
1.5051112270973102e-09
1.4083463480919829e-09
1.3047462060138246e-09
1.1995718932690062e-09
1.0938331343747908e-09
9.869496248820483e-10
8.834564158084096e-10
7.825721189250611e-10
6.840967097966314e-10
5.916506079266444e-10
5.035809454603731e-10
4.2298194560045403e-10
3.4917930104926125e-10
2.820223912103254e-10
