1.1939761519141844e-08
9.980491513228812e-08
1.2250937521490994e-12
3.5549627785520885e-12
6.9692370140122435e-12
1.0018754037264517e-11
1.1120856428759195e-11
9.504316962976335e-12
6.030848608511497e-12
2.5283676551270354e-12
7.495956774903091e-13
7.337349916501612e-13
9.538004132416242e-13
1.1686267680726203e-12
1.3565842941143613e-12
1.5455841914718088e-12
1.708772582404456e-12
1.8893521051459e-12
2.0904510081960525e-12
2.3558033944311544e-12
6.267152672222459e-12
2.362616453902957e-11
6.144628539146881e-11
1.2733418796762059e-10
2.271165208967284e-10
3.602959364519603e-10
5.221589179277551e-10
7.03793853991541e-10
8.907392837565886e-10
1.0667098611824796e-09
1.2223746699615935e-09
1.3480062546117187e-09
1.4409594149258306e-09
1.4918808509896075e-09
1.4910383192468922e-09
1.4331246688831271e-09
1.334099181994039e-09
1.1979199761416543e-09
1.0299281617121992e-09
8.369778264447054e-10
8.51066249905169e-10
1.0820535785207335e-09
1.3090011922551949e-09
1.5139411363957422e-09
1.6906827529915347e-09
1.8306601647121264e-09
1.920340195992592e-09
1.9582709420111327e-09
1.934957329944837e-09
1.8450070310960966e-09
1.6868104134379132e-09
1.4696099840749003e-09
1.2098712843777682e-09
9.345490334862001e-10
7.307623113712055e-10
7.844281174452634e-10
9.684634933239552e-10
9.426847892150306e-10
6.38762482790275e-10
2.6050811034613923e-10
1.1560942494800954e-10
8.366687470117157e-11
5.064091729316088e-11
2.698223695045053e-11
1.2196695545464983e-11
4.641975017020268e-12
1.6320490748279577e-12
6.964075193991119e-13
5.074218714801634e-13
4.213341668433557e-13
3.5904882532757286e-13
3.1253014902784293e-13
2.8444000694647593e-13
2.6812003560282925e-13
2.528314982417069e-13
2.48577057149441e-13
2.357928937580924e-13
2.280396150094339e-13
2.560304794420872e-13
4.33957480331919e-13
7.411289918513048e-13
1.0165261284908525e-12
1.228716675481951e-12
1.3621866541064882e-12
1.381073520521805e-12
1.3208566048874994e-12
1.1936008563880662e-12
1.038850929648179e-12
8.735608420836707e-13
7.304662575220489e-13
6.066605776249783e-13
5.099007556883631e-13
4.461034523455706e-13
4.036347624724232e-13
3.7213446243633804e-13
3.5735396842176935e-13
3.4735149222444205e-13
3.480157760093417e-13
3.59122318248841e-13
3.8011309851569225e-13
3.6800595940434073e-13
3.1998097416133647e-13
2.83583062603067e-13
2.566649263443924e-13
2.3669143814657907e-13
2.2735623436592462e-13
2.3035810336674056e-13
2.411308518582702e-13
2.6803532211370564e-13
3.0872598747502544e-13
3.7523638508067943e-13
4.686760918338173e-13
6.117313760033952e-13
8.129979596145592e-13
1.1088411429332201e-12
1.5349984049589707e-12
2.145201996677372e-12
3.0029330226522584e-12
4.205778433349122e-12
5.885884074779983e-12
1.252698659112655e-11
3.1899078205174744e-11
6.48137083455267e-11
1.1434110509114525e-10
1.8120612931820296e-10
2.648800157867835e-10
3.6519346120671927e-10
4.776264174724355e-10
6.012284975526937e-10
7.290129125255896e-10
8.58940192532307e-10
9.81799382497473e-10
1.0974541476831023e-09
1.197942317459976e-09
1.2818731765184232e-09
1.3399748561440806e-09
1.374168239836247e-09
1.3788660694367288e-09
1.3548269012144984e-09
1.3026474121072305e-09
1.5708898921443579e-09
2.274575379617396e-09
3.0671899384692996e-09
3.87914452067815e-09
4.627832416335378e-09
5.2328665982773104e-09
5.599649709612755e-09
5.665657618311321e-09
5.407993657888228e-09
4.8405930194688325e-09
4.038266331678057e-09
3.1140199557033416e-09
2.220817475291867e-09
1.46535794154655e-09
9.26994717078879e-10
6.050355991107511e-10
4.2572707125285253e-10
2.9959285768027834e-10
1.9085407490397824e-10
1.0110166828462198e-10
5.5339053245970655e-11
3.710616136712493e-11
2.4697460870947062e-11
1.6511691714320497e-11
1.1283222034826725e-11
7.979579917385079e-12
5.914097169095299e-12
4.745431538916178e-12
4.108860860005368e-12
3.924451141874452e-12
4.144385041752269e-12
4.831398711262538e-12
6.128696205471424e-12
8.351139475264982e-12
1.2023406510565088e-11
1.79013978855878e-11
2.7397386973706705e-11
4.22212797262179e-11
6.51874860419531e-11
1.0023097222479594e-10
4.10627369745665e-10
2.028735139162765e-09
7.300854455188902e-09
2.713922244905163e-08
8.916968355263647e-08
2.3847648395660016e-07
1.8040518814384656e-12
6.636858203236887e-12
1.8572261767460932e-11
4.1096987943014667e-11
7.427437330384262e-11
1.1161399780686934e-10
1.4041883233666563e-10
1.463693249572318e-10
1.2222755782694234e-10
7.654504765724606e-11
3.162115103756883e-11
6.7974885238941705e-12
1.718234135858692e-07
8.67440679006576e-09
1.312084442364861e-10
8.40694740954612e-11
5.346079412671289e-11
3.3507395404598004e-11
2.106341162986948e-11
1.3209182627397453e-11
8.782148267805813e-12
5.778696835323218e-12
5.205894322964086e-07
4.600905855255909e-07
4.1997440796225894e-07
4.158677436782859e-07
4.219296275251248e-07
4.6443399165212925e-07
5.260622752653784e-07
6.235778307185491e-12
9.398958139018312e-12
1.4474873634294792e-11
2.3362841491077396e-11
3.784958174181834e-11
5.457904782151824e-11
7.026055112885495e-11
8.753511539371296e-11
1.08086074498498e-10
1.311693297630247e-10
1.5815800553146148e-10
1.8959335883642477e-10
2.2418036880008954e-10
2.682557622782681e-10
3.169032537368627e-10
3.7567336653131827e-10
4.403015546510535e-10
5.142924834157881e-10
5.907107057438333e-10
6.547888515670457e-10
7.109584970067718e-10
7.22492995709559e-10
6.908837235138282e-10
5.977308158843473e-10
