1.334189234949194e-07
2.131091089746897e-08
2.134988458910128e-08
2.1322139067251582e-08
2.125042196732857e-08
2.113218776390127e-08
2.087459553641881e-08
2.0595232712426364e-08
2.0201360532596466e-08
1.97529930494619e-08
1.9189231497337253e-08
1.8541287042567815e-08
1.784118524581088e-08
1.7033669212281855e-08
1.6153105639039523e-08
1.52065640609316e-08
1.4228773045413845e-08
1.3150215029414992e-08
1.2085706894061934e-08
1.0949265154950637e-08
9.89098186151544e-09
8.949948111881984e-09
8.174145368484784e-09
7.528285249411362e-09
6.982804677280447e-09
6.563414638328715e-09
6.227485564346195e-09
5.9709465700404774e-09
5.806107112681903e-09
5.700129217628552e-09
5.6853971265132224e-09
5.733173818107705e-09
5.8478217033802875e-09
6.052750228953609e-09
6.341700718706433e-09
6.707417583501005e-09
7.183225285572599e-09
7.766970653410622e-09
8.408156431904656e-09
9.164909693574386e-09
9.4847621533483e-09
9.251232504294686e-09
8.928091809882013e-09
8.543835436540651e-09
8.101540106103176e-09
7.557992751936806e-09
6.993901433974788e-09
6.371590124479404e-09
5.7249560433579705e-09
5.046644566509088e-09
4.388317769060701e-09
3.727331007371617e-09
3.095408368670086e-09
2.493440412106214e-09
1.957630649482934e-09
1.4836723277396917e-09
1.071679736502177e-09
7.344942398306933e-10
4.714223587741662e-10
2.782071799607486e-10
1.5170345523584348e-10
7.597386699725031e-11
3.880459400153746e-11
2.7110412652478832e-11
2.628876497654571e-11
2.7038059846556855e-11
2.7544007315808183e-11
2.7983942873455394e-11
2.7995384689234744e-11
2.7797318694367553e-11
2.7592363314018297e-11
2.7030263204634427e-11
2.640631763448196e-11
2.5571103099913164e-11
2.47606271191503e-11
2.37687359385507e-11
2.2667835185225703e-11
2.1481987546228872e-11
2.0219776574028302e-11
1.889681519135472e-11
1.7165965819509308e-11
1.5366496915938486e-11
1.387179272615861e-11
1.2732690779872306e-11
1.180998211177717e-11
1.1124527531929368e-11
1.0642670521921479e-11
1.0350116707082982e-11
1.020145483260448e-11
1.0263951649996557e-11
1.049999055188359e-11
1.0932757873892738e-11
1.153217632661443e-11
1.2404713964866868e-11
1.3501383252882817e-11
1.4953146526811972e-11
1.6741289446822474e-11
1.8966975632712175e-11
2.174212246595954e-11
2.516562433240633e-11
2.862732860771287e-11
3.1775723299699264e-11
3.502038694554949e-11
3.8519500289725175e-11
4.2088235981170135e-11
4.5825370136089494e-11
4.9701429135301537e-11
5.396894210825689e-11
5.813051850076355e-11
6.241890479986607e-11
6.710639642802165e-11
7.176682980176315e-11
7.621696152846023e-11
8.087803143872333e-11
8.507195508875444e-11
8.890028085900655e-11
9.270361025779561e-11
1.0276911685243096e-10
1.544452460842421e-10
3.3281589451325633e-10
7.229149104840529e-10
1.323103087670996e-09
2.0559382660907512e-09
2.804025145933217e-09
3.43319429594812e-09
3.816383404069011e-09
3.809352365480064e-09
3.3778387451256236e-09
2.55915687040292e-09
1.5595051785897815e-09
6.893826216656576e-10
2.5132259163604525e-10
2.3148094389709766e-10
2.5023899480550257e-10
2.557513559314342e-10
2.3987112012013904e-10
1.9712255553148859e-10
1.441940196258098e-10
1.565731212275089e-10
2.8478942257679624e-10
4.4228675580934055e-10
5.342598236904732e-10
5.215024271307359e-10
4.1734332067868756e-10
2.7702953055334097e-10
1.743452921519278e-10
1.8561652023197446e-10
2.662143010644653e-10
3.5151483375782183e-10
4.196589273466197e-10
4.689945186760769e-10
5.035911177541657e-10
7.735619941832896e-10
1.8766085962105084e-09
3.5462487954256398e-09
4.992122426894513e-09
5.385687469351446e-09
4.216649115058254e-09
2.2199003847166382e-09
1.1440843389792793e-09
1.5444429780266733e-09
2.385405055419632e-09
3.1444854118623858e-09
3.5641909248400722e-09
3.5336329217147116e-09
3.3217646214869364e-09
3.815226956273028e-09
5.515539956317912e-09
7.790666037253594e-09
9.891590902019772e-09
1.12643160876452e-08
1.166016497486581e-08
1.1045901877317037e-08
9.610621883051036e-09
7.680330066637115e-09
5.582534809791315e-09
3.6177604389969203e-09
2.0256364903244892e-09
9.16248181048827e-10
2.950328369961464e-10
1.3114324107004007e-10
1.2156065017651602e-10
1.1072339191873015e-10
9.919565560628351e-11
8.733870876069328e-11
7.515450069472445e-11
6.346821825719547e-11
5.229118899562091e-11
4.176493130813942e-11
3.2261803582124176e-11
2.3974480240091826e-11
1.6993943410430485e-11
1.1375436920492039e-11
7.0354170682777785e-12
3.9840357219086835e-12
1.937606112747233e-12
7.77560401400984e-13
2.1933209615602648e-13
1.0515730616950752e-07
