5.3609158690139595e-09
6.642046943713071e-09
6.7979850692030435e-09
6.959258933836296e-09
7.1495158347413895e-09
7.353130594045837e-09
7.577256569986744e-09
7.823973646913506e-09
8.094553027390763e-09
8.385155273828426e-09
8.710827873033928e-09
9.053360115537513e-09
9.421453569696936e-09
9.825070050109388e-09
1.0251421001650755e-08
1.0702086917310844e-08
1.1205350353724316e-08
1.172055371152419e-08
1.2266597419931538e-08
1.2866001425803786e-08
1.4806939241681135e-08
1.8458143498683373e-08
2.2626463385873435e-08
2.7140448683019024e-08
3.170931521497994e-08
3.5753676024218624e-08
3.8533522143842254e-08
3.9129899205048516e-08
3.691019344632117e-08
3.174703666387156e-08
2.4418404650858582e-08
1.6460232655289617e-08
9.467887586659376e-09
4.717166314144442e-09
2.6002457414113778e-09
2.127180291039609e-09
1.8055982217968369e-09
1.3243152063828552e-09
8.155480700735589e-10
4.1302543003832925e-10
2.2956816175751226e-10
1.6413398760868224e-10
1.1518452030059168e-10
8.182713558489149e-11
6.318491051055831e-11
5.8005975369395066e-11
6.051384561318521e-11
6.719534179581333e-11
7.413772353882531e-11
8.283923874181344e-11
9.198736140038086e-11
1.0326899847650712e-10
1.1790921685452772e-10
1.3766286526263094e-10
1.6340897326941958e-10
1.9949663552508124e-10
2.487336911903045e-10
3.157659610251562e-10
4.0461925703864844e-10
5.223207660972266e-10
6.022570858141455e-10
6.086927133465289e-10
5.963321988134825e-10
5.702971792509089e-10
5.257861462554327e-10
4.739442377310787e-10
4.106796069690156e-10
3.466561780357877e-10
2.7955474416934923e-10
2.1814216458711268e-10
1.619920451489709e-10
1.1476720517641615e-10
7.674599504368682e-11
4.929066820218385e-11
3.187000815717473e-11
2.448571901610743e-11
2.3832821117434886e-11
2.5253782111362853e-11
2.6826794880848966e-11
2.7837451364712194e-11
2.717558393718659e-11
2.524934942063875e-11
2.3407652456721117e-11
2.172269113798616e-11
2.034198140112238e-11
1.9290106361589476e-11
1.844435070543025e-11
1.7961688849418572e-11
1.7861214548100947e-11
1.8065926773543836e-11
1.8709063030397435e-11
1.964637152585136e-11
2.1191894856921534e-11
2.3109577065976468e-11
2.5771266551130944e-11
2.92045214825288e-11
3.356998793320096e-11
3.953982478223428e-11
4.723573642254347e-11
5.768428511781223e-11
7.969216152383448e-11
1.176547290300953e-10
1.612514517328518e-10
2.090402450976123e-10
2.565331700775167e-10
3.005993773387733e-10
3.3881015980478954e-10
3.6688941586506806e-10
3.861068635027508e-10
3.9356083668550207e-10
3.901355952469236e-10
3.7645146159352123e-10
3.531734719210717e-10
3.2105094976101727e-10
2.8204244215568133e-10
2.385188672720079e-10
1.9215490912672287e-10
1.4705383101816809e-10
1.0491402191982737e-10
6.90455147072246e-11
4.604697128044324e-11
3.390826078712196e-11
2.5294756276027866e-11
1.922723825561263e-11
1.5024782639962516e-11
1.2123193896664631e-11
1.0159730158273502e-11
8.934817927527867e-12
8.229822908374667e-12
8.02298439897758e-12
8.225592365808353e-12
8.93502591201814e-12
1.0175384577058233e-11
1.2137607085321108e-11
1.502442618387285e-11
1.9253840717323775e-11
2.5082016389548143e-11
3.3181381745392203e-11
4.396059631982957e-11
5.8063285331159555e-11
7.637083192373207e-11
1.0294627678500992e-10
1.6019242398754723e-10
3.003126324814635e-10
5.857875631612722e-10
1.0969536207678782e-09
1.9098198950856554e-09
3.1196533151577777e-09
4.798964485615993e-09
6.998871184282913e-09
9.739949116581745e-09
1.2993103016213667e-08
1.67688240060266e-08
2.0936207653636214e-08
2.5564773431669217e-08
3.050031625635264e-08
3.586121010719734e-08
4.1603192213728694e-08
4.7765892767823764e-08
5.4481062291088997e-08
