1.033926520577872e-08
1.603786779680938e-10
1.6230150614014365e-10
1.6450835727226886e-10
1.665211693269794e-10
1.6880764429742488e-10
1.7114346250015068e-10
1.7324965757410992e-10
1.756703183461634e-10
1.7814701580332487e-10
1.803631733025607e-10
1.8292833123251919e-10
1.852175115674965e-10
1.8788752896803932e-10
1.9026441396310004e-10
1.9270238024299397e-10
1.951959496012924e-10
1.9740777628561285e-10
1.9996397366943012e-10
2.0226627678848654e-10
2.010104546072046e-10
1.974975863035682e-10
1.949560512607783e-10
1.9332569654771536e-10
1.9324607652957994e-10
1.9413086000298828e-10
1.9660208110188777e-10
1.9976521783985826e-10
2.0468500284303044e-10
2.1039459674798246e-10
2.1802476630540877e-10
2.266562460495696e-10
2.3674212549102486e-10
2.480170927966578e-10
2.6065894749229427e-10
2.7446036101177315e-10
2.91599329383154e-10
3.2300662932182645e-10
4.2802423115808254e-10
7.706258575494493e-10
1.7577224185628153e-09
3.784346640557573e-09
6.413193491668518e-09
8.559464129263426e-09
8.884932079953969e-09
6.845764148742274e-09
3.563812976252143e-09
1.483223081054887e-09
1.316485141565119e-09
1.2813573556928174e-09
1.133007830528595e-09
8.805419209564628e-10
5.874774590300889e-10
3.382361911176968e-10
2.3381591667053046e-10
2.43358385944657e-10
2.328674508151706e-10
1.7754872869474257e-10
1.0434268349898469e-10
4.586146633122093e-11
2.3082126252133235e-11
1.7155564795120424e-11
1.2275476578020528e-11
8.536996225840195e-12
5.7704026161024096e-12
3.767575711194246e-12
2.42788877390009e-12
1.546661861840936e-12
9.988011551155553e-13
6.869038481536415e-13
5.440106811721147e-13
4.98308768119514e-13
4.96226859176643e-13
5.150007033743969e-13
5.406022006822158e-13
5.719129522246827e-13
6.186162817742848e-13
6.722449054945328e-13
7.324208215554275e-13
8.141366863374218e-13
7.617259964108465e-13
7.235326863964839e-13
1.2025679076299198e-12
2.1018569719782886e-12
3.2136549291312495e-12
4.311555891253126e-12
5.686080952610889e-12
7.000935442171301e-12
8.398244753039084e-12
1.016473346048958e-11
1.2210030928033735e-11
1.4563610517510725e-11
1.750890364396723e-11
2.0899819256588013e-11
2.511621658584465e-11
2.9978143350071175e-11
3.556667311554456e-11
4.099058168803472e-11
4.601793842145713e-11
4.87359130070231e-11
4.825394059322886e-11
4.616295898116278e-11
4.113191511310728e-11
3.604882074679474e-11
2.9859598939371476e-11
2.4508136658764434e-11
1.939731449757806e-11
1.5258933733662185e-11
1.2081716145494881e-11
9.838465670044033e-12
8.776859094770555e-12
8.403363347001599e-12
8.547680333297835e-12
8.905500159494222e-12
9.47646738742137e-12
1.0135979016620086e-11
1.0854144651271559e-11
1.1876590444253833e-11
1.3471646225128611e-11
1.6758452799379018e-11
2.3160960030902546e-11
3.3178399924633574e-11
4.5992438626839335e-11
6.10380306902231e-11
7.682975037252257e-11
9.308776536368162e-11
1.078595672826397e-10
1.176657617037506e-10
1.2352650616478906e-10
1.2028094481013325e-10
1.0966206392951278e-10
9.190565869327625e-11
7.055177028968478e-11
5.334156778819086e-11
4.880225528610747e-11
5.398617247010865e-11
6.201221507427246e-11
7.041776699860014e-11
7.836573811471847e-11
8.506120007162173e-11
8.978483515380954e-11
9.252928898385978e-11
9.183486071784495e-11
8.928760817568935e-11
9.047023210006148e-11
1.0392202190965162e-10
1.3808280673008295e-10
1.938159402134663e-10
2.6920966090684356e-10
3.631584223845077e-10
4.730896839394139e-10
5.980293230941333e-10
7.349131823933834e-10
8.832620825428919e-10
1.0391803785717463e-09
1.2010285810714301e-09
1.3637263850820062e-09
1.5124468843793934e-09
1.6383092658468384e-09
1.712671366319767e-09
2.3586188795239305e-09
3.783634449831336e-09
5.176744118794182e-09
6.407142985582376e-09
7.52469013599396e-09
8.675937534991931e-09
9.936591010370918e-09
1.1380294500532515e-08
1.3155817083023748e-08
1.5601924627058526e-08
1.8735324643137134e-08
2.196842235855911e-08
2.4067418801269564e-08
2.3685001515194506e-08
2.0232714279337108e-08
1.4580930057021533e-08
8.558628189170558e-09
3.899988465277738e-09
1.2605338643790123e-09
2.2352292303965024e-10
4.722093331268107e-11
2.85289862618301e-11
1.6809391574733124e-11
9.96482060951863e-12
5.856011472832303e-12
3.512603899750368e-12
2.1594619860249436e-12
1.3788215966247096e-12
9.240736786095018e-13
6.750137455544685e-13
5.245250471660605e-13
4.4791169155798155e-13
4.095705017131956e-13
4.161635068309773e-13
4.508886356166654e-13
5.343379574202035e-13
7.076105611914204e-13
1.0631395976596793e-12
1.7405488461480455e-12
2.9620636325187463e-12
4.41215427406406e-12
5.599024175388386e-12
6.848018484460843e-12
8.040578666332421e-12
9.126223759110192e-12
1.0194561362882773e-11
1.3051813182308698e-11
2.4129518859072246e-11
5.028874887428758e-11
9.962689000589702e-11
1.7964190541752197e-10
3.0039091463935533e-10
4.697784268877946e-10
6.969279658995802e-10
9.867843699318552e-10
1.3447217957065673e-09
1.7681212973040398e-09
2.2733555031291646e-09
2.850939113596025e-09
3.511757134350967e-09
6.002949478764376e-09
1.2368677519061538e-08
2.2058699872746676e-08
3.530905188392139e-08
5.2276701342941346e-08
7.258833984386093e-08
9.552100734429467e-08
1.1992843375344178e-07
1.4424680904852506e-07
1.666712475050155e-07
1.8505830379407529e-07
1.9701483013437012e-07
2.0080977994846427e-07
1.9498324594772238e-07
1.791744267987777e-07
1.5491238959911404e-07
1.247675858584887e-07
9.245338097925098e-08
6.1952767987977e-08
3.650540740370573e-08
2.512934737843566e-08
2.2663143609086065e-08
2.0635475171168463e-08
1.907834178898826e-08
1.777417117692022e-08
1.6741131759458505e-08
1.5998364393932394e-08
1.533585766062538e-08
1.4818109307748407e-08
1.4378410896205663e-08
1.398427764032596e-08
1.3571727943036348e-08
1.3141203776675559e-08
1.2693682100787544e-08
1.2106244217903192e-08
1.1446085920540085e-08
1.0749837521809482e-08
9.910891976089223e-09
9.030100126545171e-09
8.071857786454587e-09
7.016983409134736e-09
5.949810033929508e-09
5.027281754951044e-09
4.218317370670551e-09
3.5709921285881016e-09
3.032569675582721e-09
2.575716338553329e-09
2.2211640660686702e-09
1.9227662447900017e-09
1.6643827413029844e-09
1.44166633432435e-09
1.2505031934078533e-09
1.061893913911433e-09
8.802644861974656e-10
6.865476668823909e-10
4.864936284554327e-10
2.99560579835074e-10
1.3832631116693404e-10
3.680683903949368e-11
7.803962223967651e-12
8.748401607115636e-12
8.353511089021484e-12
7.248629001793556e-12
5.846077619123461e-12
4.7518000857217794e-12
5.055696177649214e-12
7.054143193173092e-12
1.0009125172733029e-11
1.3414758191218656e-11
1.6847273719603003e-11
2.0244453067842247e-11
2.3592693189087323e-11
2.6745756201445887e-11
2.9766823760036616e-11
3.2950727465656866e-11
3.606468168452186e-11
3.9640249940543744e-11
4.3240166692411574e-11
4.6961316942227014e-11
5.0639648152384546e-11
5.619512313894936e-11
6.370356404351977e-11
6.947914585720187e-11
7.398137344104975e-11
7.620626424885031e-11
7.716470294773948e-11
7.660813033308843e-11
7.499704781242155e-11
7.2553344554463e-11
6.996045376606799e-11
6.755574654222215e-11
6.532006059909959e-11
6.332735687822464e-11
6.192002771793416e-11
6.051181801341194e-11
5.968067718247376e-11
5.889678312384885e-11
5.84315914726157e-11
5.799119832862787e-11
5.78714531066866e-11
6.18710555649002e-11
7.033574099391079e-11
7.864467555186039e-11
8.623604800859097e-11
9.283990495105874e-11
9.870075453965086e-11
1.0286641885825041e-10
1.0559739433208565e-10
1.0687935302955964e-10
1.0603945807801314e-10
1.0364163457836621e-10
9.972950157244117e-11
9.416735638334133e-11
8.767488164901842e-11
8.036997913965735e-11
7.186168181999442e-11
6.343313906610409e-11
5.475065872191633e-11
4.635554858598683e-11
3.8406836898658584e-11
3.032502201096599e-11
2.345512948180053e-11
1.8728340846124513e-11
1.5362811875868244e-11
1.2941264053651066e-11
1.1356849286206266e-11
1.0247506433029957e-11
9.60903298776442e-12
9.47947954016836e-12
9.625138848160447e-12
1.0239937193148911e-11
1.1289364143487964e-11
1.3042527631330336e-11
1.5519188674736122e-11
1.919822302845088e-11
2.4340636904801405e-11
3.205773273216869e-11
4.3119308305748886e-11
5.925789286899688e-11
8.299532740768926e-11
1.1781357803408547e-10
1.63452820497214e-10
2.2192912427044e-10
2.938652769219255e-10
3.7949914214566606e-10
4.821583246303516e-10
5.987031956930764e-10
7.310683725592836e-10
8.780273392613005e-10
1.0358208189019702e-09
1.2095925199556108e-09
1.391431003259005e-09
1.5827835309726122e-09
1.7846728176597914e-09
1.992858104798904e-09
2.2082949456449606e-09
2.438539189519746e-09
2.6738851527767682e-09
2.9232113267420803e-09
