1.2239481017331925e-07
3.592715528834241e-11
5.388619215382736e-11
7.689426462334371e-11
1.0527254861768356e-10
1.4062762477800838e-10
1.8145081669390564e-10
2.3027674601117898e-10
2.8447285578386163e-10
3.4738383799293407e-10
4.150361671388314e-10
4.898485419310674e-10
5.717837315436778e-10
6.5847850456617e-10
7.514389628674365e-10
8.476111931544855e-10
9.457526037944906e-10
1.0510055959262311e-09
1.1529573680473533e-09
1.2606188172663532e-09
1.6729319622995306e-09
2.5626839857334908e-09
3.68762225528199e-09
5.0248624076620155e-09
6.558630327343571e-09
8.236256911128305e-09
1.0018194581448757e-08
1.1842192617733086e-08
1.3635156471426298e-08
1.528893891081806e-08
1.6771060550815455e-08
1.7908809602185276e-08
1.867878806079548e-08
1.9050905864037265e-08
1.887674276201418e-08
1.826987577284161e-08
1.7071434050201314e-08
1.5493756300282912e-08
1.3492058624636755e-08
1.1275080617255096e-08
1.1059963286998939e-08
1.2911359742054401e-08
1.471589670172223e-08
1.639397921565139e-08
1.7786266535555914e-08
1.8874957850288768e-08
1.9585330457230075e-08
1.976651706634509e-08
1.9501707592880156e-08
1.864640964529632e-08
1.7304378725527006e-08
1.5453150170185778e-08
1.3309425000647067e-08
1.0927449678668586e-08
8.446900184303421e-09
6.1223134323511206e-09
4.044920978387899e-09
2.3826166060146452e-09
1.1886709347662358e-09
4.628470452616076e-10
2.1707665416836492e-10
1.6208159704567015e-10
1.210437098054618e-10
9.066611477478344e-11
6.834170412013178e-11
5.142793241434287e-11
3.921451054837463e-11
3.088233652327212e-11
2.4597676136151978e-11
2.0192196080373122e-11
1.7466078710505327e-11
1.5257086922745608e-11
1.3948327949140854e-11
1.3630998600412188e-11
1.3781575891262055e-11
1.467146418842251e-11
1.6138185851565798e-11
1.8612024246238207e-11
2.1720819899279725e-11
2.6783330118428334e-11
2.9194583966489273e-11
2.7901199598558718e-11
2.6637139326023462e-11
2.4640378972905945e-11
2.309484376740124e-11
2.1266168860015013e-11
1.889817590119786e-11
1.6708982377976656e-11
1.470105718788522e-11
1.2396247402150785e-11
1.0357108222994981e-11
8.391629713032738e-12
6.562935514887635e-12
5.041202452044061e-12
3.792092438755658e-12
2.636363670697174e-12
1.8172751253879777e-12
1.162977784057432e-12
7.018186575334872e-13
3.7509522906513525e-13
1.6939701450976907e-13
6.33477402535502e-14
2.5924747695296696e-14
1.2290173897156933e-14
8.0202087894643e-15
6.500495652164646e-15
5.9993148609410945e-15
6.328879885997835e-15
6.5509038607519e-15
7.105698402974442e-15
8.326765202760072e-15
9.99216141807894e-15
1.3101160917557877e-14
1.7541633581358942e-14
2.342677458218618e-14
3.2196766802994825e-14
4.5408639152299056e-14
6.361656644071335e-14
9.048394701888224e-14
1.2967453642367665e-13
2.733374230197184e-13
6.893430240651599e-13
1.4458521858286216e-12
2.641125479378322e-12
4.433371125366779e-12
6.897981141737055e-12
1.0147185147687679e-11
1.4324537605695761e-11
1.9480352510549878e-11
2.5612261914477848e-11
3.281368779980315e-11
4.120136893773408e-11
5.0489797020077177e-11
6.094365850040763e-11
7.229950554576045e-11
8.47515845590992e-11
9.790941577265396e-11
1.1227724667544009e-10
1.271204706068019e-10
1.4253385058308585e-10
3.117418878469741e-10
9.176418501992859e-10
1.9778443009195287e-09
3.5060623270852865e-09
5.424594738883237e-09
7.573713828284565e-09
9.733185756641993e-09
1.1660134472587858e-08
1.30889082780582e-08
1.384758584784741e-08
1.3793980252483799e-08
1.2906269523847473e-08
1.1277711232862805e-08
9.119713744249876e-09
6.71460332426148e-09
4.393284946957066e-09
2.445324363070269e-09
1.0755129535844253e-09
3.1633024499806227e-10
3.984073555951939e-11
6.019449640808141e-12
5.2073199291781495e-12
4.434597338396935e-12
3.729158005315391e-12
3.094213156809975e-12
2.5255568704451617e-12
2.0027467937686827e-12
1.5650941210367569e-12
1.192610606757772e-12
8.717546061397148e-13
6.202863345088882e-13
4.1489363176910136e-13
2.6845459040713536e-13
1.5876335065289586e-13
8.648728662583631e-14
4.041244216427712e-14
1.5432599235216085e-14
4.552083639131771e-15
1.617149063458472e-08
1.799435089961471e-09
