0.0 -0.0005514786124663642 0.0 0.4965579110688223 0.0 0.014123343535350484 0.01412334353225694 0.01412334336906744 0.01412334359092556 1.5524735600995327 0.0 -5.602149711892365e-06 0.00374269888620852 0.0 0.0
0.0 -0.0003602011748283776 0.0 0.5059923508450813 0.0 0.014624550321572559 0.014624550321572552 0.014624550323822245 0.014624550321609541 1.5524735588948966 0.0 -5.602146496115839e-06 0.0037426988862132816 0.0 0.0
0.0 -0.00017400954209013616 0.0 0.5152595250733878 0.0 0.01513999390350289 0.015139993903502897 0.015139993903414726 0.01513999385633996 1.5524735588948966 0.0 -5.60214649771832e-06 0.0037426988862132794 0.0 0.0
0.0 5.683588703398435e-06 0.0 0.5243243074491557 0.0 0.015677366903414983 0.01567736690341499 0.015677366899199543 0.01567736690339682 1.5524735588948966 0.0 -5.602146495779995e-06 0.0037426988862132807 0.0 0.0
0.0 0.00017755178040822667 0.0 0.5331505938896454 0.0 0.016242862491335927 0.01624286249133592 0.016242862647852626 0.016242862647608283 1.5524735588948966 0.0 -5.602146495872764e-06 0.0037426988862132816 0.0 0.0
0.0 0.00034041027434990204 0.0 0.5417013137515803 0.0 0.016840422155080456 0.016840422155080463 0.016840422176126885 0.01684042217610948 1.5524735588948966 0.0 -5.602146496031942e-06 0.003742698886213284 0.0 0.0
0.0 0.0004932385589250685 0.0 0.5499424159956713 0.0 0.01747274157061692 0.01747274157352335 0.017472741573523354 0.01747274162222789 1.5524735588948966 0.0 -5.602146498050032e-06 0.0037426988862132794 0.0 0.0
0.0 0.0006351889890042398 0.0 0.5578378939761106 0.0 0.018139513069435117 0.018139513069470925 0.01813951306947088 0.018139513041073193 1.5524735588948966 0.0 -5.602146498044422e-06 0.003742698886213279 0.0 0.0
0.0 0.0007655597514518138 0.0 0.5653547569035097 0.0 0.01883943349205046 0.018839433492050462 0.018839433492417824 0.01883943349241691 1.5524735588948966 0.0 -5.602146496349621e-06 0.0037426988862132833 0.0 0.0
0.0 0.0008839606008217691 0.0 0.5724630635730599 0.0 0.01956795408933888 0.019567954089338858 0.01956795408933739 0.019567954089357853 1.5524735588948966 0.0 -5.6021464963024765e-06 0.003742698886213282 0.0 0.0
0.0 0.0009901301972118077 0.0 0.579132899012976 0.0 0.020318775821579056 0.020318775821579062 0.020318775821521397 0.020318775752990088 1.5524735588948966 0.0 -5.6021464963560836e-06 0.003742698886213282 0.0 0.0
0.0 0.001084080449629002 0.0 0.5853403762167237 0.0 0.02108385894632751 0.021083858946327517 0.021083858946337262 0.02108385894267055 1.5524735588948966 0.0 -5.6021464964660056e-06 0.0037426988862132877 0.0 0.0
0.0 0.0011660299864569453 0.0 0.5910656318180343 0.0 0.021853670008162896 0.021853670008162903 0.021853670008159576 0.0218536700081606 1.5524735588948966 0.0 -5.6021464964849825e-06 0.003742698886213284 0.0 0.0
0.0 0.0012364225705337772 0.0 0.5962928298384823 0.0 0.022616931638824507 0.022616931638824504 0.02261693163853589 0.022616931638308014 1.5524735588948966 0.0 -5.602146496527487e-06 0.0037426988862132825 0.0 0.0
0.0 0.0012958662117683306 0.0 0.6010091539036301 0.0 0.023361121104391865 0.02336112110439183 0.023361121105225414 0.023361121105222878 1.5524735588948966 0.0 -5.602146496533478e-06 0.003742698886213281 0.0 0.0
0.0 0.0013452038501991007 0.0 0.6052107939849579 0.0 0.024073480068882817 0.02407348006888282 0.024073480068909775 0.024073480068914643 1.5524735588948966 0.0 -5.6021464983115896e-06 0.0037426988862132907 0.0 0.0
0.0 0.0013853096138692074 0.0 0.6088929510079654 0.0 0.0247404984763793 0.024740498476379297 0.02474049847637931 0.024740498476360097 1.5524735588948966 0.0 -5.602146496539143e-06 0.0037426988862132838 0.0 0.0
0.0 0.0014172260314165798 0.0 0.6120578279190869 0.0 0.0253486774955044 0.025348677495504405 0.025348677495049755 0.025348677504051193 1.5524735588948966 0.0 -5.6021464965249785e-06 0.003742698886213282 0.0 0.0
0.0 0.0014418922717919218 0.0 0.614705615844623 0.0 0.02588526520978843 0.025885265209788438 0.025885265209220368 0.025885265206054137 1.5524735588948966 0.0 -5.602146496516996e-06 0.003742698886213285 0.0 0.0
0.0 0.0014603677900853528 0.0 0.6168415073544007 0.0 0.026337517704163954 0.026337517704163906 0.026337517703619764 0.026337517704075525 1.5524735588948966 0.0 -5.602146496487306e-06 0.003742698886213281 0.0 0.0
0.0 0.0014747053722318638 0.0 0.6186331462128056 0.0 0.02673270845249536 0.02673270845249536 0.026732708451891265 0.02673270845249537 1.5524735588948966 0.0 -5.6021464964791e-06 0.0037426988862132833 0.0 0.0
0.0 0.0014863839595130968 0.0 0.6202540317610473 0.0 0.027107872014657423 0.027107872014657426 0.02710787201544569 0.027107872015040602 1.5524735588948966 0.0 -5.602146496461727e-06 0.003742698886213281 0.0 0.0
0.0 0.0014953934439009252 0.0 0.6217121250854463 0.0 0.027465771635201 0.02746577163520127 0.027465771634645867 0.027465771635257322 1.5524735588948966 0.0 -5.602146496482076e-06 0.003742698886213281 0.0 0.0
0.0 0.0015019063795162408 0.0 0.6230184106238845 0.0 0.027807675139427546 0.027807675139427546 0.027807675139427546 0.02780767514290125 1.5524735588948966 0.0 -5.602146496450308e-06 0.0037426988862132803 0.0 0.0
0.0 0.001506082547552182 0.0 0.6241848656077998 0.0 0.0281353520388342 0.028135352038834185 0.02813535203883508 0.028135352032147676 1.5524735588948966 0.0 -5.6021464964584975e-06 0.0037426988862132816 0.0 0.0
0.0 0.0015081426165851962 0.0 0.6252244750524849 0.0 0.028450073359669526 0.028450073359669495 0.028450073359669578 0.02845007336234061 1.5524735588948966 0.0 -5.602146496460549e-06 0.003742698886213282 0.0 0.0
0.0 0.001508325670269196 0.0 0.626150227720806 0.0 0.028752860106729537 0.028752860106757705 0.028752860106793763 0.02875286010676474 1.5524735588948966 0.0 -5.602146496456504e-06 0.0037426988862132794 0.0 0.0
0.0 0.001506797131948423 0.0 0.6269750973853306 0.0 0.029045733424327282 0.029045733424706763 0.029045733423985497 0.029045733423985594 1.5524735588948966 0.0 -5.602146496448324e-06 0.0037426988862132825 0.0 0.0
0.0 0.00150377202804862 0.0 0.6277110725202217 0.0 0.029329712706215358 0.02932971270620389 0.029329712706200814 0.029329712706200554 1.5524735588948966 0.0 -5.602146496435259e-06 0.003742698886213281 0.0 0.0
0.0 0.0014993067800748712 0.0 0.6283681185367829 0.0 0.02960731436522311 0.02960731436525112 0.029607314365253823 0.02960731436525112 1.5524735588948966 0.0 -5.602146496417485e-06 0.0037426988862132825 0.0 0.0
0.0 0.0014935186969156423 0.0 0.6289572086301728 0.0 0.029880556342086643 0.029880556342086643 0.029880556342150037 0.029880556342072692 1.5524735588948966 0.0 -5.6021464964472285e-06 0.003742698886213281 0.0 0.0
0.0 0.0014863920283918364 0.0 0.6294853073455806 0.0 0.03015195023875894 0.030151950238758017 0.030151950238758964 0.030151950238758014 1.5524735588948966 0.0 -5.602146496423304e-06 0.003742698886213282 0.0 0.0
0.0 0.0014778926092473995 0.0 0.6299593754806225 0.0 0.030424257694932497 0.03042425769493249 0.03042425769493262 0.030424257694932493 1.5524735588948966 0.0 -5.602146496447566e-06 0.0037426988862132816 0.0 0.0
0.0 0.00146789004531439 0.0 0.6303823726780925 0.0 0.030700233936314887 0.030700233936314884 0.03070023393630842 0.03070023393568518 1.5524735588948966 0.0 -5.602146496417344e-06 0.003742698886213279 0.0 0.0
0.0 0.0014562171122696214 0.0 0.6307572510856373 0.0 0.030983134263721006 0.030983134263756464 0.030983134262575183 0.03098313426354677 1.5524735588948966 0.0 -5.602146496369548e-06 0.003742698886213279 0.0 0.0
0.0 0.0014426103568782878 0.0 0.6310829616960824 0.0 0.03127620756356993 0.03127620756356991 0.031276207563569934 0.031276207563135705 1.5524735588948966 0.0 -5.602146496401727e-06 0.0037426988862132807 0.0 0.0
0.0 0.0014267525692988011 0.0 0.6313554583837144 0.0 0.03158244787494996 0.03158244787494995 0.03158244787494742 0.031582447874303456 1.5524735588948966 0.0 -5.602146496416355e-06 0.003742698886213282 0.0 0.0
0.0 0.001408193480623431 0.0 0.6315666863728501 0.0 0.031905342897167274 0.03190534289716727 0.03190534289715207 0.03190534289686603 1.5524735588948966 0.0 -5.6021464964269785e-06 0.003742698886213282 0.0 0.0
0.0 0.0013864234231864456 0.0 0.6317045972281347 0.0 0.03224787384055103 0.032247873840551014 0.03224787384055933 0.03224787384018059 1.5524735588948966 0.0 -5.602146496381316e-06 0.0037426988862132816 0.0 0.0
0.0 0.0013608492733378748 0.0 0.6317521485658395 0.0 0.032612513822000304 0.03261251382200031 0.03261251382199528 0.03261251382139195 1.5524735588948966 0.0 -5.602146496384039e-06 0.0037426988862132825 0.0 0.0
0.0 0.0013327250573237886 0.0 0.6316936693008167 0.0 0.032976983828482236 0.03297698382848222 0.03297698382815064 0.032976983825292905 1.5524735588948966 0.0 -5.602146496380295e-06 0.003742698886213281 0.0 0.0
0.0 0.0013040746326853235 0.0 0.6315454975864794 0.0 0.033319056158300046 0.03331905615830012 0.033319056158769324 0.0333190561545443 1.5524735588948966 0.0 -5.602146496372102e-06 0.003742698886213282 0.0 0.0
0.0 0.001275122821523663 0.0 0.6313246008550661 0.0 0.03364125844943882 0.03364125844943881 0.03364125845003361 0.033641258446704875 1.5524735588948966 0.0 -5.602146496359595e-06 0.003742698886213283 0.0 0.0
0.0 0.0012459373296448625 0.0 0.6310429376001432 0.0 0.03394661039642983 0.03394661039642984 0.03394661039881301 0.033946610396427164 1.5524735588948966 0.0 -5.6021464963984115e-06 0.003742698886213282 0.0 0.0
0.0 0.0012164528037884117 0.0 0.6307084576653067 0.0 0.034238625357106915 0.03423862535710694 0.034238625361678675 0.034238625357106894 1.5524735588948966 0.0 -5.6021464963806035e-06 0.0037426988862132807 0.0 0.0
0.0 0.0011865444919368748 0.0 0.6303251172344821 0.0 0.034520310198509076 0.03452031019850916 0.03452031020197391 0.034520310198509166 1.5524735588948966 0.0 -5.60214649635905e-06 0.003742698886213282 0.0 0.0
0.0 0.0011559970553110862 0.0 0.6298938678779051 0.0 0.03479491701429133 0.034794917014291334 0.03479491701429104 0.03479491701426896 1.5524735588948966 0.0 -5.602146496389983e-06 0.0037426988862132807 0.0 0.0
0.0 0.0011244989262204131 0.0 0.6294116600109927 0.0 0.03506569148260815 0.035065691482608144 0.03506569148260816 0.03506569148293646 1.5524735588948966 0.0 -5.602146496363422e-06 0.003742698886213281 0.0 0.0
0.0 0.001091775367128785 0.0 0.62887545154431 0.0 0.035335379208868596 0.03533537920886858 0.035335379208870275 0.035335379208838384 1.5524735588948966 0.0 -5.602146496388992e-06 0.0037426988862132825 0.0 0.0
0.0 0.0010574554115883002 0.0 0.6282781992336023 0.0 0.03560671938290336 0.03560671938290325 0.03560671938290326 0.03560671938287773 1.5524735588948966 0.0 -5.6021464963556854e-06 0.0037426988862132825 0.0 0.0
0.0 0.0010211865082286374 0.0 0.6276128635821895 0.0 0.03588220115637211 0.03588220115637211 0.03588220115637211 0.035882201159586846 1.5524735588948966 0.0 -5.602146496374087e-06 0.0037426988862132816 0.0 0.0
0.0 0.0009825567069222693 0.0 0.6268684114337205 0.0 0.03616380719325912 0.036163807193259116 0.03616380719325864 0.036163807198085283 1.5524735588948966 0.0 -5.6021464963304074e-06 0.0037426988862132816 0.0 0.0
0.0 0.0009411412846148705 0.0 0.6260348024253999 0.0 0.036454021835727636 0.03645402183572764 0.03645402183572638 0.03645402183887459 1.5524735588948966 0.0 -5.60214649634049e-06 0.0037426988862132816 0.0 0.0
0.0 0.0008965778942611633 0.0 0.6251000181024714 0.0 0.036753825991577914 0.036753825991577914 0.03675382599197685 0.03675382599155203 1.5524735588948966 0.0 -5.6021464963437465e-06 0.0037426988862132807 0.0 0.0
0.0 0.0008484064712775261 0.0 0.6240510247311736 0.0 0.03706519911566135 0.037065199115661356 0.037065199115504315 0.0370651991156405 1.5524735588948966 0.0 -5.602146496340743e-06 0.003742698886213282 0.0 0.0
0.0 0.0007962406113904871 0.0 0.6228748035680424 0.0 0.03738912051305613 0.03738912051305612 0.0373891205134809 0.03738912051303497 1.5524735588948966 0.0 -5.602146496329899e-06 0.003742698886213282 0.0 0.0
0.0 0.0007396754952491074 0.0 0.6215583321220421 0.0 0.03772681952672226 0.03772681952672225 0.037726819527082234 0.03772681952673842 1.5524735588948966 0.0 -5.602146496309369e-06 0.0037426988862132803 0.0 0.0
0.0 0.0006782935305753926 0.0 0.620089580695691 0.0 0.038080027178058175 0.03808002717805981 0.038080027178212045 0.038080027178068875 1.5524735588948966 0.0 -5.602146496278558e-06 0.0037426988862132816 0.0 0.0
0.0 0.0006117380124742234 0.0 0.6184575273753607 0.0 0.03844997601651968 0.03844997601651968 0.03844997601690082 0.03844997601653704 1.5524735588948966 0.0 -5.602146496302603e-06 0.003742698886213282 0.0 0.0
0.0 0.0005396139172700647 0.0 0.6166541286280934 0.0 0.038839403628803205 0.038839403628803205 0.03883940362906763 0.0388394036290417 1.5524735588948966 0.0 -5.602146496314443e-06 0.003742698886213281 0.0 0.0
0.0 0.0004550282709084959 0.0 0.6145047833257673 0.0 0.039284786542885246 0.039284786542885246 0.039284786543211804 0.03928478654319955 1.5524735588948966 0.0 -5.602146496245973e-06 0.003742698886213282 0.0 0.0
0.0 0.0003519506307242275 0.0 0.6118410382278983 0.0 0.03981285943707274 0.03981285943707274 0.0398128594373852 0.039812859437375225 1.5524735588948966 0.0 -5.602146496217858e-06 0.0037426988862132846 0.0 0.0
0.0 0.00023119987952739289 0.0 0.6086580830172625 0.0 0.04041086237010726 0.04041086237010737 0.040410862370108235 0.04041086237011764 1.5524735588948966 0.0 -5.6021464962098975e-06 0.003742698886213282 0.0 0.0
0.0 9.371518626851776e-05 0.0 0.604956108820161 0.0 0.04106604343820383 0.041066043438203824 0.0410660433989795 0.04106604339682495 1.5524735588948966 0.0 -5.6021464974625254e-06 0.0037426988862132803 0.0 0.0
0.0 -5.9557149325683714e-05 0.0 0.6007333174282072 0.0 0.04176489733679947 0.04176489733679947 0.04176489733754278 0.041764897337533455 1.5524735588948966 0.0 -5.6021464961796635e-06 0.003742698886213284 0.0 0.0
0.0 -0.00022750242693286046 0.0 0.5959949126539517 0.0 0.042493930107716564 0.04249393010771658 0.042493930110351255 0.04249393010772354 1.5524735588948966 0.0 -5.602146496163062e-06 0.0037426988862132816 0.0 0.0
0.0 -0.00040908524869089693 0.0 0.5907450867785148 0.0 0.043240396222022026 0.043240396222019674 0.04324039622205528 0.04324039622273898 1.5524735588948966 0.0 -5.6021464961591e-06 0.0037426988862132816 0.0 0.0
0.0 -0.0006030721167631355 0.0 0.5849970309337871 0.0 0.043991814638787645 0.043991814638787645 0.043991814638871175 0.0439918146387848 1.5524735588948966 0.0 -5.602146496156815e-06 0.0037426988862132894 0.0 0.0
0.0 -0.0008082494370162993 0.0 0.5787669183799022 0.0 0.044736959317072895 0.0447369593170729 0.0447369593170729 0.044736959318941935 1.5524735588948966 0.0 -5.602146496158993e-06 0.0037426988862132846 0.0 0.0
0.0 -0.0010234362919475952 0.0 0.5720748972987918 0.0 0.04546636089321511 0.04546636089322655 0.04546636089322656 0.04546636090423946 1.5524735588948966 0.0 -5.602146496175933e-06 0.0037426988862132825 0.0 0.0
0.0 -0.0012474660256071171 0.0 0.5649450945417595 0.0 0.046172056652222834 0.04617205665212236 0.04617205665222284 0.04617205665213091 1.5524735588948966 0.0 -5.602146496184269e-06 0.003742698886213282 0.0 0.0
0.0 -0.0014791565442189621 0.0 0.5574076124593175 0.0 0.04684784374947508 0.04684784374948417 0.04684784374948417 0.046847843749484176 1.5524735588948966 0.0 -5.602146496223338e-06 0.003742698886213287 0.0 0.0
0.0 -0.0017174546595495799 0.0 0.549492527168957 0.0 0.04748926961504816 0.047489269615048166 0.047489269615503794 0.04748926961550505 1.5524735588948966 0.0 -5.602146496223748e-06 0.0037426988862132825 0.0 0.0
0.0 -0.001961474407688566 0.0 0.5412328669358152 0.0 0.04809513697397222 0.048095136990804546 0.04809513697322269 0.04809513697362908 1.5524735588948966 0.0 -5.602146497443745e-06 0.003742698886213279 0.0 0.0
0.0 -0.002210331313351078 0.0 0.5326646459008445 0.0 0.04866525352694495 0.04866525352694794 0.0486652535275679 0.04866525352745438 1.5524735588948966 0.0 -5.602146496354608e-06 0.0037426988862132833 0.0 0.0
0.0 -0.002463409996638301 0.0 0.5238218326566957 0.0 0.04920242423864678 0.04920242423864677 0.04920242416957031 0.04920242414765764 1.5524735588948966 0.0 -5.602146496609125e-06 0.003742698886213281 0.0 0.0
0.0 -0.002720114981353774 0.0 0.5147413779242588 0.0 0.04971070893355666 0.04971070893355666 0.049710708919893945 0.04971070891989055 1.5524735588948966 0.0 -5.602146496694088e-06 0.003742698886213284 0.0 0.0
0.0 -0.002980040584227304 0.0 0.5054591984075516 0.0 0.05019641641287005 0.05019641641287003 0.05019641641287004 0.05019641628957541 1.5524735588948966 0.0 -5.602146496901446e-06 0.003742698886213281 0.0 0.0
0.0 -0.0032429156696804212 0.0 0.4960101880364325 0.0 0.05066735386118045 0.05066735386118045 0.05066735386118046 0.050667353848054174 1.5524735588948966 0.0 -5.6021464966942115e-06 0.0037426988862132846 0.0 0.0
0.0 -0.00350857959260008 0.0 0.4864292182553267 0.0 0.051132828880466184 0.05113282888051623 0.05113282888051624 0.05113282885408361 1.5524735588948966 0.0 -5.602146497044035e-06 0.0037426988862132786 0.0 0.0
