0.0 -0.0008655850058123927 0.0 0.4820140078131176 0.0 0.013613194095047347 0.013613194095047366 0.013613193904877974 0.013613194109316658 1.552473560473504 0.0 -5.6021507103739825e-06 0.003742698886207554 0.0 0.0
0.0 -0.0008626244902578448 0.0 0.4820852831132078 0.0 0.013596302247226074 0.013596302247226076 0.013596302247227783 0.013596302247227786 1.5524735588949026 0.0 -5.602146496400577e-06 0.0037426988862132053 0.0 0.0
0.0 -0.0008577063222304109 0.0 0.48220672653213253 0.0 0.013569242164704788 0.013569242164704787 0.013569242164702422 0.013569242164706216 1.5524735588949063 0.0 -5.602146496415683e-06 0.0037426988862131836 0.0 0.0
0.0 -0.0008509775952460695 0.0 0.4823783080562653 0.0 0.013534011014629902 0.013534011014629907 0.013534011014630563 0.013534011014630587 1.5524735588948966 0.0 -5.6021464964047575e-06 0.003742698886213282 0.0 0.0
0.0 -0.0008424228714825773 0.0 0.4826060031848144 0.0 0.013492368682337715 0.013492368682337733 0.013492368682348453 0.01349236868233829 1.5524735588948966 0.0 -5.602146496350806e-06 0.003742698886213279 0.0 0.0
0.0 -0.0008321966023436616 0.0 0.48289177127187183 0.0 0.013447068789929502 0.013447068789929505 0.013447068789931363 0.013447068789931366 1.5524735588949594 0.0 -5.602146496531261e-06 0.0037426988862130335 0.0 0.0
0.0 -0.0008204532392146433 0.0 0.483237571671525 0.0 0.013400864959247595 0.013400864959247596 0.013400864959248974 0.01340086495924898 1.5524735588950123 0.0 -5.6021464966842665e-06 0.003742698886212943 0.0 0.0
0.0 -0.0008073231762697919 0.0 0.4836463640265691 0.0 0.01335651241590874 0.013356512415908748 0.013356512415909561 0.013356512415909638 1.5524735588950962 0.0 -5.602146496922263e-06 0.0037426988862128328 0.0 0.0
0.0 -0.0007931179811547062 0.0 0.4841150987524173 0.0 0.013317256839006893 0.013317256839006789 0.013317256839006716 0.013317256839006709 1.5524735588948966 0.0 -5.602146496390641e-06 0.0037426988862132816 0.0 0.0
0.0 -0.0007780402197907011 0.0 0.4846437346257569 0.0 0.013285848644389524 0.013285848644389526 0.013285848644390166 0.013285848644390162 1.5524735588948966 0.0 -5.6021464963528335e-06 0.0037426988862132794 0.0 0.0
0.0 -0.0007624424435197944 0.0 0.48522523214990443 0.0 0.013264776984047107 0.013264776984047107 0.013264776984046845 0.013264776984046968 1.5524735588948966 0.0 -5.602146496396586e-06 0.0037426988862132816 0.0 0.0
0.0 -0.0007465441446452507 0.0 0.48585656047814874 0.0 0.01325603734908132 0.013256037349081382 0.013256037349082888 0.01325603734913514 1.5524735588948966 0.0 -5.602146496431002e-06 0.0037426988862132816 0.0 0.0
0.0 -0.0007306482714558208 0.0 0.48652969481540315 0.0 0.013261117137495693 0.013261117137495683 0.013261117137496042 0.013261117137496054 1.5524735588948966 0.0 -5.6021464963471745e-06 0.003742698886213279 0.0 0.0
0.0 -0.0007149416396247859 0.0 0.48723762939315796 0.0 0.013280255162161912 0.013280255162161832 0.013280255162161414 0.0132802551621614 1.5524735588948966 0.0 -5.602146496397556e-06 0.003742698886213281 0.0 0.0
0.0 -0.0006996054226747224 0.0 0.4879743549840341 0.0 0.01331394187725562 0.013313941877255629 0.01331394187725677 0.01331394187730183 1.5524735588948966 0.0 -5.602146496437484e-06 0.003742698886213282 0.0 0.0
0.0 -0.000684606943975648 0.0 0.48873589666623435 0.0 0.013360420604608885 0.01336042060460886 0.013360420604609095 0.01336042060460907 1.5524735588948966 0.0 -5.6021464964250185e-06 0.003742698886213281 0.0 0.0
0.0 -0.0006699687721293643 0.0 0.489518268275236 0.0 0.013418684779091205 0.013418684779091203 0.013418684779090875 0.013418684779276416 1.5524735588948966 0.0 -5.602146496413393e-06 0.003742698886213281 0.0 0.0
0.0 -0.0006554883412891843 0.0 0.4903215110343604 0.0 0.013485983986017877 0.01348598398601788 0.013485983986021865 0.013485983986021863 1.5524735588949328 0.0 -5.6021464964880725e-06 0.003742698886213092 0.0 0.0
0.0 -0.0006409871428174223 0.0 0.49114466587821914 0.0 0.013559566206620329 0.013559566206620334 0.013559566206619304 0.013559566206619297 1.552473558894908 0.0 -5.602146496471189e-06 0.0037426988862131723 0.0 0.0
0.0 -0.0006260318342676561 0.0 0.4919927979591067 0.0 0.013635188817587065 0.013635188817587234 0.013635188817605958 0.013635188817586257 1.5524735588948995 0.0 -5.6021464964435685e-06 0.0037426988862132283 0.0 0.0
0.0 -0.0006063497855208008 0.0 0.4930877540102038 0.0 0.01372770999328557 0.013727709993285568 0.013727709993296878 0.013727709993284437 1.552473558894897 0.0 -5.602146496443616e-06 0.003742698886213262 0.0 0.0
0.0 -0.0005777146799345512 0.0 0.49463345426706784 0.0 0.013846708252199824 0.013846708252199826 0.01384670825219869 0.013846708252198676 1.5524735588948966 0.0 -5.602146496470563e-06 0.0037426988862132777 0.0 0.0
0.0 -0.0005399218383243268 0.0 0.49660107398840564 0.0 0.0139798852437382 0.013979885243114535 0.013979885243272752 0.013979885243266248 1.5524735588948966 0.0 -5.602146496400323e-06 0.003742698886213279 0.0 0.0
0.0 -0.0004928146959625281 0.0 0.49895978785551526 0.0 0.014114939408553222 0.014114939408553226 0.014114939409005644 0.01411493940857861 1.5524735588948966 0.0 -5.602146496486215e-06 0.0037426988862132807 0.0 0.0
0.0 -0.0004363088598043957 0.0 0.5016757696835792 0.0 0.014239564379449841 0.014239564379449851 0.014239564379454847 0.01423956437957157 1.5524735588948966 0.0 -5.60214649651579e-06 0.003742698886213282 0.0 0.0
0.0 -0.00037058190141540145 0.0 0.5047111584047898 0.0 0.014343697712351805 0.014343697712351786 0.014343697712358564 0.014343697712434773 1.5524735588948966 0.0 -5.602146496517336e-06 0.003742698886213281 0.0 0.0
0.0 -0.00029609741419710754 0.0 0.5080230577796435 0.0 0.01441951928569604 0.014419519285696049 0.01441951928570121 0.014419519285701208 1.5524735588948966 0.0 -5.60214649652826e-06 0.0037426988862132816 0.0 0.0
0.0 -0.00021355838756119272 0.0 0.5115685228501679 0.0 0.01446245946818046 0.014462459468180464 0.014462459468180465 0.014462459468187645 1.5524735588949168 0.0 -5.602146496514526e-06 0.0037426988862131264 0.0 0.0
0.0 -0.00012392977551708325 0.0 0.5153005737753995 0.0 0.014470192553694165 0.014470192553694083 0.014470192553697815 0.014470192553662657 1.5524735588948966 0.0 -5.602146496536871e-06 0.0037426988862132816 0.0 0.0
0.0 -2.840464379710679e-05 0.0 0.5191741750781679 0.0 0.014444146609171581 0.014444146609171567 0.014444146609180806 0.014444146609180803 1.5524735588948966 0.0 -5.602146496556759e-06 0.0037426988862132816 0.0 0.0
0.0 7.173602001569484e-05 0.0 0.5231482549603769 0.0 0.014388256492808827 0.014388256492808829 0.014388256492820422 0.014388256492820398 1.5524735588948966 0.0 -5.602146496556061e-06 0.0037426988862132816 0.0 0.0
0.0 0.0001749973781814103 0.0 0.5271797073183493 0.0 0.014308704195176969 0.014308704195176977 0.0143087041951952 0.014308704195195166 1.5524735588948966 0.0 -5.602146496556296e-06 0.0037426988862132816 0.0 0.0
0.0 0.0002799128037131839 0.0 0.5312304087540601 0.0 0.014212929913171423 0.014212929913173106 0.014212929913198367 0.014212929913198369 1.5524735588948966 0.0 -5.60214649648344e-06 0.0037426988862132777 0.0 0.0
0.0 0.0003849717086933297 0.0 0.5352642177090231 0.0 0.014109627239361669 0.014109627239355658 0.014109627239411985 0.014109627239418058 1.5524735588948966 0.0 -5.60214649648347e-06 0.003742698886213279 0.0 0.0
0.0 0.0004886578630526635 0.0 0.5392439960836187 0.0 0.01400723812625814 0.014007238126252312 0.01400723812160034 0.014007238126301046 1.5524735588948966 0.0 -5.602146496556131e-06 0.003742698886213281 0.0 0.0
0.0 0.0005894975090281826 0.0 0.5431336098145095 0.0 0.01391395608747732 0.013913956087477317 0.013913956087465262 0.013913956087465252 1.5524735588948966 0.0 -5.602146496554197e-06 0.003742698886213281 0.0 0.0
0.0 0.0006860367925600427 0.0 0.5468939427101145 0.0 0.013836719644409929 0.013836719644409932 0.013836719644401778 0.01383671964440136 1.5524735588948966 0.0 -5.602146496549867e-06 0.0037426988862132777 0.0 0.0
0.0 0.0007770413518918626 0.0 0.5504889094255644 0.0 0.013780471822688434 0.01378047182268843 0.013780471822759844 0.013780471822677342 1.5524735588948968 0.0 -5.602146496541066e-06 0.003742698886213272 0.0 0.0
0.0 0.0008612501031405526 0.0 0.5538744560345202 0.0 0.013747892481353432 0.013747892481353422 0.01374789248133736 0.01374789248133735 1.5524735588948968 0.0 -5.602146496475724e-06 0.00374269888621327 0.0 0.0
0.0 0.0009376879842600837 0.0 0.5570115637823396 0.0 0.013739419157555293 0.013739419157555294 0.013739419157542366 0.013739419157606209 1.5524735588948968 0.0 -5.602146496529548e-06 0.0037426988862132656 0.0 0.0
0.0 0.001009990613926927 0.0 0.5600453045118386 0.0 0.013753284063454958 0.01375328406345495 0.013753284063441755 0.013753284063441748 1.5524735588948968 0.0 -5.6021464965304275e-06 0.0037426988862132677 0.0 0.0
0.0 0.001082281886153462 0.0 0.5631387665052494 0.0 0.013786998161702766 0.013786998161702766 0.013786998161689943 0.013786998161763542 1.5524735588948968 0.0 -5.60214649653282e-06 0.003742698886213273 0.0 0.0
0.0 0.0011543794511438604 0.0 0.5662759863666109 0.0 0.013837785380770545 0.013837785380771022 0.01383778538075236 0.013837785380752353 1.5524735588948966 0.0 -5.602146496463678e-06 0.003742698886213277 0.0 0.0
0.0 0.0012262535318644195 0.0 0.5694420284777425 0.0 0.013901121046886 0.013901121046886247 0.013901121046992995 0.01390112104687799 1.5524735591477747 0.0 -5.609974384368499e-06 0.003742698502630592 0.0 0.0
0.0 0.0012978022510049879 0.0 0.572621937205956 0.0 0.013973480403647431 0.013973480403647447 0.013973480403786678 0.013973480403786669 1.5524735588948966 0.0 -5.602146496543363e-06 0.0037426988862132816 0.0 0.0
0.0 0.0013690743539752765 0.0 0.5758017909766044 0.0 0.014049590384577443 0.014049590384579431 0.014049590384843798 0.01404959038484378 1.5524735588948966 0.0 -5.602146496523944e-06 0.0037426988862132816 0.0 0.0
0.0 0.0014400705431369288 0.0 0.5789686484892369 0.0 0.01412517944417379 0.014125179444173823 0.014125179444226473 0.014125179444226482 1.5524735588948966 0.0 -5.602146496528622e-06 0.003742698886213281 0.0 0.0
0.0 0.0015108279609975623 0.0 0.5821095771946049 0.0 0.014195476019452048 0.014195476019452528 0.014195476019477161 0.014195476019477172 1.5524735588948966 0.0 -5.602146496532111e-06 0.003742698886213281 0.0 0.0
0.0 0.0015812747482266472 0.0 0.5852086361821967 0.0 0.01425620381258483 0.014256203812584278 0.014256203812597937 0.014256203812598248 1.5524735588948966 0.0 -5.602146496534249e-06 0.0037426988862132816 0.0 0.0
0.0 0.0016513800291726953 0.0 0.588253874453595 0.0 0.014303843053004793 0.014303843053004799 0.014303843052964069 0.014303843053012789 1.5524735588948966 0.0 -5.602146496535057e-06 0.0037426988862132807 0.0 0.0
0.0 0.0017209501697390507 0.0 0.5912273355305792 0.0 0.014335114386549485 0.014335114386549488 0.014335114386557856 0.014335114386557863 1.5524735588948966 0.0 -5.602146496462223e-06 0.003742698886213278 0.0 0.0
0.0 0.0017898325195084901 0.0 0.5941150528470254 0.0 0.014347494986464893 0.014347494986464893 0.014347494986467804 0.014347494986465792 1.5524735588948966 0.0 -5.602146496531915e-06 0.0037426988862132816 0.0 0.0
0.0 0.0018576436514593849 0.0 0.5968980359078371 0.0 0.014339954234527986 0.014339954234527972 0.014339954234530031 0.01433995423452994 1.5524735588948966 0.0 -5.602146496526688e-06 0.003742698886213282 0.0 0.0
0.0 0.0019240354800990013 0.0 0.5995602875888834 0.0 0.014311966398603866 0.014311966398603805 0.014311966398614448 0.014311966398606069 1.5524735588948966 0.0 -5.602146496517146e-06 0.003742698886213281 0.0 0.0
0.0 0.0019884952533945873 0.0 0.6020827934844893 0.0 0.014264251140786086 0.014264251140762825 0.014264251140789337 0.01426425114076595 1.5524735590330412 0.0 -5.610401780236328e-06 0.0037426985199490743 0.0 0.0
0.0 0.0020504919934851338 0.0 0.6044495120274513 0.0 0.014198783057295673 0.014198783057295675 0.014198783057452447 0.014198783057287149 1.5524735588948966 0.0 -5.602146496513712e-06 0.003742698886213281 0.0 0.0
0.0 0.0021093888460087407 0.0 0.6066424037650876 0.0 0.0141182837481111 0.014118283748111082 0.014118283748181663 0.014118283748181646 1.5524735588948966 0.0 -5.602146496519614e-06 0.0037426988862132816 0.0 0.0
0.0 0.0021645250886247643 0.0 0.608645405542058 0.0 0.01402647810533198 0.014026478105331997 0.01402647810675707 0.014026478106757239 1.5524735588948966 0.0 -5.60214649648346e-06 0.003742698886213281 0.0 0.0
0.0 0.0022152324487474595 0.0 0.610444445860152 0.0 0.013927844360320766 0.013927844360320768 0.013927844360422605 0.01392784436033075 1.5524735588948966 0.0 -5.602146496474724e-06 0.003742698886213282 0.0 0.0
0.0 0.002260835523014112 0.0 0.6120274425558442 0.0 0.013827614060644911 0.01382761406064513 0.01382761406057519 0.013827614060626268 1.5524735588948966 0.0 -5.6021464964989755e-06 0.0037426988862132777 0.0 0.0
0.0 0.0023025597414258925 0.0 0.613448396228905 0.0 0.013726873949111677 0.01372687394911167 0.013726873949090305 0.0137268739490903 1.552473558894897 0.0 -5.602146496475201e-06 0.0037426988862132634 0.0 0.0
0.0 0.002342002676704208 0.0 0.6147783048919415 0.0 0.01362723810371175 0.013627238103711583 0.013627238103688653 0.013627238103688662 1.5524735588948997 0.0 -5.602146496494778e-06 0.0037426988862132244 0.0 0.0
0.0 0.002379188073722737 0.0 0.6160311088780552 0.0 0.013532979615275732 0.013532979615275591 0.013532979615252502 0.01353297961524529 1.5524735588949126 0.0 -5.602146496491749e-06 0.0037426988862131524 0.0 0.0
0.0 0.0024141539389146687 0.0 0.6172167698509761 0.0 0.013446864934043647 0.013446864934043653 0.01344686493408389 0.013446864934033027 1.5524735588948966 0.0 -5.6021464964653415e-06 0.003742698886213282 0.0 0.0
0.0 0.0024470119389892724 0.0 0.6183452644647346 0.0 0.013370660359936408 0.013370660359936695 0.013370660359912466 0.013370660359912464 1.552473558895052 0.0 -5.602146496860507e-06 0.0037426988862128744 0.0 0.0
0.0 0.002477832297184016 0.0 0.6194225818268944 0.0 0.013305375679381608 0.013305375679381537 0.013305375679388148 0.01330537567936069 1.552473559032278 0.0 -5.610304007494141e-06 0.003742698523289183 0.0 0.0
0.0 0.0025068201352254015 0.0 0.620458710232448 0.0 0.01325152695824951 0.01325152695824978 0.01325152695840357 0.013251526958256614 1.5524735588948966 0.0 -5.6021464964766545e-06 0.0037426988862132816 0.0 0.0
0.0 0.002534015057146597 0.0 0.6214576466904035 0.0 0.013209870769615615 0.013209870769615623 0.01320987076948965 0.013209870769655933 1.5524735588948966 0.0 -5.602146496407292e-06 0.0037426988862132794 0.0 0.0
0.0 0.002559580281282703 0.0 0.6224253943149279 0.0 0.013180166681529706 0.013180166681529727 0.013180166681515972 0.01318016668155293 1.5524735588948966 0.0 -5.602146496459363e-06 0.003742698886213286 0.0 0.0
0.0 0.002583641735924121 0.0 0.6233679510906764 0.0 0.013162674353068934 0.01316267435306896 0.013162674353099034 0.013162674353098997 1.5524735588948966 0.0 -5.6021464964727894e-06 0.003742698886213282 0.0 0.0
0.0 0.0026062588198277194 0.0 0.6242893106773194 0.0 0.013157900273845497 0.013157900273846413 0.013157900273877298 0.013157900273878274 1.5524735588948966 0.0 -5.602146496469252e-06 0.0037426988862132816 0.0 0.0
0.0 0.002627557461283807 0.0 0.6251954710595126 0.0 0.013166104102771912 0.01316610410277192 0.013166104103041162 0.013166104102799853 1.5524735588948966 0.0 -5.602146496464958e-06 0.0037426988862132816 0.0 0.0
0.0 0.002647506472288158 0.0 0.6260874212832372 0.0 0.013188037556691016 0.013188037556690988 0.013188037556705369 0.013188037556858042 1.5524735588948966 0.0 -5.602146496391302e-06 0.0037426988862132786 0.0 0.0
0.0 0.0026661765358988337 0.0 0.6269711480904253 0.0 0.01322471040769282 0.013224710407692304 0.013224710407584703 0.013224710407703507 1.5524735588948966 0.0 -5.602146496454326e-06 0.003742698886213281 0.0 0.0
0.0 0.0026834571616508778 0.0 0.6278466289956288 0.0 0.013277622881934438 0.013277622881934447 0.013277622881936532 0.01327762288200731 1.5524735588948966 0.0 -5.602146496448224e-06 0.003742698886213281 0.0 0.0
0.0 0.002699261916307843 0.0 0.6287148418021068 0.0 0.013348276809438222 0.013348276809438377 0.01334827680947232 0.01334827680943341 1.5524735588948966 0.0 -5.602146496441626e-06 0.003742698886213281 0.0 0.0
0.0 0.002713401006944524 0.0 0.6295747524929823 0.0 0.01343892092607356 0.013438920926073562 0.013438920926063127 0.01343892092606308 1.5524735588948966 0.0 -5.602146496434463e-06 0.003742698886213282 0.0 0.0
0.0 0.0027255331664896754 0.0 0.6304213146538371 0.0 0.013552547666758319 0.013552547666758627 0.013552547666733734 0.013552547666737524 1.552473558894908 0.0 -5.602146496450862e-06 0.003742698886213173 0.0 0.0
0.0 0.0027352577291222323 0.0 0.6312454882105807 0.0 0.013691642976720738 0.013691642976720741 0.013691642976696356 0.013691642976696361 1.5524735588948975 0.0 -5.602146496468107e-06 0.0037426988862132534 0.0 0.0
0.0 0.002741980082561082 0.0 0.6320332166553003 0.0 0.013859684934492356 0.01385968493450766 0.013859684934424408 0.01385968493442471 1.5524735588948966 0.0 -5.602146496388758e-06 0.0037426988862132777 0.0 0.0
0.0 0.0027450325789277856 0.0 0.6327445484009893 0.0 0.014052608794760082 0.01405260879476011 0.014052608794733336 0.014052608794733261 1.5524735588948966 0.0 -5.602146496443134e-06 0.003742698886213281 0.0 0.0
0.0 0.0027444045586278052 0.0 0.6333516102765916 0.0 0.014261368300469559 0.014261368300469592 0.014261368300472421 0.014261368300472433 1.5524735588948966 0.0 -5.602146496422579e-06 0.0037426988862132816 0.0 0.0
0.0 0.002740450061657366 0.0 0.6338584559029703 0.0 0.014482469337756971 0.014482469337756954 0.014482469337745087 0.014482469337745153 1.5524735588948966 0.0 -5.60214649644911e-06 0.003742698886213282 0.0 0.0
0.0 0.0027335280696810836 0.0 0.6342701376236041 0.0 0.014712672117909987 0.01471267211791012 0.014712672118950776 0.014712672118972743 1.5524735604042263 0.0 -5.610031389201441e-06 0.0037426984150156313 0.0 0.0
0.0 0.0027239446298139764 0.0 0.6345916900429845 0.0 0.01494947625827702 0.014949476258276513 0.014949476258480887 0.014949476258450986 1.552473559039932 0.0 -5.6101173982050714e-06 0.0037426985091505564 0.0 0.0
0.0 0.0027119298909512595 0.0 0.6348281369455089 0.0 0.015191397516180255 0.01519139751618107 0.015191397516181086 0.015191397516262946 1.5524735588948966 0.0 -5.602146496394535e-06 0.003742698886213282 0.0 0.0
0.0 0.0026977379136709978 0.0 0.6349855070563993 0.0 0.015436942688578972 0.01543694268857898 0.015436942688582653 0.015436942688590267 1.5524735588948966 0.0 -5.602146496402999e-06 0.003742698886213282 0.0 0.0
0.0 0.002681563135668244 0.0 0.6350688145798021 0.0 0.015685119615208985 0.01568511961520882 0.015685119612578083 0.01568511961154442 1.552473558894897 0.0 -5.6021464964069335e-06 0.0037426988862132617 0.0 0.0
0.0 0.002663581088315582 0.0 0.6350830722019655 0.0 0.015935186197270537 0.015935186197270537 0.015935186194732314 0.015935186194404014 1.5524735588948966 0.0 -5.602146496407664e-06 0.0037426988862132816 0.0 0.0
0.0 0.0026439064156021496 0.0 0.6350322848252835 0.0 0.01618689881407021 0.01618689881407022 0.01618689880928026 0.016186898810154303 1.5524735588948966 0.0 -5.6021464964050675e-06 0.0037426988862132816 0.0 0.0
0.0 0.0026227018759732794 0.0 0.6349224579295617 0.0 0.01644001704696023 0.016440017046960225 0.016440017043460122 0.016440017043024866 1.5524735588948966 0.0 -5.602146496399333e-06 0.0037426988862132816 0.0 0.0
0.0 0.0025999971688074317 0.0 0.6347555883446342 0.0 0.016694794140653637 0.016694794140653488 0.016694794141669564 0.0166947941384167 1.5524735588948968 0.0 -5.6021464963896676e-06 0.0037426988862132673 0.0 0.0
0.0 0.0025759182223953686 0.0 0.6345376740551574 0.0 0.016951489757277158 0.016951489757277154 0.016951489757349426 0.016951489754553576 1.5524735588948966 0.0 -5.602146496377748e-06 0.0037426988862132816 0.0 0.0
0.0 0.002550561265648482 0.0 0.6342727162159506 0.0 0.017210110309532522 0.01721011030953252 0.017210110309017992 0.017210110304217506 1.5524735588948966 0.0 -5.602146496362453e-06 0.0037426988862132816 0.0 0.0
0.0 0.0025239063948636264 0.0 0.6339636969552559 0.0 0.017471910794670927 0.01747191079467092 0.017471910795201433 0.017471910791272655 1.5524735588948966 0.0 -5.602146496401078e-06 0.0037426988862132816 0.0 0.0
0.0 0.002496061123253972 0.0 0.6336166105101544 0.0 0.017737400910329246 0.017737400910329243 0.01773740091157093 0.017737400911570764 1.5524735588948966 0.0 -5.60214649631633e-06 0.0037426988862132742 0.0 0.0
0.0 0.00246702960434387 0.0 0.6332354392975933 0.0 0.01800783726506813 0.018007837265071866 0.01800783725859092 0.0180078372585909 1.5524735588948966 0.0 -5.602146496359797e-06 0.0037426988862132825 0.0 0.0
0.0 0.0024369249934969 0.0 0.6328271740957839 0.0 0.018283981184519744 0.018283981184519967 0.018283981184593515 0.018283981184593512 1.5524735588948966 0.0 -5.6021464963932615e-06 0.0037426988862132816 0.0 0.0
0.0 0.0024057867857667195 0.0 0.6323987906926392 0.0 0.0185675941676258 0.0185675941676258 0.018567594168297938 0.018567594168306695 1.5524735588948966 0.0 -5.6021464963693566e-06 0.003742698886213283 0.0 0.0
0.0 0.0023736785334348472 0.0 0.6319582651647774 0.0 0.018860439304423736 0.018860439304423732 0.01886043930443956 0.018860439304439106 1.5524735588948966 0.0 -5.602146496399709e-06 0.0037426988862132807 0.0 0.0
0.0 0.002340682203860487 0.0 0.6315135773363911 0.0 0.019164029648623866 0.01916402964862463 0.019164029648614776 0.01916402964861551 1.5524735588948966 0.0 -5.602146496375381e-06 0.0037426988862132816 0.0 0.0
0.0 0.0023068331385726884 0.0 0.6310677205784458 0.0 0.01947887008658641 0.019478870086586424 0.019478870086599993 0.019478870086613528 1.5524735588948966 0.0 -5.602146496349255e-06 0.003742698886213282 0.0 0.0
0.0 0.0022721441104981846 0.0 0.6306197020973862 0.0 0.019804458938613517 0.01980445893861352 0.01980445893862293 0.019804458941676196 1.5524735588948966 0.0 -5.602146496380771e-06 0.00374269888621328 0.0 0.0
0.0 0.002236651949792069 0.0 0.6301695293883612 0.0 0.02014029613000109 0.02014029613000018 0.020140296130110102 0.020140296136038842 1.5524735588948966 0.0 -5.60214649635486e-06 0.0037426988862132816 0.0 0.0
0.0 0.002200454373992201 0.0 0.6297182177303738 0.0 0.020485383114762123 0.020485383114762123 0.020485383114762196 0.020485383118650776 1.5524735588948966 0.0 -5.6021464963863175e-06 0.0037426988862132816 0.0 0.0
0.0 0.0021635697981757253 0.0 0.6292657708709982 0.0 0.020839469854238356 0.02083946985423836 0.020839469854261872 0.020839469854274616 1.5524735588948966 0.0 -5.6021464962960755e-06 0.0037426988862132786 0.0 0.0
0.0 0.0021260053531192945 0.0 0.6288101994755487 0.0 0.0212018030268511 0.021201803026851117 0.02120180302685227 0.021201803026852258 1.5524735588948966 0.0 -5.602146496390807e-06 0.003742698886213282 0.0 0.0
0.0 0.002087773811749978 0.0 0.6283505107504688 0.0 0.021571880954539893 0.021571880954539973 0.021571880954557563 0.02157188095455756 1.5524735588948966 0.0 -5.602146496365059e-06 0.0037426988862132825 0.0 0.0
0.0 0.002048906362071921 0.0 0.6278857156497771 0.0 0.02194895192152255 0.021948951921522544 0.02194895191892023 0.021948951920615953 1.5524735588948966 0.0 -5.602146496328826e-06 0.0037426988862132786 0.0 0.0
0.0 0.0020094285499390003 0.0 0.6274138285863623 0.0 0.022332012567276252 0.022332012567276103 0.022332012567303494 0.0223320125668641 1.5524735588948966 0.0 -5.6021464963681665e-06 0.0037426988862132816 0.0 0.0
0.0 0.0019693347332008404 0.0 0.6269338530190931 0.0 0.022720811253086268 0.022720811253086268 0.022720811253086264 0.022720811252303522 1.5524735588948966 0.0 -5.602146496397029e-06 0.0037426988862132825 0.0 0.0
0.0 0.001928607985405793 0.0 0.6264427993245794 0.0 0.023114593054002215 0.023114593054000206 0.023114593053979886 0.02311459305397987 1.5524735588948966 0.0 -5.602146496369331e-06 0.003742698886213282 0.0 0.0
0.0 0.0018872738524076714 0.0 0.6259386819157081 0.0 0.02351235461250388 0.023512354612503877 0.02351235461253547 0.02351235461253076 1.5524735588948966 0.0 -5.602146496396692e-06 0.0037426988862132825 0.0 0.0
0.0 0.0018453447018060875 0.0 0.6254205101181806 0.0 0.02391359428176414 0.023913594281763737 0.023913594281409104 0.023913594281747177 1.5524735590402712 0.0 -5.609777805877858e-06 0.0037426985133312204 0.0 0.0
0.0 0.0018027751237533148 0.0 0.6248832911210002 0.0 0.024317303796329456 0.024317303796329452 0.024317303796329452 0.024317303796306797 1.5524735588948966 0.0 -5.602146496393174e-06 0.003742698886213281 0.0 0.0
0.0 0.0017595766751936598 0.0 0.6243260384883806 0.0 0.02472298157403613 0.024722981574036122 0.024722981574036133 0.02472298157400373 1.5524735588948966 0.0 -5.602146496362143e-06 0.0037426988862132833 0.0 0.0
0.0 0.0017157696651583707 0.0 0.6237457679728231 0.0 0.0251293725845791 0.025129372584580624 0.025129372584988388 0.025129372579383212 1.5524735588948966 0.0 -5.602146496385193e-06 0.003742698886213282 0.0 0.0
0.0 0.0016713428093463503 0.0 0.6231404864920665 0.0 0.02553597354295903 0.02553597354295902 0.025535973542358693 0.02553597353917863 1.5524735588948966 0.0 -5.6021464963505905e-06 0.0037426988862132825 0.0 0.0
0.0 0.0016263160114604203 0.0 0.6225072119178691 0.0 0.02594152945028758 0.025941529450287576 0.025941529450127152 0.025941529450287555 1.5524735588948966 0.0 -5.602146496371379e-06 0.003742698886213281 0.0 0.0
0.0 0.0015806539299721269 0.0 0.6218429508792648 0.0 0.026345535422565226 0.02634553542256522 0.026345535422167127 0.026345535422565205 1.5524735588948966 0.0 -5.602146496269447e-06 0.0037426988862132794 0.0 0.0
0.0 0.001534784265187398 0.0 0.6211517719874147 0.0 0.026743497193929783 0.02674349719392978 0.026743497193253106 0.026743497193928135 1.5524735588948966 0.0 -5.6021464963507456e-06 0.003742698886213283 0.0 0.0
0.0 0.0014889761124916754 0.0 0.6204357207906234 0.0 0.027132417518524025 0.02713241751852402 0.02713241751866521 0.027132417518672822 1.5524735588948966 0.0 -5.602146496366678e-06 0.003742698886213282 0.0 0.0
0.0 0.001442968995901761 0.0 0.6196877765300828 0.0 0.027513535360910547 0.027513535360910616 0.027513535360320557 0.027513535360903067 1.5524735588948966 0.0 -5.6021464963808195e-06 0.003742698886213282 0.0 0.0
0.0 0.0013965746111185152 0.0 0.6189039193131013 0.0 0.027888094494073017 0.027888094494073014 0.027888094494087478 0.027888094496454643 1.5524735588948966 0.0 -5.6021464963345105e-06 0.003742698886213281 0.0 0.0
0.0 0.0013495027827803545 0.0 0.6180751315510352 0.0 0.028257080638279454 0.028257080638279454 0.028257080638279652 0.028257080642400442 1.5524735588948966 0.0 -5.602146496344852e-06 0.0037426988862132816 0.0 0.0
0.0 0.0013016388668979544 0.0 0.617197408341491 0.0 0.028620737417432603 0.028620737417432728 0.028620737417432724 0.02862073742057427 1.5524735588948966 0.0 -5.6021464963521355e-06 0.0037426988862132825 0.0 0.0
0.0 0.001252650215804123 0.0 0.6162607280595457 0.0 0.028980298984555307 0.02898029898455179 0.028980298984551785 0.028980298984551865 1.5524735588948966 0.0 -5.6021464963552314e-06 0.003742698886213281 0.0 0.0
0.0 0.001202405259058024 0.0 0.6152580961794134 0.0 0.029335254038052372 0.029335254038076682 0.029335254038076693 0.029335254038076693 1.5524735588948966 0.0 -5.6021464963549765e-06 0.003742698886213281 0.0 0.0
0.0 0.0011506265942250078 0.0 0.6141795023188955 0.0 0.029686086618753268 0.02968608661877985 0.029686086618777256 0.02968608661877735 1.5524735588948966 0.0 -5.602146496350325e-06 0.0037426988862132838 0.0 0.0
0.0 0.0010971288942574133 0.0 0.6130149548336665 0.0 0.030032030578036713 0.030032030578036748 0.030032030578147295 0.030032030578036703 1.5524735588948966 0.0 -5.602146496339776e-06 0.0037426988862132816 0.0 0.0
0.0 0.0010417636622631241 0.0 0.6117544695745482 0.0 0.030371819691918253 0.030371819691918243 0.030371819691918232 0.030371819691918253 1.5524735588948966 0.0 -5.602146496323613e-06 0.003742698886213282 0.0 0.0
0.0 0.0009843583441215276 0.0 0.6103870621036589 0.0 0.030704186132761158 0.030704186132761158 0.030704186132758063 0.030704186132762677 1.5524735588948966 0.0 -5.602146496300097e-06 0.0037426988862132833 0.0 0.0
0.0 0.0009247787044928006 0.0 0.6088987696024495 0.0 0.03102635702852532 0.03102635702852545 0.03102635702784038 0.031026357059415054 1.5524735588948966 0.0 -5.602146496331755e-06 0.003742698886213281 0.0 0.0
0.0 0.0008629995098762548 0.0 0.6072786376136337 0.0 0.0313350642726506 0.03133506427265061 0.0313350642726506 0.03133506427222673 1.5524735588948966 0.0 -5.602146496292115e-06 0.003742698886213282 0.0 0.0
0.0 0.0007990394877024845 0.0 0.6055137298403876 0.0 0.03162578631728177 0.03162578631728177 0.03162578631728441 0.031625786316807944 1.5524735588948966 0.0 -5.602146496307252e-06 0.0037426988862132833 0.0 0.0
0.0 0.0007330816124729906 0.0 0.603594129589876 0.0 0.031892756267043534 0.031892756267043534 0.03189275626704354 0.031892756266757936 1.5524735588948966 0.0 -5.602146496251446e-06 0.0037426988862132816 0.0 0.0
0.0 0.0006654193491544453 0.0 0.6015099426547114 0.0 0.032128706992814615 0.03212870699281461 0.032128706992786187 0.032128706992368014 1.5524735588948966 0.0 -5.602146496247374e-06 0.0037426988862132816 0.0 0.0
0.0 0.0005965288248618308 0.0 0.5992542981790661 0.0 0.03232487594946463 0.032324875949464635 0.032324875949464614 0.032324875949133455 1.5524735588948966 0.0 -5.602146496235858e-06 0.003742698886213282 0.0 0.0
0.0 0.0005272500023818567 0.0 0.5968293578860553 0.0 0.032470514722224834 0.03247051472222484 0.032470514722211824 0.032470514722226236 1.5524735588948966 0.0 -5.602146496261927e-06 0.0037426988862132816 0.0 0.0
0.0 0.00045870322418743064 0.0 0.5942413221293584 0.0 0.03255238093322205 0.03255238093322205 0.03255238093321574 0.03255238093393241 1.5524735588948968 0.0 -5.602146496233786e-06 0.0037426988862132725 0.0 0.0
0.0 0.00038691880844867556 0.0 0.5912763689708815 0.0 0.03255412901028022 0.03255412901028022 0.03255412901052999 0.03255412901121356 1.5524735588948968 0.0 -5.602146496234933e-06 0.003742698886213274 0.0 0.0
0.0 0.00031157851533020127 0.0 0.5877970694239855 0.0 0.03243478151668259 0.032434781516682595 0.032434781516682595 0.03243478151639652 1.5524735588948966 0.0 -5.602146496216228e-06 0.003742698886213282 0.0 0.0
0.0 0.0002398729373770895 0.0 0.58397211282635 0.0 0.0321518513968445 0.03215185139684448 0.03215185139684449 0.03215185139738812 1.5524735588948966 0.0 -5.6021464961885565e-06 0.003742698886213282 0.0 0.0
0.0 0.0001786816510103144 0.0 0.5800029731884474 0.0 0.03167790677725977 0.031677906777259776 0.03167790677725991 0.03167790677707137 1.5524735588948966 0.0 -5.6021464961889004e-06 0.0037426988862132794 0.0 0.0
0.0 0.0001336388258050992 0.0 0.576101820395393 0.0 0.03100603651477103 0.03100603651477102 0.031006036514767042 0.03100603651477103 1.552473558894915 0.0 -5.60214649622696e-06 0.003742698886213097 0.0 0.0
0.0 0.00010846259937006033 0.0 0.5724575403715715 0.0 0.030147795376675203 0.030147795376686815 0.03014779537669094 0.03014779537654199 1.5524735588949037 0.0 -5.602146496214078e-06 0.003742698886213168 0.0 0.0
0.0 0.00010459868478402308 0.0 0.5692117731226166 0.0 0.029130165102016943 0.029130165102016943 0.029130165102021054 0.02913016510202106 1.552473558894907 0.0 -5.602146496249438e-06 0.003742698886213144 0.0 0.0
0.0 0.00012125900174635336 0.0 0.5664429943103401 0.0 0.0279897778777604 0.02798977787776039 0.027989777877760396 0.027989777877755206 1.5524735588949379 0.0 -5.602146496330302e-06 0.0037426988862130114 0.0 0.0
0.0 0.00015597264025236763 0.0 0.5641696135557891 0.0 0.026766420168594353 0.026766420168594363 0.02676642016859031 0.026766420169148257 1.5524735588951455 0.0 -5.60214649687966e-06 0.003742698886212617 0.0 0.0
0.0 0.0002049470312819206 0.0 0.5623520387254353 0.0 0.025498785284800162 0.025498785284800166 0.02549878528465658 0.025498785284796075 1.552473558896379 0.0 -5.602146500040136e-06 0.0037426988862116787 0.0 0.0
0.0 0.0002638719441150007 0.0 0.5609177243720177 0.0 0.024221763044572558 0.024221763044572554 0.024221763044391463 0.02422176304246856 1.552473558894912 0.0 -5.6021464963595e-06 0.0037426988862131207 0.0 0.0
0.0 0.00032830737740509433 0.0 0.5597712046024247 0.0 0.022964455531349643 0.02296445553134965 0.02296445553135362 0.022964455531349504 1.5524735588950813 0.0 -5.602146496766684e-06 0.003742698886212741 0.0 0.0
0.0 0.00039408242595285786 0.0 0.5588190590717479 0.0 0.02175296757585622 0.021752967575856215 0.02175296757585211 0.021752967575851965 1.5524735588959488 0.0 -5.602146498991455e-06 0.003742698886212018 0.0 0.0
0.0 0.0004575613978359774 0.0 0.5579779302833604 0.0 0.02060941944181615 0.020609419441816153 0.020609419441816157 0.020609419441566548 1.5524735588982417 0.0 -5.602146504968749e-06 0.0037426988862110707 0.0 0.0
0.0 0.0005157964661995916 0.0 0.5571884901548467 0.0 0.01955446963618484 0.019554469636184842 0.019554469636192437 0.019554469638569015 1.5524735588948977 0.0 -5.602146496347325e-06 0.0037426988862132443 0.0 0.0
0.0 0.0005667144814720174 0.0 0.5564224457869751 0.0 0.018607076145906 0.018607076145906086 0.018607076145906 0.01860707614589784 1.5524735588948972 0.0 -5.602146496360565e-06 0.0037426988862132534 0.0 0.0
0.0 0.0006089711434832689 0.0 0.5556795236067408 0.0 0.017785491716021975 0.017785491716021975 0.017785491716021975 0.017785491716021985 1.5524735588948966 0.0 -5.602146496375004e-06 0.003742698886213278 0.0 0.0
0.0 0.0006420911889764362 0.0 0.5549894886829569 0.0 0.017106016905989587 0.017106016905989584 0.01710601690598432 0.017106016905989587 1.5524735588953242 0.0 -5.602146497416572e-06 0.003742698886212565 0.0 0.0
0.0 0.0006660932724273189 0.0 0.5544011190649487 0.0 0.0165844826636941 0.016584482663694104 0.016584482664049806 0.016584482661364502 1.5524735588948986 0.0 -5.602146496362371e-06 0.0037426988862132348 0.0 0.0
0.0 0.0006813655257649112 0.0 0.5539732219221595 0.0 0.01623498571357249 0.016234985713572462 0.016234985709540756 0.016234985709206482 1.5524735588948966 0.0 -5.602146496391829e-06 0.003742698886213282 0.0 0.0
0.0 0.0006919406117993927 0.0 0.5536578436716281 0.0 0.015986686802866055 0.01598668680286601 0.01598668680114655 0.015986686801134724 1.5524735588948966 0.0 -5.6021464963745235e-06 0.0037426988862132816 0.0 0.0
0.0 0.0007020119115327268 0.0 0.553380187828648 0.0 0.015757701732743275 0.01575770173274327 0.015757701730465045 0.01575770173012199 1.5524735588948968 0.0 -5.602146496358486e-06 0.003742698886213274 0.0 0.0
0.0 0.0007122080952465582 0.0 0.5531573064958522 0.0 0.015545069730150428 0.015545069730150435 0.01554506972755364 0.015545069727224012 1.5524735652379953 0.0 -5.609878403326022e-06 0.0037426984891659426 0.0 0.0
0.0 0.0007228303196500956 0.0 0.5529962212559315 0.0 0.01534701449095572 0.015347014490955707 0.015347014491320874 0.015347014491331499 1.5524735588948966 0.0 -5.602146496393374e-06 0.0037426988862132816 0.0 0.0
0.0 0.0007339483944816333 0.0 0.5528969537704501 0.0 0.015162573131019121 0.015162573131019106 0.015162573131278225 0.015162573131287578 1.5524735588948966 0.0 -5.602146496388e-06 0.003742698886213282 0.0 0.0
0.0 0.0007455523189641222 0.0 0.5528575087333915 0.0 0.014991229945821062 0.014991229945820998 0.014991229944485457 0.014991229944450476 1.5524735588948966 0.0 -5.602146496320706e-06 0.003742698886213279 0.0 0.0
0.0 0.0007576067515685295 0.0 0.5528748927737904 0.0 0.014832480046877082 0.014832480046877077 0.014832480047225002 0.014832480047234352 1.5524735588948966 0.0 -5.602146496386654e-06 0.0037426988862132794 0.0 0.0
0.0 0.0007699985369314302 0.0 0.5529421151134348 0.0 0.014685562098676018 0.014685562098676013 0.014685562099151138 0.014685562099163859 1.552473558894897 0.0 -5.602146496324513e-06 0.0037426988862132625 0.0 0.0
0.0 0.0007826923335223701 0.0 0.5530561823813601 0.0 0.014549971214482042 0.014549971214482043 0.014549971214873622 0.014549971214884065 1.5524735588949046 0.0 -5.602146496412997e-06 0.0037426988862131905 0.0 0.0
0.0 0.0007956231004378503 0.0 0.5532121043767633 0.0 0.014424949263431346 0.014424949263431363 0.014424949263420287 0.014424949263420627 1.5524735588948966 0.0 -5.602146496405241e-06 0.003742698886213282 0.0 0.0
0.0 0.0008087498539942646 0.0 0.5534058911875489 0.0 0.014309739717873526 0.014309739717873486 0.014309739717863451 0.014309739717863474 1.5524735588948966 0.0 -5.602146496415923e-06 0.0037426988862132803 0.0 0.0
0.0 0.0008221094243480026 0.0 0.5536375503088663 0.0 0.01420384250255939 0.014203842502559374 0.014203842502552225 0.014203842502552189 1.5524735588948966 0.0 -5.602146496428418e-06 0.003742698886213281 0.0 0.0
0.0 0.0008356905271978548 0.0 0.5539050886584543 0.0 0.01410675433496652 0.01410675433496704 0.014106754334960345 0.014106754334959911 1.5524735588948966 0.0 -5.602146496374043e-06 0.003742698886213285 0.0 0.0
0.0 0.0008496021643829727 0.0 0.5542115145975769 0.0 0.014017979950261208 0.014017979950264627 0.014017979950308205 0.014017979950308209 1.5524735588948966 0.0 -5.60214649640528e-06 0.003742698886213281 0.0 0.0
0.0 0.0008638556202040223 0.0 0.5545588212084951 0.0 0.013938022631050083 0.013938022631050087 0.013938022631042811 0.013938022631042811 1.5524735588948966 0.0 -5.602146496424292e-06 0.003742698886213281 0.0 0.0
0.0 0.0008784309909578129 0.0 0.5549499906194506 0.0 0.013868137376471412 0.013868137376471409 0.01386813737646892 0.013868137376467225 1.5524735588948966 0.0 -5.602146496391462e-06 0.0037426988862132803 0.0 0.0
0.0 0.0008933564873970703 0.0 0.5553900055360965 0.0 0.013809582392869061 0.01380958239286895 0.013809582392863964 0.013809582392863968 1.5524735588948968 0.0 -5.602146496415095e-06 0.003742698886213276 0.0 0.0
0.0 0.000908440827970539 0.0 0.5558808178173732 0.0 0.013765611377667486 0.013765611377667488 0.013765611377655815 0.01376561137766708 1.5524735588948968 0.0 -5.6021464964412375e-06 0.0037426988862132703 0.0 0.0
0.0 0.0009234134286672071 0.0 0.5564233677907935 0.0 0.013740226537907048 0.013740226537907048 0.013740226537898814 0.013740226537900727 1.5524735588948968 0.0 -5.602146496417169e-06 0.003742698886213267 0.0 0.0
0.0 0.0009376879842600674 0.0 0.5570115637823396 0.0 0.01373941915757023 0.013739419157570336 0.013739419157552824 0.013739419157565842 1.5524735588948968 0.0 -5.602146496448186e-06 0.003742698886213265 0.0 0.0
0.0 0.0009496481945969114 0.0 0.5575873440762276 0.0 0.013766096683742358 0.013766096683742348 0.01376609668373061 0.013766096683730616 1.5524735588948968 0.0 -5.602146496426046e-06 0.00374269888621327 0.0 0.0
0.0 0.0009584312890757041 0.0 0.558095786483048 0.0 0.013813919978558723 0.013813919978558728 0.013813919978547822 0.01381391997854772 1.5524735588948966 0.0 -5.602146496399565e-06 0.003742698886213277 0.0 0.0
0.0 0.000964564174165974 0.0 0.558538989017148 0.0 0.013876391268431248 0.01387639126843125 0.013876391268411899 0.013876391268411907 1.5524735588948966 0.0 -5.602146496423689e-06 0.0037426988862132803 0.0 0.0
0.0 0.0009684136627909968 0.0 0.5589200125058348 0.0 0.013949514760371736 0.013949514760546037 0.013949514760493957 0.013949514760494023 1.5524735588948966 0.0 -5.6021464963251186e-06 0.003742698886213279 0.0 0.0
0.0 0.0009704356660095238 0.0 0.5592479082659223 0.0 0.014030054396147951 0.014030054396147892 0.014030054396381731 0.014030054396404926 1.5524735588948966 0.0 -5.602146496407976e-06 0.0037426988862132816 0.0 0.0
0.0 0.0009708241302712863 0.0 0.5595276927312337 0.0 0.014117018042622421 0.014117018042623124 0.014117018042622522 0.014117018042725958 1.5524735588948966 0.0 -5.6021464964233075e-06 0.0037426988862132816 0.0 0.0
0.0 0.0009698027014044947 0.0 0.5597663791654268 0.0 0.014209666811265438 0.014209666811265436 0.014209666811255515 0.014209666811255696 1.5524735588948966 0.0 -5.602146496382234e-06 0.0037426988862132825 0.0 0.0
0.0 0.0009674435510930159 0.0 0.5599669684346174 0.0 0.014308005512739525 0.014308005512739514 0.014308005512743305 0.0143080055127285 1.5524735588948966 0.0 -5.602146496393183e-06 0.003742698886213281 0.0 0.0
0.0 0.0009637816447173775 0.0 0.560132456028971 0.0 0.014412539039099899 0.014412539039099883 0.014412539039089404 0.014412539039089406 1.552473559025492 0.0 -5.609955707716491e-06 0.003742698538602285 0.0 0.0
0.0 0.0009587628654891429 0.0 0.5602628243481628 0.0 0.014524017485669907 0.014524017485669899 0.014524017485665333 0.014524017485677323 1.5524735588949086 0.0 -5.60214649643463e-06 0.0037426988862131667 0.0 0.0
0.0 0.0009522755945028428 0.0 0.5603580572643472 0.0 0.01464394109654833 0.014643941096548332 0.014643941096543297 0.014643941096555355 1.5524735588948981 0.0 -5.602146496415688e-06 0.003742698886213243 0.0 0.0
0.0 0.0009441630916079103 0.0 0.5604131437196497 0.0 0.014772801923563733 0.014772801923563738 0.014772801923550995 0.014772801923575215 1.5524735588948968 0.0 -5.60214649641657e-06 0.0037426988862132734 0.0 0.0
0.0 0.0009343035820392812 0.0 0.560426068146362 0.0 0.014911596910483433 0.014911596910483 0.014911596910483 0.014911596910491915 1.5524735588948966 0.0 -5.6021464964174545e-06 0.003742698886213282 0.0 0.0
0.0 0.0009224365898142889 0.0 0.5603898097856773 0.0 0.015061565021146235 0.015061565021146323 0.015061565021059022 0.015061565021043962 1.5524735588948966 0.0 -5.602146496415524e-06 0.0037426988862132825 0.0 0.0
0.0 0.0009084474709433219 0.0 0.5603003637352006 0.0 0.015222949878945439 0.0152229498789454 0.01522294987894543 0.015222949878954518 1.5524735588948966 0.0 -5.6021464964106215e-06 0.003742698886213282 0.0 0.0
0.0 0.0008920998066717071 0.0 0.5601517095248301 0.0 0.015396992051359273 0.015396992051359264 0.015396992051359195 0.015396992051370626 1.5524735588948966 0.0 -5.602146496402583e-06 0.0037426988862132816 0.0 0.0
0.0 0.0008732902373103127 0.0 0.5599418353344318 0.0 0.0155844384460567 0.015584438446056706 0.015584438442983815 0.015584438442565178 1.5524735588948995 0.0 -5.602146496395717e-06 0.0037426988862132252 0.0 0.0
0.0 0.0008519210453226768 0.0 0.5596697258850021 0.0 0.015786287606832067 0.01578628760683207 0.015786287604203326 0.015786287603821954 1.5524735588948968 0.0 -5.602146496375831e-06 0.003742698886213276 0.0 0.0
0.0 0.0008279948956062137 0.0 0.5593423494693059 0.0 0.016004801099402898 0.016004801099402898 0.016004801098036557 0.01600480109784073 1.5524735588948966 0.0 -5.602146496357347e-06 0.003742698886213282 0.0 0.0
0.0 0.0008016516656515901 0.0 0.5589746654470236 0.0 0.016243003432010978 0.016243003432011002 0.016243003428017454 0.016243003427692176 1.5524735588948966 0.0 -5.602146496392612e-06 0.003742698886213282 0.0 0.0
0.0 0.0007643008315346906 0.0 0.5584723540553803 0.0 0.016587008484219602 0.016587008484219533 0.01658700848104091 0.01658700848062948 1.5524735588948966 0.0 -5.602146496364823e-06 0.003742698886213282 0.0 0.0
0.0 0.0007089658169375246 0.0 0.5577792489102241 0.0 0.017113489642590993 0.017113489642590976 0.017113489642764157 0.017113489636574428 1.5524735588948966 0.0 -5.602146496381413e-06 0.003742698886213282 0.0 0.0
0.0 0.0006385356025491125 0.0 0.5569865186915384 0.0 0.017813091395360945 0.01781309139536095 0.01781309139576351 0.0178130913931713 1.5524735588948966 0.0 -5.6021464963356675e-06 0.0037426988862132838 0.0 0.0
0.0 0.0005559799601453315 0.0 0.5561833577349199 0.0 0.018674704761753463 0.018674704761753456 0.018674704762118046 0.018674704762118025 1.5524735588948966 0.0 -5.602146496346889e-06 0.0037426988862132825 0.0 0.0
0.0 0.0004640494815509338 0.0 0.5554429894848568 0.0 0.01968494476400634 0.019684944764006236 0.01968494476433175 0.019684944763997035 1.5524735588948966 0.0 -5.602146496361511e-06 0.0037426988862132825 0.0 0.0
0.0 0.000364986891904813 0.0 0.5548106630302665 0.0 0.020828131183607514 0.020828131183607518 0.020828131183614026 0.020828131187425873 1.5524735588948966 0.0 -5.602146496381652e-06 0.0037426988862132833 0.0 0.0
0.0 0.0002602368742977909 0.0 0.554294635515858 0.0 0.0220872742868648 0.022087274286864793 0.0220872742868648 0.022087274286855852 1.5524735588948966 0.0 -5.602146496352176e-06 0.0037426988862132877 0.0 0.0
0.0 0.00015020965101750021 0.0 0.5538601516720242 0.0 0.023445315382147985 0.023445315382147985 0.023445315382147978 0.023445315381934596 1.5524735588948966 0.0 -5.602146496383673e-06 0.0037426988862133024 0.0 0.0
0.0 3.443809984384976e-05 0.0 0.5534344527535189 0.0 0.02488463477127583 0.02488463477127583 0.02488463477127584 0.024884634771275827 1.5524735588948966 0.0 -5.6021464963587e-06 0.003742698886213284 0.0 0.0
0.0 -8.854966286834677e-05 0.0 0.552903764430618 0.0 0.026387797048798393 0.026387797048798133 0.026387797048798123 0.026387797044999182 1.5524735588948966 0.0 -5.602146496384538e-06 0.0037426988862133007 0.0 0.0
0.0 -0.00022066685791670865 0.0 0.5521283423430126 0.0 0.02793482473593471 0.0279348247359346 0.02793482473593459 0.027934824735934716 1.5524735588948966 0.0 -5.602146496277244e-06 0.003742698886213283 0.0 0.0
0.0 -0.00036393390695909966 0.0 0.5509495078489156 0.0 0.02950095917512056 0.02950095917512056 0.029500959175120432 0.029500959177334696 1.5524735588948966 0.0 -5.602146496328111e-06 0.00374269888621331 0.0 0.0
0.0 -0.0005197650227228355 0.0 0.5492116918523159 0.0 0.031054195424003346 0.031054195424003343 0.031054195423998725 0.031054195424003214 1.5524735588948966 0.0 -5.602146496280706e-06 0.003742698886213289 0.0 0.0
0.0 -0.0006882362116700222 0.0 0.5467844842333924 0.0 0.03255256074202691 0.032552560742029564 0.032552560742026906 0.03255256074218903 1.5524735558131548 0.0 -5.608831989010351e-06 0.0037426989212406736 0.0 0.0
0.0 -0.0008675443512045986 0.0 0.5435836406105663 0.0 0.0339436792880112 0.033943679288022624 0.03394367928802262 0.033943679289294794 1.552473558605739 0.0 -5.609053986239788e-06 0.0037426986783448244 0.0 0.0
0.0 -0.0010534752842779878 0.0 0.5396060348821476 0.0 0.035169019048163074 0.035169019048163074 0.03516901904668929 0.035169019048162976 1.5524735588948966 0.0 -5.6021464961777645e-06 0.0037426988862132938 0.0 0.0
0.0 -0.0012395060420656416 0.0 0.5349415902560937 0.0 0.03616921778226313 0.03616921778226313 0.03616921778226313 0.03616921778226312 1.5524735588948966 0.0 -5.602146496168344e-06 0.0037426988862132933 0.0 0.0
0.0 -0.0014173527895713772 0.0 0.5297831054490693 0.0 0.03689482665020063 0.03689482665020063 0.036894826650197846 0.03689482665027016 1.5524735588948966 0.0 -5.6021464961673875e-06 0.0037426988862132855 0.0 0.0
0.0 -0.0015780993930452716 0.0 0.5244091141775745 0.0 0.037316036872757245 0.037316036872757245 0.037316036873203645 0.03731603687274194 1.5524735588948966 0.0 -5.602146496168056e-06 0.003742698886213282 0.0 0.0
0.0 -0.0017138904232396506 0.0 0.519144717765875 0.0 0.03743286952657612 0.03743286952657704 0.03743286952614178 0.03743286952658215 1.5524735588948966 0.0 -5.602146496169891e-06 0.003742698886213282 0.0 0.0
0.0 -0.00182789970640807 0.0 0.5139036665308713 0.0 0.03726018896955408 0.03726018896955408 0.03726018896889975 0.03726018896952683 1.5524735588948972 0.0 -5.602146496167623e-06 0.003742698886213245 0.0 0.0
0.0 -0.0019210799752081389 0.0 0.5086021535806681 0.0 0.036783358316365804 0.036783358316365825 0.03678335831594065 0.036783358316373846 1.5524735588948966 0.0 -5.6021464961698e-06 0.003742698886213281 0.0 0.0
0.0 -0.0019859369711662796 0.0 0.5035632159533537 0.0 0.03600664607769099 0.03600664607769098 0.03600664607699487 0.036006646077663705 1.5524735588949037 0.0 -5.6021464961811535e-06 0.00374269888621316 0.0 0.0
0.0 -0.00201837484494637 0.0 0.4990554478734527 0.0 0.034962738472877015 0.03496273847287702 0.034962738472828644 0.034962738469616256 1.5524735588949083 0.0 -5.602146496191101e-06 0.0037426988862131272 0.0 0.0
0.0 -0.0020177902719456897 0.0 0.4952601336324921 0.0 0.03370318507743304 0.03370318507743304 0.033703185076685946 0.03370318507746464 1.5524735588949772 0.0 -5.602146496366991e-06 0.0037426988862128783 0.0 0.0
0.0 -0.001986672650457545 0.0 0.4922573934501271 0.0 0.03228837487200208 0.032288374872002076 0.03228837487033111 0.03228837487199455 1.5524735588957543 0.0 -5.602146498330039e-06 0.0037426988862119637 0.0 0.0
0.0 -0.0019296607786968055 0.0 0.4900303570173177 0.0 0.030776040906719985 0.030776040906719995 0.030776040906746054 0.030776040907441363 1.5524735588949923 0.0 -5.602146496476502e-06 0.0037426988862128445 0.0 0.0
0.0 -0.0018527373710078916 0.0 0.4884872260616546 0.0 0.02921754503926705 0.02921754503926705 0.02921754503926234 0.029217545040008782 1.5524735588971283 0.0 -5.60214650192367e-06 0.0037426988862111696 0.0 0.0
0.0 -0.0017620725073391197 0.0 0.48749336228459317 0.0 0.027652678415891613 0.027652678415869394 0.027652678415871986 0.027652678415871986 1.5524735588952956 0.0 -5.6021464973214224e-06 0.0037426988862123943 0.0 0.0
0.0 -0.001663780400496811 0.0 0.4868882585419446 0.0 0.02611193913212474 0.02611193913212473 0.026111939132124732 0.02611193913556124 1.552473558901966 0.0 -5.602146514589705e-06 0.003742698886209548 0.0 0.0
0.0 -0.0015633634073388073 0.0 0.48651551377569796 0.0 0.02461883057952794 0.024618830579527937 0.02461883058012571 0.024618830579527934 1.5524735588959235 0.0 -5.602146498935413e-06 0.0037426988862119346 0.0 0.0
0.0 -0.0014655819574552215 0.0 0.4862328134171863 0.0 0.023191377840966032 0.02319137784096603 0.023191377840966032 0.023191377840981103 1.552473558894925 0.0 -5.602146496398713e-06 0.0037426988862130665 0.0 0.0
0.0 -0.0013743232863892736 0.0 0.48593186395598137 0.0 0.021846910367617062 0.021846910367617066 0.02184691036760456 0.021846910367604562 1.5524735588954843 0.0 -5.602146497849626e-06 0.003742698886212312 0.0 0.0
0.0 -0.0012925830242480041 0.0 0.48553839668801385 0.0 0.02060181198835205 0.020601811988352012 0.020601811988348758 0.02060181198885455 1.5524735588984642 0.0 -5.602146505570126e-06 0.0037426988862109723 0.0 0.0
0.0 -0.0012224200564488065 0.0 0.48502014004431365 0.0 0.019473534012401195 0.019473534012401195 0.019473534012401136 0.019473534014455354 1.5524735588949004 0.0 -5.602146496332546e-06 0.0037426988862132105 0.0 0.0
0.0 -0.0011647851500612265 0.0 0.4843878498609382 0.0 0.0184785965891161 0.01847859658911617 0.01847859658911066 0.018478596589110594 1.5524735588949 0.0 -5.602146496288713e-06 0.003742698886213217 0.0 0.0
0.0 -0.0011197558791892403 0.0 0.483686303032337 0.0 0.01763282424600853 0.017632824246008524 0.01763282424564176 0.017632824245638803 1.5524735588948972 0.0 -5.602146496365392e-06 0.0037426988862132556 0.0 0.0
0.0 -0.0010866073107489425 0.0 0.48298831076983145 0.0 0.01695033615716839 0.016950336157168382 0.01695033615677976 0.016950336156774805 1.552473558896425 0.0 -5.602146500265735e-06 0.003742698886211939 0.0 0.0
0.0 -0.0010640326714279635 0.0 0.48238173358608594 0.0 0.01644227508591023 0.016442275085910223 0.016442275085543332 0.01644227508293262 1.5524735588949143 0.0 -5.602146496387649e-06 0.003742698886213137 0.0 0.0
0.0 -0.0010507548886039505 0.0 0.4819524351641172 0.0 0.016119530568487448 0.016119530568487868 0.016119530562811322 0.01611953056281748 1.5524735588948966 0.0 -5.6021464963803375e-06 0.0037426988862132816 0.0 0.0
0.0 -0.0010420284410915706 0.0 0.4816386714908199 0.0 0.015896988749637075 0.015896988749637075 0.01589698874679363 0.01589698874702839 1.5524735588948966 0.0 -5.602146496363003e-06 0.003742698886213281 0.0 0.0
0.0 -0.0010335304176381968 0.0 0.48133979222571294 0.0 0.01568247219238552 0.01568247219238552 0.01568247218954414 0.01568247218986554 1.552473558894897 0.0 -5.602146496346143e-06 0.00374269888621326 0.0 0.0
0.0 -0.0010248078844392531 0.0 0.48107082043724286 0.0 0.015474754760476741 0.015474754760476736 0.015474754756466149 0.0154747547568144 1.552473558894914 0.0 -5.6021464964249075e-06 0.003742698886213142 0.0 0.0
0.0 -0.0010155537396739924 0.0 0.4808437633374427 0.0 0.015273605655513512 0.015273605655513557 0.015273605655513578 0.015273605655545423 1.5524735588948966 0.0 -5.602146496374713e-06 0.003742698886213281 0.0 0.0
0.0 -0.0010055642412253 0.0 0.48066861631821545 0.0 0.015079540992969459 0.015079540992969447 0.015079540992657578 0.015079540993035724 1.5524735588948966 0.0 -5.602146496365001e-06 0.0037426988862132816 0.0 0.0
0.0 -0.0009947375180281912 0.0 0.4805503770755104 0.0 0.01489281882612555 0.01489281882612555 0.014892818826118325 0.014892818826116405 1.5524735588948966 0.0 -5.6021464963582875e-06 0.0037426988862132807 0.0 0.0
0.0 -0.0009831118888633656 0.0 0.48049202398999485 0.0 0.01471494419210313 0.014714944192103131 0.014714944192107296 0.01471494419210428 1.552473558894897 0.0 -5.6021464963550315e-06 0.003742698886213263 0.0 0.0
0.0 -0.0009708700158808822 0.0 0.48049053371010797 0.0 0.014547412506551923 0.014547412506551925 0.014547412506551923 0.014547412506552906 1.5524735588949055 0.0 -5.602146496428244e-06 0.003742698886213184 0.0 0.0
0.0 -0.0009581648618468793 0.0 0.4805448797141215 0.0 0.014391972429900424 0.01439197242990044 0.014391972429901615 0.014391972429901683 1.5524735588948966 0.0 -5.602146496413166e-06 0.0037426988862132816 0.0 0.0
0.0 -0.0009453106593550096 0.0 0.48064504412468867 0.0 0.014249608077638967 0.0142496080776389 0.014249608077638518 0.01424960807763853 1.5524735588948966 0.0 -5.602146496364107e-06 0.0037426988862132816 0.0 0.0
0.0 -0.0009325678843869846 0.0 0.4807840061830018 0.0 0.014121558413521999 0.014121558413521964 0.014121558413547676 0.014121558413547668 1.5524735588948966 0.0 -5.602146496371829e-06 0.003742698886213282 0.0 0.0
0.0 -0.0009202748267604298 0.0 0.4809507477230084 0.0 0.014008805949484044 0.014008805949484986 0.014008805949480875 0.014008805949480852 1.5524735588948966 0.0 -5.602146496380951e-06 0.003742698886213282 0.0 0.0
0.0 -0.0009087385882887006 0.0 0.4811332615326735 0.0 0.013911581480676234 0.01391158148067592 0.013911581480676954 0.013911581480676964 1.5524735588948966 0.0 -5.602146496390692e-06 0.0037426988862132816 0.0 0.0
0.0 -0.0008982294406297604 0.0 0.4813195478951123 0.0 0.01382961572687035 0.013829615726870352 0.013829615726876769 0.01382961572687678 1.5524735588948966 0.0 -5.602146496400665e-06 0.003742698886213277 0.0 0.0
0.0 -0.0008889695409860545 0.0 0.4814996076708499 0.0 0.013762642614917936 0.013762642614917938 0.01376264261491919 0.013762642614919269 1.5524735588948968 0.0 -5.6021464964105994e-06 0.00374269888621327 0.0 0.0
0.0 -0.0008811314434781673 0.0 0.48166245642200445 0.0 0.01370939431724117 0.013709394317241002 0.013709394317242118 0.013709394317231059 1.5524735588948972 0.0 -5.6021464964200566e-06 0.003742698886213257 0.0 0.0
0.0 -0.0008748764179254237 0.0 0.48179910279295374 0.0 0.013669106288784798 0.013669106288784795 0.013669106288786832 0.013669106288786828 1.5524735588948981 0.0 -5.6021464963748386e-06 0.0037426988862132443 0.0 0.0
0.0 -0.0008703360347685367 0.0 0.481902552257913 0.0 0.013641267229312887 0.013641267229312894 0.013641267229315284 0.013641267229315301 1.552473558894898 0.0 -5.602146496314806e-06 0.003742698886213244 0.0 0.0
0.0 -0.0008675385047608626 0.0 0.48196782211122896 0.0 0.013624618932518104 0.013624618932518102 0.013624618932519806 0.013624618932519802 1.5524735588949001 0.0 -5.602146496388593e-06 0.003742698886213222 0.0 0.0
