0.0 -0.003470493402442645 0.0 0.4808139944557851 0.0 0.048761415266219875 0.048761415266219646 0.04876141535577675 0.048761415357680145 1.5524735595336123 0.0 -5.602146968108492e-06 0.0037426988852929297 0.0 0.0
0.0 -0.003310152171887263 0.0 0.48027825541654073 0.0 0.04639689191966867 0.04639689191966868 0.046396891917154334 0.04639689191715433 1.5524735588967458 0.0 -5.602146500782267e-06 0.003742698886210796 0.0 0.0
0.0 -0.003145934930690353 0.0 0.47989759111784 0.0 0.04403061798652269 0.04403061798652271 0.04403061798652198 0.044030617986560716 1.5524735588952183 0.0 -5.602146497090058e-06 0.0037426988862122633 0.0 0.0
0.0 -0.0029759834502507136 0.0 0.47975002032047237 0.0 0.04166296742109914 0.04166296742109914 0.04166296742109888 0.04166296742442577 1.552473558896566 0.0 -5.602146500413636e-06 0.003742698886211015 0.0 0.0
0.0 -0.0027985558146739558 0.0 0.4799125427693118 0.0 0.039295563925238974 0.03929556392523898 0.03929556392989737 0.03929556392520386 1.5524735589021224 0.0 -5.602146514588255e-06 0.0037426988862086174 0.0 0.0
0.0 -0.0026120093117712115 0.0 0.4804641288056704 0.0 0.036932034678075015 0.03693203467807501 0.036932034677024383 0.03693203467705466 1.5524735588963694 0.0 -5.602146500007608e-06 0.0037426988862112463 0.0 0.0
0.0 -0.0024150000297120037 0.0 0.4814797063935567 0.0 0.03457875092917074 0.03457875092917074 0.03457875092817858 0.03457875092921282 1.5524735589021799 0.0 -5.602146514956994e-06 0.0037426988862087193 0.0 0.0
0.0 -0.0022063497856032004 0.0 0.4830341697678 0.0 0.03224433418084304 0.032244334180843055 0.032244334187535924 0.032244334180870415 1.5524735588959528 0.0 -5.602146499077305e-06 0.0037426988862116132 0.0 0.0
0.0 -0.0019852344432838894 0.0 0.4851983595433465 0.0 0.029940900144813386 0.029940900144813393 0.029940900144813397 0.029940900145631492 1.5524735589004695 0.0 -5.602146510706357e-06 0.0037426988862095346 0.0 0.0
0.0 -0.001751256075099839 0.0 0.4880360618477529 0.0 0.02768405378362581 0.02768405378362564 0.027684053783685617 0.027684053783625817 1.5524735589166876 0.0 -5.602146553099639e-06 0.00374269888620594 0.0 0.0
0.0 -0.00150447415512443 0.0 0.4916049973677932 0.0 0.025493641111244025 0.025493641111244022 0.025493641111177422 0.02549364112002661 1.5524735589598 0.0 -5.602146666631082e-06 0.0037426988862007396 0.0 0.0
0.0 -0.0012455555216135598 0.0 0.49594982307290514 0.0 0.02339348762359983 0.023393487623599832 0.02339348762411966 0.02339348761493817 1.5524735588992873 0.0 -5.60214650784849e-06 0.003742698886210287 0.0 0.0
0.0 -0.0009757673102153767 0.0 0.5011001428896714 0.0 0.021410645814758787 0.021410645814758784 0.02141064581476318 0.02141064581476319 1.5524735589020664 0.0 -5.602146515173927e-06 0.0037426988862096205 0.0 0.0
0.0 -0.0006971892386371421 0.0 0.5070654875093399 0.0 0.019576636348705646 0.01957663634870564 0.019576636348710805 0.01957663634870665 1.5524735589005745 0.0 -5.6021465113098395e-06 0.0037426988862102263 0.0 0.0
0.0 -0.0004126584052838689 0.0 0.5138353256368784 0.0 0.0179266985089052 0.0179266985089052 0.017926698508912854 0.017926698508912837 1.552473558896158 0.0 -5.6021464997501615e-06 0.0037426988862119493 0.0 0.0
0.0 -0.00012594599119080232 0.0 0.5213640971353359 0.0 0.016497265703546333 0.01649726570354691 0.01649726570345854 0.016497265703458563 1.5524735589198213 0.0 -5.602146562098929e-06 0.0037426988862076637 0.0 0.0
0.0 0.00015834314218471387 0.0 0.5295791965947267 0.0 0.015327228217264538 0.015327228217264541 0.015327228205840924 0.015327228205809312 1.5524735588950087 0.0 -5.6021464964272665e-06 0.0037426988862129607 0.0 0.0
0.0 0.00043471548297876426 0.0 0.5383680220502969 0.0 0.014454412312686309 0.014454412312686312 0.014454412312686953 0.014454412312698948 1.5524735588949319 0.0 -5.602146496262547e-06 0.003742698886213107 0.0 0.0
0.0 0.0006968200926398956 0.0 0.5475769859313558 0.0 0.013914828085577676 0.013914828085577667 0.013914828085599193 0.013914828085599813 1.5524735588948966 0.0 -5.602146495441501e-06 0.003742698886213282 0.0 0.0
0.0 0.0009376879842599008 0.0 0.5570115637823356 0.0 0.013739419157568962 0.013739419157568964 0.013739419157560676 0.013739419157560726 1.5524735588948968 0.0 -5.602146495749201e-06 0.0037426988862132695 0.0 0.0
0.0 0.0011504912978366044 0.0 0.5664404303297325 0.0 0.013945067712502203 0.013945067712505872 0.013945067712561349 0.013945067712557662 1.5524735588948966 0.0 -5.602146495299761e-06 0.0037426988862132825 0.0 0.0
0.0 0.0013309434540515965 0.0 0.5756327774653455 0.0 0.014514150729293284 0.014514150729293273 0.014514150729349973 0.014514150729349959 1.5524735588948966 0.0 -5.602146494939135e-06 0.0037426988862132825 0.0 0.0
0.0 0.0014766792353594995 0.0 0.5843950176272329 0.0 0.015415102405443316 0.015415102405443293 0.015415102405874966 0.015415102405819897 1.5524735588948966 0.0 -5.602146494941167e-06 0.003742698886213284 0.0 0.0
0.0 0.001586688072110439 0.0 0.5925746500418264 0.0 0.01661142190944217 0.016611421909442144 0.01661142194961238 0.016611421952046457 1.5524735588948966 0.0 -5.602146495680686e-06 0.003742698886213283 0.0 0.0
0.0 0.001661074646544968 0.0 0.6000602120055082 0.0 0.018064923970396173 0.018064923970396166 0.018064923971086583 0.01806492397887175 1.5524735588948966 0.0 -5.602146496312953e-06 0.003742698886213287 0.0 0.0
0.0 0.0017009795903314435 0.0 0.6067802673531373 0.0 0.019736487193669106 0.019736487193669106 0.019736487194441817 0.019736487194496215 1.5524735588948964 0.0 -5.6021464963554805e-06 0.003742698886213321 0.0 0.0
0.0 0.0017080089295195525 0.0 0.6126903502388753 0.0 0.021589533927183265 0.021589533927183262 0.021589533927183283 0.021589533930105945 1.5524735588948966 0.0 -5.602146496493228e-06 0.0037426988862133115 0.0 0.0
0.0 0.0016845186177510273 0.0 0.6177809861836795 0.0 0.02358879282068008 0.023588792820680084 0.023588792820680087 0.023588792819865242 1.5524735588948966 0.0 -5.6021464965326535e-06 0.003742698886213314 0.0 0.0
0.0 0.001633069527065089 0.0 0.6220626502689905 0.0 0.025702775154649887 0.0257027751546499 0.025702775154654984 0.02570277515469509 1.5524735588948964 0.0 -5.602146496537511e-06 0.003742698886213328 0.0 0.0
0.0 0.0015563722026662988 0.0 0.6255657558940061 0.0 0.02790452496337386 0.027904524963373856 0.027904524962612226 0.027904524963378908 1.552473558894896 0.0 -5.6021464965307875e-06 0.003742698886213359 0.0 0.0
0.0 0.001457258652172283 0.0 0.6283356720700307 0.0 0.030170360820691182 0.030170360820691182 0.030170360820691196 0.030170360826927613 1.5524735588948944 0.0 -5.602146496496569e-06 0.0037426988862134187 0.0 0.0
0.0 0.0013385789859247873 0.0 0.6304307116003393 0.0 0.03248062275761582 0.03248062275761582 0.03248062275761605 0.032480622757659644 1.552473558894889 0.0 -5.6021464964771966e-06 0.00374269888621353 0.0 0.0
0.0 0.0012030146013147884 0.0 0.6319151253116717 0.0 0.03481991105872732 0.03481991105872732 0.034819911059373466 0.03481991105355196 1.552473558894896 0.0 -5.6021464964862564e-06 0.0037426988862133592 0.0 0.0
0.0 0.001053157485249439 0.0 0.6328601135856576 0.0 0.03717633776323141 0.037176337763231405 0.03717633776323576 0.03717633776320423 1.5524735588948928 0.0 -5.602146496426975e-06 0.0037426988862134477 0.0 0.0
0.0 0.0008914380424604451 0.0 0.6333408254927041 0.0 0.03954152185773692 0.03954152185773692 0.039541521858298505 0.0395415218577058 1.5524735588948813 0.0 -5.602146496355935e-06 0.0037426988862136056 0.0 0.0
0.0 0.0007201209419779504 0.0 0.6334323763750478 0.0 0.041909332664400306 0.041909332664400306 0.04190933266440048 0.04190933266442597 1.5524735588948948 0.0 -5.60214649641064e-06 0.003742698886213395 0.0 0.0
0.0 0.0005413645159030413 0.0 0.633213841506424 0.0 0.044276396333700355 0.04427639633370035 0.04427639633743587 0.0442763963337238 1.5524735588948873 0.0 -5.602146496370542e-06 0.003742698886213526 0.0 0.0
0.0 0.00035713166125381554 0.0 0.6327622656025634 0.0 0.046641336114275414 0.046641336114275414 0.046641336114275414 0.046641336117675465 1.5524735588948604 0.0 -5.602146496251997e-06 0.00374269888621375 0.0 0.0
0.0 0.00016931725688020988 0.0 0.6321556749300288 0.0 0.049004027044828286 0.04900402704482828 0.049004027044578576 0.04900402704458249 1.5524735588948917 0.0 -5.6021464963268e-06 0.003742698886213451 0.0 0.0
