0.0 -0.0008656147051309372 0.0 0.48201201098320084 0.0 0.013612940795732196 0.01361294079489404 0.01361294082517604 0.013612940808963633 1.5524735604734643 0.0 -5.6021507102690105e-06 0.003742698886207555 0.0 0.0
0.0 -0.0008626158708554648 0.0 0.48208030790270456 0.0 0.013594543965480413 0.01359454396548041 0.013594543965478316 0.013594543965478174 1.5524735588949028 0.0 -5.602146496400756e-06 0.0037426988862132022 0.0 0.0
0.0 -0.0008577003677268397 0.0 0.4821947830288654 0.0 0.013565222318684844 0.013565222318684842 0.013565222318686421 0.013565222318686426 1.552473558894907 0.0 -5.602146496416709e-06 0.0037426988862131793 0.0 0.0
0.0 -0.0008508950031836277 0.0 0.48236040779166295 0.0 0.01352698109476308 0.013526981094763075 0.013526981094764443 0.013526981094764513 1.5524735588949161 0.0 -5.602146496447863e-06 0.003742698886213142 0.0 0.0
0.0 -0.0008422508689345002 0.0 0.48258115336532154 0.0 0.013481827009647174 0.01348182700964717 0.013481827009644395 0.013481827009648256 1.5524735588949352 0.0 -5.602146496507533e-06 0.0037426988862130834 0.0 0.0
0.0 -0.000831874301916649 0.0 0.4828609796813385 0.0 0.013432516892375491 0.013432516892375495 0.013432516892381365 0.013432516892379159 1.5524735588949465 0.0 -5.602146496430508e-06 0.003742698886213066 0.0 0.0
0.0 -0.0008199141113889839 0.0 0.483202842634941 0.0 0.01338205600639195 0.013382056006391951 0.01338205600639338 0.013382056006389385 1.552473558895043 0.0 -5.602146496760986e-06 0.0037426988862129004 0.0 0.0
0.0 -0.0008065615788817172 0.0 0.4836086940850631 0.0 0.013333698048828892 0.013333698048828899 0.013333698048829931 0.013333698048829853 1.5524735588950775 0.0 -5.602146496803375e-06 0.0037426988862128657 0.0 0.0
0.0 -0.0007920561003794417 0.0 0.48407848531323305 0.0 0.013290693509735262 0.013290693509735241 0.01329069350972496 0.013290693509721813 1.5524735588948966 0.0 -5.602146496323482e-06 0.003742698886213279 0.0 0.0
0.0 -0.0007767092436300703 0.0 0.4846091667348769 0.0 0.0132562880695775 0.013256288069577536 0.013256288069578103 0.013256288069578036 1.5524735588948966 0.0 -5.602146496351031e-06 0.003742698886213279 0.0 0.0
0.0 -0.0007608254455221573 0.0 0.48519569943072 0.0 0.013232974087485057 0.01323297408748502 0.013232974087484568 0.01323297408749301 1.5524735588948966 0.0 -5.602146496395034e-06 0.0037426988862132816 0.0 0.0
0.0 -0.0007447275580475427 0.0 0.4858330407339181 0.0 0.01322349396064092 0.013223493960640913 0.013223493960642655 0.01322349396064266 1.5524735588948966 0.0 -5.602146496429763e-06 0.0037426988862132816 0.0 0.0
0.0 -0.0007286816993396201 0.0 0.4865131733445324 0.0 0.013228835011566631 0.013228835011566631 0.013228835011566992 0.01322883501156699 1.5524735588948966 0.0 -5.6021464964126645e-06 0.003742698886213281 0.0 0.0
0.0 -0.0007129539875322998 0.0 0.4872280799626255 0.0 0.013249984562784943 0.013249984562784933 0.013249984562784414 0.013249984562791466 1.5524735588948966 0.0 -5.602146496397014e-06 0.0037426988862132816 0.0 0.0
0.0 -0.0006977000502943547 0.0 0.4879697657737074 0.0 0.013286429710500416 0.013286429710500463 0.013286429710501865 0.013286429710553854 1.5524735588948966 0.0 -5.602146496437229e-06 0.003742698886213282 0.0 0.0
0.0 -0.0006829183990000577 0.0 0.4887352449019602 0.0 0.013337165493244783 0.013337165493244766 0.013337165493245073 0.013337165493245063 1.5524735588948966 0.0 -5.602146496424972e-06 0.003742698886213282 0.0 0.0
0.0 -0.0006686007794418884 0.0 0.48951954430482414 0.0 0.0134004336373205 0.013400433637320528 0.013400433637321778 0.01340043363732815 1.5524735590269634 0.0 -5.6100154469979784e-06 0.0037426985358723127 0.0 0.0
0.0 -0.000654543530189601 0.0 0.4903226987017917 0.0 0.013473483703652674 0.013473483703652667 0.0134734837036526 0.013473483703652598 1.5524735588949399 0.0 -5.602146496506087e-06 0.003742698886213074 0.0 0.0
0.0 -0.0006404842935755161 0.0 0.49114576360386225 0.0 0.013553066829482605 0.013553066829482782 0.013553066829481661 0.013553066829493332 1.5524735588949092 0.0 -5.602146496474407e-06 0.0037426988862131654 0.0 0.0
0.0 -0.0006260318342676561 0.0 0.4919927979591067 0.0 0.013635188817587065 0.013635188817587234 0.013635188817605958 0.013635188817586257 1.5524735588948995 0.0 -5.6021464964435685e-06 0.0037426988862132283 0.0 0.0
0.0 -0.0006071469636489974 0.0 0.493073656278971 0.0 0.013733938486639393 0.013733938486639393 0.013733938486638278 0.01373393848663828 1.552473558894897 0.0 -5.602146496442829e-06 0.0037426988862132634 0.0 0.0
0.0 -0.0005799401662685324 0.0 0.49457825475714257 0.0 0.013858871905503162 0.013858871905503046 0.013858871905502139 0.013858871905502028 1.5524735588948966 0.0 -5.602146496452286e-06 0.0037426988862132833 0.0 0.0
0.0 -0.0005440511352735733 0.0 0.4964857634668187 0.0 0.013998203626700366 0.01399820362723067 0.0139982036272841 0.013998203626753816 1.5524735588948966 0.0 -5.6021464963950284e-06 0.003742698886213278 0.0 0.0
0.0 -0.0004991534167139396 0.0 0.4987693732344158 0.0 0.01413863835632936 0.014138638356329346 0.01413863835636478 0.01413863835636479 1.5524735588948966 0.0 -5.602146496518962e-06 0.003742698886213282 0.0 0.0
0.0 -0.0004450551043325427 0.0 0.5014012521121974 0.0 0.014268379421570818 0.014268379421570792 0.014268379421577753 0.014268379421577763 1.5524735588948966 0.0 -5.602146496434498e-06 0.003742698886213279 0.0 0.0
0.0 -0.00038186724016110106 0.0 0.5043455433573395 0.0 0.014377117548649402 0.01437711754864942 0.014377117548635545 0.014377117548635516 1.5524735588948966 0.0 -5.602146496465547e-06 0.0037426988862132794 0.0 0.0
0.0 -0.00030987788623405886 0.0 0.5075643634165871 0.0 0.01445629052052845 0.014456290520528447 0.014456290520528589 0.014456290520534189 1.5524735588949312 0.0 -5.602146496624186e-06 0.003742698886213076 0.0 0.0
0.0 -0.00022967538795604873 0.0 0.5110187722343621 0.0 0.014501085082177808 0.01450108508217783 0.014501085082179866 0.014501085082179802 1.5524735588948966 0.0 -5.6021464964566365e-06 0.003742698886213279 0.0 0.0
0.0 -0.00014208599814240585 0.0 0.5146667951608017 0.0 0.014508933507769465 0.014508933507769462 0.014508933507772914 0.014508933507773913 1.5524735588948966 0.0 -5.602146496546053e-06 0.003742698886213281 0.0 0.0
0.0 -4.8254668059343084e-05 0.0 0.5184653972961448 0.0 0.014481267071211149 0.014481267071211152 0.014481267071223911 0.01448126707123137 1.5524735588949206 0.0 -5.602146496595867e-06 0.0037426988862131094 0.0 0.0
0.0 5.0665031625595436e-05 0.0 0.522376518951134 0.0 0.014421275328167558 0.014421275328167563 0.014421275328167562 0.014421275328176518 1.5524735588949516 0.0 -5.602146496691397e-06 0.003742698886213022 0.0 0.0
0.0 0.00015328577637669491 0.0 0.526363048259174 0.0 0.014335649966029275 0.014335649966029282 0.014335649966029278 0.014335649966035143 1.5524735588950536 0.0 -5.60214649695022e-06 0.0037426988862128436 0.0 0.0
0.0 0.00025821835477157903 0.0 0.5303908591254477 0.0 0.014232087652926927 0.014232087652927846 0.014232087653870233 0.01423208765387027 1.5524735591259908 0.0 -5.609869989794771e-06 0.0037426985211348987 0.0 0.0
0.0 0.00036398871531334175 0.0 0.5344268036745323 0.0 0.014119786808339932 0.014119786808339913 0.01411978680839521 0.01411978680839526 1.5524735588948966 0.0 -5.602146496485335e-06 0.0037426988862132786 0.0 0.0
0.0 0.0004691741732897326 0.0 0.5384407305253547 0.0 0.014008200818954415 0.014008200818954417 0.014008200819015297 0.014008200819015095 1.5524735588948966 0.0 -5.602146496558402e-06 0.003742698886213281 0.0 0.0
0.0 0.0005722814655518097 0.0 0.5423994878468478 0.0 0.013906778181117766 0.013906778181117766 0.013906778181278591 0.013906778181115574 1.5524735588948966 0.0 -5.602146496557446e-06 0.0037426988862132816 0.0 0.0
0.0 0.0006719571204761084 0.0 0.5462719430191988 0.0 0.01382372042974572 0.013823720429745723 0.01382372042973706 0.01382372042973707 1.5524735588948966 0.0 -5.602146496555522e-06 0.003742698886213277 0.0 0.0
0.0 0.0007668798039298236 0.0 0.5500229891270799 0.0 0.013765474113180014 0.013765474113180017 0.013765474113169621 0.013765474113169631 1.5524735598953687 0.0 -5.610379947404141e-06 0.0037426984406623716 0.0 0.0
0.0 0.0008558351866529673 0.0 0.5536165426943421 0.0 0.013736727145162211 0.013736727145162213 0.013736727145231869 0.01373672714515488 1.552473558894897 0.0 -5.60214649654408e-06 0.003742698886213264 0.0 0.0
0.0 0.0009376874105907644 0.0 0.5570115657420661 0.0 0.013739421591249855 0.013739421591249858 0.013739421591240898 0.013739421591240893 1.5524735602761044 0.0 -5.610466982551961e-06 0.0037426984203528823 0.0 0.0
0.0 0.0010171411796474409 0.0 0.5604051011445182 0.0 0.013774364432140685 0.013774364432140692 0.013774364432047766 0.013774364432047596 1.5524735588948968 0.0 -5.6021464965389995e-06 0.0037426988862132708 0.0 0.0
0.0 0.001098867517192829 0.0 0.5639922073307729 0.0 0.013842125697485313 0.013842125697485089 0.013842125697467872 0.013842125697580768 1.5524735588948966 0.0 -5.602146496550132e-06 0.0037426988862132786 0.0 0.0
0.0 0.0011821610302362752 0.0 0.5677359091347658 0.0 0.013940143245567953 0.013940143245567355 0.013940143245566555 0.01394014324527795 1.5524735588948966 0.0 -5.6021464965458e-06 0.003742698886213281 0.0 0.0
0.0 0.0012665126758181417 0.0 0.5715982780323464 0.0 0.014062855311533005 0.014062855311533009 0.01406285531165976 0.014062855311663477 1.5524735588948966 0.0 -5.602146496542981e-06 0.003742698886213281 0.0 0.0
0.0 0.0013517234900443664 0.0 0.5755474209597665 0.0 0.014202459413125897 0.014202459413125918 0.014202459413154636 0.014202459413154645 1.5524735588948966 0.0 -5.602146496525055e-06 0.0037426988862132855 0.0 0.0
0.0 0.0014377715290191514 0.0 0.579553471663709 0.0 0.014349406010507385 0.01434940601050736 0.014349406010512995 0.01434940601051293 1.5524735588948966 0.0 -5.6021464965417235e-06 0.003742698886213281 0.0 0.0
0.0 0.0015246235645454767 0.0 0.5835845708085955 0.0 0.014493642281570377 0.014493642281570372 0.014493642281567486 0.014493642281567106 1.5524735588948966 0.0 -5.602146496542131e-06 0.0037426988862132825 0.0 0.0
0.0 0.0016123737853421163 0.0 0.5876118711676864 0.0 0.014624370101653104 0.014624370101653099 0.014624370101653102 0.01462437010167186 1.5524735588948986 0.0 -5.602146496544878e-06 0.003742698886213231 0.0 0.0
0.0 0.001700988963212974 0.0 0.5916035134054041 0.0 0.014731536648626227 0.014731536648626224 0.014731536648619871 0.014731536648637343 1.5524735588948968 0.0 -5.602146496541002e-06 0.0037426988862132664 0.0 0.0
0.0 0.0017902532078117807 0.0 0.5955246148346076 0.0 0.01480658451602447 0.014806584516024467 0.014806584516032296 0.014806584516040387 1.5524735588948966 0.0 -5.602146496539272e-06 0.003742698886213277 0.0 0.0
0.0 0.0018797250354131846 0.0 0.5993362667255125 0.0 0.014842700503008177 0.014842700503008179 0.014842700503635418 0.014842700503649579 1.5524735592095955 0.0 -5.610410036414716e-06 0.0037426984817456694 0.0 0.0
0.0 0.001968677287531083 0.0 0.602997505671668 0.0 0.01483631726862834 0.014836317268628343 0.014836317269297376 0.014836317269312024 1.5524735588948966 0.0 -5.602146496544522e-06 0.003742698886213278 0.0 0.0
0.0 0.002056129371818311 0.0 0.6064653345370744 0.0 0.01478661681561024 0.014786616815610236 0.014786616815610235 0.014786616815628408 1.5524735588948968 0.0 -5.602146496537291e-06 0.0037426988862132742 0.0 0.0
0.0 0.0021408022482399046 0.0 0.6096956943026209 0.0 0.014696528683896492 0.014696528683896488 0.01469652868390357 0.014696528683924645 1.552473558894897 0.0 -5.602146496540809e-06 0.0037426988862132586 0.0 0.0
0.0 0.0022212010790564223 0.0 0.6126454788646314 0.0 0.014572234864418571 0.014572234864418386 0.014572234864418391 0.014572234864445394 1.5524735588948997 0.0 -5.602146496451853e-06 0.003742698886213221 0.0 0.0
0.0 0.002295693501577211 0.0 0.6152765310969103 0.0 0.014423425893622294 0.01442342589362228 0.014423425893622449 0.014423425893606066 1.5524735588949463 0.0 -5.602146496627229e-06 0.0037426988862130387 0.0 0.0
0.0 0.0023626017035821073 0.0 0.6175556615886153 0.0 0.014262050664748633 0.014262050664748364 0.014262050664761262 0.014262050664761307 1.5524735588948966 0.0 -5.602146496517151e-06 0.003742698886213281 0.0 0.0
0.0 0.002420220838328643 0.0 0.6194546523918341 0.0 0.014102066391100423 0.014102066391100405 0.01410206639116733 0.01410206639116737 1.5524735588948966 0.0 -5.602146496475986e-06 0.003742698886213281 0.0 0.0
0.0 0.0024670016867722596 0.0 0.6209532803731466 0.0 0.013957943189358411 0.013957943189358411 0.013957943189357917 0.013957943189753194 1.5524735588948966 0.0 -5.6021464964967656e-06 0.0037426988862132816 0.0 0.0
0.0 0.0025014078027875823 0.0 0.622030329605572 0.0 0.013843649497546556 0.013843649497546557 0.013843649497549756 0.01384364949752743 1.5524735588948966 0.0 -5.602146496456222e-06 0.003742698886213279 0.0 0.0
0.0 0.0025280828560805043 0.0 0.6228529757203763 0.0 0.013750951824769674 0.013750951824769505 0.013750951824747547 0.013750951824747533 1.5524735588948968 0.0 -5.602146496447474e-06 0.0037426988862132695 0.0 0.0
0.0 0.0025525270932417066 0.0 0.6236064857397279 0.0 0.013665894676744932 0.013665894676744936 0.01366589467672867 0.01366589467672204 1.552473558894898 0.0 -5.602146496436862e-06 0.0037426988862132443 0.0 0.0
0.0 0.0025748506923826456 0.0 0.6243038221934698 0.0 0.013591249314464057 0.013591249314464066 0.013591249314432771 0.013591249314432922 1.5524735588949024 0.0 -5.60214649643068e-06 0.0037426988862132044 0.0 0.0
0.0 0.002595166808868434 0.0 0.6249519758598153 0.0 0.013527777075840106 0.013527777075840108 0.013527777075826562 0.01352777707582656 1.5524735588948966 0.0 -5.60214649645329e-06 0.0037426988862132816 0.0 0.0
0.0 0.002613631070365955 0.0 0.6255589415532538 0.0 0.013475990864709499 0.013475990864709526 0.01347599086471391 0.013475990864697102 1.5524735588948966 0.0 -5.602146496433241e-06 0.0037426988862132816 0.0 0.0
0.0 0.0026303100063995617 0.0 0.6261267235987722 0.0 0.013435643850571072 0.01343564385057105 0.013435643850546604 0.0134356438505466 1.5524735588949632 0.0 -5.602146496572278e-06 0.0037426988862130227 0.0 0.0
0.0 0.0026454159785163863 0.0 0.6266603421777632 0.0 0.013405493862270407 0.013405493862270398 0.013405493862234621 0.01340549386222775 1.552473558894962 0.0 -5.602146496528435e-06 0.003742698886213027 0.0 0.0
0.0 0.0026590820457824175 0.0 0.627163805940198 0.0 0.013385047238531483 0.013385047238531357 0.013385047238523393 0.013385047238522888 1.5524735588948966 0.0 -5.602146496412092e-06 0.0037426988862132816 0.0 0.0
0.0 0.002671459200114858 0.0 0.6276411295223285 0.0 0.013373560291793703 0.013373560291793657 0.013373560291802698 0.01337356029155753 1.5524735590291656 0.0 -5.610131078980334e-06 0.003742698531428528 0.0 0.0
0.0 0.0026827003622920077 0.0 0.6280963186055769 0.0 0.013370289289553885 0.0133702892895537 0.0133702892895379 0.013370289289537842 1.5524735588948966 0.0 -5.602146496408693e-06 0.0037426988862132825 0.0 0.0
0.0 0.0026929555598336364 0.0 0.6285333923036068 0.0 0.013374490566199165 0.01337449056619917 0.013374490566191962 0.013374490566202438 1.5524735588948966 0.0 -5.602146496432161e-06 0.003742698886213282 0.0 0.0
0.0 0.002702260616477163 0.0 0.6289553417486773 0.0 0.013386668996689614 0.013386668996689633 0.013386668996681037 0.013386668996688217 1.5524735588948966 0.0 -5.602146496401408e-06 0.003742698886213281 0.0 0.0
0.0 0.0027107726485076232 0.0 0.6293671758794636 0.0 0.013406332523434253 0.013406332523434395 0.013406332523406252 0.013406332523406249 1.5524735588949612 0.0 -5.60214649651151e-06 0.003742698886213031 0.0 0.0
0.0 0.002718532639623367 0.0 0.6297728846080595 0.0 0.013434237673494812 0.013434237673494798 0.013434237673469362 0.013434237673469357 1.5524735588949645 0.0 -5.602146496610218e-06 0.0037426988862130158 0.0 0.0
0.0 0.0027254456133442317 0.0 0.6301724516678975 0.0 0.013471666835668167 0.013471666835668174 0.013471666835643801 0.013471666835643808 1.5524735755008572 0.0 -5.610035355001027e-06 0.003742698170671575 0.0 0.0
0.0 0.002731542841530789 0.0 0.6305698558095852 0.0 0.013519529974683605 0.013519529974683609 0.013519529974658533 0.013519529974650392 1.5524735588949161 0.0 -5.602146496478493e-06 0.0037426988862131394 0.0 0.0
0.0 0.0027365720713881346 0.0 0.6309610733116221 0.0 0.013579917578501174 0.013579917578501332 0.013579917578472727 0.01357991757847288 1.5524735588949006 0.0 -5.60214649634209e-06 0.0037426988862132187 0.0 0.0
0.0 0.0027402982966218794 0.0 0.6313430671084183 0.0 0.013655042975840269 0.013655042975840434 0.013655042975819312 0.013655042975816512 1.5524735588948984 0.0 -5.6021464964243154e-06 0.003742698886213241 0.0 0.0
0.0 0.0027422727369514374 0.0 0.6317047965484724 0.0 0.013747388904887057 0.013747388904887055 0.013747388904863905 0.013747388904863907 1.5524735588948968 0.0 -5.6021464964408275e-06 0.0037426988862132686 0.0 0.0
0.0 0.002741980082561078 0.0 0.6320332166553 0.0 0.013859684934471758 0.013859684934471758 0.013859684934452833 0.013859684934452832 1.5524735588948966 0.0 -5.602146496405341e-06 0.0037426988862132803 0.0 0.0
0.0 0.002738877125235609 0.0 0.6322973597023676 0.0 0.013989130939682336 0.01398913093972482 0.013989130939955558 0.013989130939955506 1.5524735588948966 0.0 -5.602146496352755e-06 0.003742698886213279 0.0 0.0
0.0 0.0027330096268852366 0.0 0.6324793179299225 0.0 0.014129197076463014 0.014129197076463025 0.014129197076605584 0.01412919707650651 1.5524735588948966 0.0 -5.602146496429308e-06 0.003742698886213282 0.0 0.0
0.0 0.0027246241142936238 0.0 0.6325771507217475 0.0 0.01427587953390772 0.014275879533907705 0.01427587953392991 0.014275879533929899 1.5524735588948966 0.0 -5.602146496434507e-06 0.0037426988862132807 0.0 0.0
0.0 0.002713989682845972 0.0 0.6325929036261466 0.0 0.01442618106652813 0.014426181066528208 0.01442618106651757 0.01442618106651752 1.5524735588948966 0.0 -5.602146496381697e-06 0.0037426988862132816 0.0 0.0
0.0 0.002701417900232507 0.0 0.6325296262277039 0.0 0.014576855994615385 0.014576855994615393 0.014576855994615393 0.01457685599463872 1.5524735588949012 0.0 -5.602146496386681e-06 0.0037426988862132114 0.0 0.0
0.0 0.0026872188455202223 0.0 0.6323933539868198 0.0 0.014725663599977628 0.014725663599977474 0.014725663599977472 0.014725663599999213 1.5524735588948968 0.0 -5.602146496369765e-06 0.0037426988862132677 0.0 0.0
0.0 0.0026717082399226083 0.0 0.6321911189050259 0.0 0.014870614805680379 0.014870614805680383 0.014870614805695159 0.014870614805711163 1.5524735588948966 0.0 -5.602146496413241e-06 0.0037426988862132807 0.0 0.0
0.0 0.00265517061665161 0.0 0.6319309420298339 0.0 0.015010472251668799 0.01501047225166877 0.015010472251409071 0.015010472251240923 1.5524735588948966 0.0 -5.6021464963997015e-06 0.0037426988862132816 0.0 0.0
0.0 0.002637871619429866 0.0 0.631620842790548 0.0 0.015144248632137335 0.015144248632137338 0.01514424863055559 0.015144248630527912 1.5524735590320042 0.0 -5.609854074041125e-06 0.0037426985200370412 0.0 0.0
0.0 0.0026200291865413686 0.0 0.6312698173974143 0.0 0.01527195832773689 0.015271958327736914 0.015271958327717255 0.015271958327667529 1.5524735588948966 0.0 -5.6021464963625955e-06 0.0037426988862132816 0.0 0.0
0.0 0.0026018102953498006 0.0 0.6308848742594659 0.0 0.015393612614820036 0.015393612614820047 0.015393612614826071 0.01539361261483929 1.5524735588948966 0.0 -5.60214649639719e-06 0.003742698886213281 0.0 0.0
0.0 0.0025833894630117606 0.0 0.6304740098094033 0.0 0.01550947434360333 0.015509474343603336 0.015509474341589034 0.015509474340353768 1.5524735588949021 0.0 -5.602146496319013e-06 0.0037426988862132027 0.0 0.0
0.0 0.00256486707196556 0.0 0.6300452076189919 0.0 0.015620806528587649 0.015620806528587643 0.015620806525945882 0.015620806524919035 1.552473558894898 0.0 -5.602146496406875e-06 0.003742698886213242 0.0 0.0
0.0 0.0025463081631171883 0.0 0.6296034578890344 0.0 0.015728367301163775 0.015728367301163778 0.01572836729910615 0.015728367298138538 1.5524735588948968 0.0 -5.602146496380995e-06 0.003742698886213271 0.0 0.0
0.0 0.0025278018346021514 0.0 0.629154751109036 0.0 0.01583291639633668 0.015832916396337063 0.015832916394775617 0.015832916393952203 1.5524735588948966 0.0 -5.602146496355057e-06 0.0037426988862132794 0.0 0.0
0.0 0.0025093578820959877 0.0 0.6287040662370745 0.0 0.015935962058751443 0.015935962058752005 0.015935962056236496 0.015935962055898298 1.5524735588948966 0.0 -5.602146496386693e-06 0.0037426988862132816 0.0 0.0
0.0 0.002491089460962011 0.0 0.6282583940513621 0.0 0.01603826562774857 0.016038265627748585 0.016038265618556542 0.016038265622073014 1.5524735588948966 0.0 -5.6021464962972605e-06 0.0037426988862132786 0.0 0.0
0.0 0.0024730007247249363 0.0 0.627821716968845 0.0 0.01614108370079976 0.016141083700800963 0.01614108369446807 0.016141083695867312 1.5524735588948966 0.0 -5.602146496393056e-06 0.003742698886213282 0.0 0.0
0.0 0.002455114241986897 0.0 0.6273980211540453 0.0 0.016245422846613088 0.016245422846613074 0.016245422841927103 0.016245422842108323 1.5524735588948966 0.0 -5.602146496369292e-06 0.003742698886213282 0.0 0.0
0.0 0.002437543168111264 0.0 0.6269942973851746 0.0 0.01635204440290112 0.016352044402901257 0.016352044399208947 0.016352044398936953 1.5524735588948966 0.0 -5.602146496402219e-06 0.003742698886213282 0.0 0.0
0.0 0.002420778755685803 0.0 0.626622590350012 0.0 0.01645821719742221 0.016458217197422208 0.016458217194068925 0.016458217193566025 1.5524735588948966 0.0 -5.6021464963820265e-06 0.003742698886213281 0.0 0.0
0.0 0.0024052103862353905 0.0 0.626289947040387 0.0 0.016560952000531776 0.016560952000531773 0.01656095200154639 0.016560951999001303 1.5524735588948992 0.0 -5.6021464963668205e-06 0.0037426988862132257 0.0 0.0
0.0 0.002390632829010597 0.0 0.6259893579402149 0.0 0.01666073766645804 0.01666073766645819 0.01666073766764935 0.016660737663242612 1.5524735588948968 0.0 -5.60214649633483e-06 0.003742698886213264 0.0 0.0
0.0 0.002376864910487286 0.0 0.6257148138221177 0.0 0.01675806464679703 0.016758064646797025 0.016758064647706447 0.0167580646445264 1.5524735588948968 0.0 -5.6021464963863785e-06 0.0037426988862132747 0.0 0.0
0.0 0.002363749514371362 0.0 0.6254613057474212 0.0 0.016853425000173887 0.016853425000173897 0.016853425001444662 0.01685342499673227 1.5524735588948966 0.0 -5.602146496327495e-06 0.0037426988862132816 0.0 0.0
0.0 0.0023510922441707057 0.0 0.6252238194245595 0.0 0.016947810885179906 0.01694781088517991 0.01694781088517991 0.016947810883253474 1.5524735590381589 0.0 -5.610011323505795e-06 0.0037426985110635 0.0 0.0
0.0 0.002338681642139144 0.0 0.6249973303745681 0.0 0.01704246441095609 0.01704246441095605 0.01704246441095608 0.017042464406869098 1.552473559032283 0.0 -5.6099513022195275e-06 0.003742698515810316 0.0 0.0
0.0 0.0023264383947261004 0.0 0.6247808271051762 0.0 0.017138134118261695 0.017138134118261733 0.01713813411703714 0.017138134111796068 1.5524735588948966 0.0 -5.60214649639013e-06 0.0037426988862132816 0.0 0.0
0.0 0.002314130836333007 0.0 0.6245692899327684 0.0 0.017236312234462696 0.01723631223446273 0.017236312234312746 0.01723631222977087 1.5524735588948966 0.0 -5.602146496378402e-06 0.003742698886213281 0.0 0.0
0.0 0.0023016135813115554 0.0 0.6243597008717277 0.0 0.017337994086018854 0.017337994086018844 0.017337994086255845 0.017337994082953157 1.5524735588948966 0.0 -5.602146496302282e-06 0.0037426988862132786 0.0 0.0
0.0 0.0022887520819689054 0.0 0.6241510371479008 0.0 0.017444678296003043 0.01744467829600305 0.01744467829651627 0.01744467829261677 1.5524735588948966 0.0 -5.602146496409724e-06 0.003742698886213282 0.0 0.0
0.0 0.0022754005063110767 0.0 0.6239402829048758 0.0 0.01755736020293963 0.01755736020293963 0.0175573602038975 0.017557360203896023 1.5524735588948986 0.0 -5.6021464964009255e-06 0.003742698886213232 0.0 0.0
0.0 0.002261381834340904 0.0 0.6237254113322203 0.0 0.017677786867148347 0.01767778686714835 0.017677786867828504 0.017677786864446123 1.5524735588948966 0.0 -5.602146496322336e-06 0.00374269888621328 0.0 0.0
0.0 0.0022465979128779116 0.0 0.62350540915648 0.0 0.017806957071938443 0.01780695707193855 0.017806957071938436 0.017806957071938436 1.552473559239004 0.0 -5.6093697459072924e-06 0.00374269848909782 0.0 0.0
0.0 0.002230891443926402 0.0 0.6232782472981527 0.0 0.0179463671194906 0.0179463671194906 0.017946367119729623 0.01794636711972963 1.5524735588948966 0.0 -5.602146496361124e-06 0.003742698886213282 0.0 0.0
0.0 0.002214078458413303 0.0 0.6230409084223212 0.0 0.018097513145334983 0.018097513145334893 0.018097513143170266 0.018097513143170253 1.5524735588948966 0.0 -5.602146496403444e-06 0.0037426988862132816 0.0 0.0
0.0 0.002196091373820448 0.0 0.6227943720742695 0.0 0.01826164669832355 0.01826164669832354 0.01826164669840392 0.018261646698403952 1.5524735588948966 0.0 -5.6021464963903045e-06 0.0037426988862132807 0.0 0.0
0.0 0.002176693771393229 0.0 0.6225326177838957 0.0 0.01844000834901683 0.01844000834901682 0.018440008349531054 0.01844000834953104 1.5524735588948966 0.0 -5.602146496375786e-06 0.0037426988862132816 0.0 0.0
0.0 0.00215576951851572 0.0 0.6222546265246209 0.0 0.018633846682021473 0.018633846682021213 0.01863384668204729 0.018633846682040284 1.552473558894897 0.0 -5.602146496359167e-06 0.003742698886213261 0.0 0.0
0.0 0.002133106253661487 0.0 0.6219553781150494 0.0 0.01884440386750386 0.018844403867503853 0.018844403867519677 0.018844403867519864 1.5524735588948966 0.0 -5.60214649639837e-06 0.0037426988862132807 0.0 0.0
0.0 0.002105698680115314 0.0 0.6215914612773732 0.0 0.0190983650055143 0.01909836500551429 0.019098365003664127 0.01909836500548554 1.5524735590316845 0.0 -5.60983461131503e-06 0.00374269851921448 0.0 0.0
0.0 0.0020709633499498867 0.0 0.6211255162675732 0.0 0.019418674189035656 0.01941867418903566 0.0194186741895481 0.019418674189046647 1.552473559022347 0.0 -5.609691640641061e-06 0.003742698546068634 0.0 0.0
0.0 0.0020293888166960984 0.0 0.6205626195740124 0.0 0.01980033872085005 0.01980033872085021 0.01980033872084145 0.019800338723819845 1.5524735588948966 0.0 -5.6021464963763336e-06 0.003742698886213279 0.0 0.0
0.0 0.001981359497265138 0.0 0.6199058399321884 0.0 0.020239112764041424 0.020239112764041663 0.02023911276402519 0.020239112768009247 1.5524735588948966 0.0 -5.6021464963376335e-06 0.0037426988862132816 0.0 0.0
0.0 0.0019273162761279344 0.0 0.6191582510638415 0.0 0.02073000037196405 0.02073000037196405 0.020730000371964052 0.02073000037491702 1.5524735588948966 0.0 -5.6021464963530164e-06 0.003742698886213282 0.0 0.0
0.0 0.0018677232811087723 0.0 0.6183239311880576 0.0 0.021268007219858442 0.021268007219858453 0.021268007220102025 0.02126800722010196 1.552473559030356 0.0 -5.6097495720180686e-06 0.0037426985299070423 0.0 0.0
0.0 0.001803039119802094 0.0 0.6174089394075043 0.0 0.021848892240203668 0.021848892240203668 0.02184889224022013 0.021848892240220127 1.5524735588948966 0.0 -5.6021464963672254e-06 0.0037426988862132838 0.0 0.0
0.0 0.0017337271147593184 0.0 0.6164173581668217 0.0 0.022467661140053347 0.022467661140053347 0.022467661140052986 0.022467661139444633 1.5524735588948966 0.0 -5.602146496367031e-06 0.003742698886213282 0.0 0.0
0.0 0.001660298824907874 0.0 0.6153582479127699 0.0 0.023120327731832726 0.023120327731834287 0.023120327732020336 0.023120327731827324 1.5524735588948966 0.0 -5.602146496363054e-06 0.0037426988862132816 0.0 0.0
0.0 0.0015832244228595003 0.0 0.6142366812927904 0.0 0.023802149317196004 0.023802149317196014 0.023802149317227288 0.023802149317227305 1.5524735588948966 0.0 -5.602146496356021e-06 0.0037426988862132833 0.0 0.0
0.0 0.0015030391221331919 0.0 0.6130627211551256 0.0 0.02450914132785049 0.024509141327850495 0.0245091413278505 0.024509141327812668 1.5524735588948966 0.0 -5.602146496344986e-06 0.003742698886213282 0.0 0.0
0.0 0.0014202852670245128 0.0 0.6118444410133309 0.0 0.02523656587658235 0.02523656587658235 0.025236565876268227 0.025236565872426515 1.5524735588948966 0.0 -5.602146496331055e-06 0.003742698886213281 0.0 0.0
0.0 0.0013354796559750532 0.0 0.6105918999680733 0.0 0.025980688430482932 0.02598068843048294 0.02598068842984435 0.025980688428159995 1.5524735588948966 0.0 -5.602146496315321e-06 0.0037426988862132864 0.0 0.0
0.0 0.0012491755797919802 0.0 0.6093151666074165 0.0 0.02673727417102175 0.02673727417102175 0.026737274171024165 0.026737274171024155 1.552473558904548 0.0 -5.609405812960648e-06 0.0037426986113286817 0.0 0.0
0.0 0.001161938964740772 0.0 0.6080262946326995 0.0 0.027502592417805918 0.027502592417805918 0.027502592417276744 0.027502592417806 1.5524735588948966 0.0 -5.602146496341004e-06 0.003742698886213282 0.0 0.0
0.0 0.0010743167838996434 0.0 0.6067343600753469 0.0 0.028272156280220617 0.028272156280220635 0.028272156280214827 0.028272156283480867 1.5524735588948966 0.0 -5.6021464963224225e-06 0.0037426988862132816 0.0 0.0
0.0 0.0009868742879553317 0.0 0.6054514206211896 0.0 0.02904223465138975 0.029042234651389894 0.029042234651389887 0.029042234652730085 1.5524735588948966 0.0 -5.602146496304594e-06 0.003742698886213288 0.0 0.0
0.0 0.0009001891627323418 0.0 0.6041885431547498 0.0 0.02980859452749416 0.029808594527518002 0.02980859452751799 0.029808594527518 1.5524735588948966 0.0 -5.602146496349566e-06 0.0037426988862132846 0.0 0.0
0.0 0.0008147966217499668 0.0 0.6029557905242693 0.0 0.03056725134033491 0.0305672513403349 0.03056725134033491 0.03056725134034119 1.5524735588948966 0.0 -5.60214649633491e-06 0.003742698886213282 0.0 0.0
0.0 0.0007312078212990598 0.0 0.6017622252892855 0.0 0.031314218918697984 0.03131421891869799 0.03131421891869562 0.031314218918290115 1.5524735588948966 0.0 -5.6021464963223505e-06 0.0037426988862132816 0.0 0.0
0.0 0.0006446491759333451 0.0 0.6005411800648772 0.0 0.032092647953817444 0.032092647953817444 0.032092647953817444 0.03209264795336997 1.5524735588948966 0.0 -5.602146496308623e-06 0.00374269888621329 0.0 0.0
0.0 0.000550521455305701 0.0 0.5992210459837909 0.0 0.03294168051596877 0.03294168051596877 0.03294168051595213 0.032941680515585915 1.5524735588948966 0.0 -5.602146496287185e-06 0.003742698886213287 0.0 0.0
0.0 0.0004496221498973017 0.0 0.5978029807328613 0.0 0.03385081662500256 0.033850816625002556 0.033850816625002556 0.03385081662280145 1.5524735588948966 0.0 -5.602146496323762e-06 0.003742698886213285 0.0 0.0
0.0 0.0003426243105247443 0.0 0.5962791581384514 0.0 0.03480829167808624 0.03480829167808625 0.03480829167909099 0.03480829167808308 1.5524735588948966 0.0 -5.6021464962897516e-06 0.003742698886213284 0.0 0.0
0.0 0.00023008783264108707 0.0 0.5946347612487131 0.0 0.03580157973844503 0.035801579738445034 0.03580157973844488 0.035801579738432635 1.5524735588948966 0.0 -5.602146496311965e-06 0.003742698886213284 0.0 0.0
0.0 0.00011256696954923752 0.0 0.5928539765706675 0.0 0.03681790322443305 0.03681790322443305 0.03681790322443304 0.03681790322440168 1.5524735588948966 0.0 -5.602146496261162e-06 0.0037426988862132846 0.0 0.0
0.0 -9.364121745181108e-06 0.0 0.5909180084830935 0.0 0.03784322955668459 0.0378432295566846 0.0378432295568298 0.037843229556684316 1.5524735588948966 0.0 -5.602146496263908e-06 0.0037426988862132855 0.0 0.0
0.0 -0.00013504633962492727 0.0 0.5888100694373297 0.0 0.038863029287390966 0.038863029287390966 0.03886302928747901 0.03886302928739085 1.5524735588948966 0.0 -5.602146496257666e-06 0.003742698886213286 0.0 0.0
0.0 -0.00026372999571199477 0.0 0.5865163764984023 0.0 0.039862527741483515 0.03986252774148376 0.03986252774151319 0.039862527741513186 1.5524735588948966 0.0 -5.602146496243217e-06 0.003742698886213286 0.0 0.0
0.0 -0.0003943879991935238 0.0 0.5840331571135389 0.0 0.04082646620397457 0.04082646620397457 0.04082646620397457 0.040826466203973164 1.5524735588948966 0.0 -5.602146496221888e-06 0.0037426988862132855 0.0 0.0
0.0 -0.000525722987598042 0.0 0.5813686384468502 0.0 0.04173985523984563 0.04173985523984562 0.041739855240317716 0.04173985524031039 1.5524735588948966 0.0 -5.602146496235071e-06 0.0037426988862132846 0.0 0.0
0.0 -0.0006562338563297907 0.0 0.5785410430543477 0.0 0.042588221525954886 0.042588221525954886 0.04258822152584831 0.04258822152595745 1.5524735588948966 0.0 -5.602146496241833e-06 0.0037426988862132825 0.0 0.0
0.0 -0.0007842130937689547 0.0 0.575585557176709 0.0 0.0433598694127323 0.0433598694127323 0.043359869412927826 0.043359869412732024 1.5524735588948966 0.0 -5.602146496202735e-06 0.0037426988862132816 0.0 0.0
0.0 -0.0009077509347968806 0.0 0.5725503483223283 0.0 0.044044624324218885 0.04404462432421888 0.044044624324455627 0.044044624324207936 1.5524735588948966 0.0 -5.602146496201762e-06 0.003742698886213291 0.0 0.0
0.0 -0.0010249492109492934 0.0 0.5694945309617364 0.0 0.04463607988893622 0.04463607988893622 0.04463607988892774 0.04463607988843375 1.5524735588948966 0.0 -5.602146496198883e-06 0.003742698886213284 0.0 0.0
0.0 -0.0011338732359595094 0.0 0.566490167105011 0.0 0.045131601146296406 0.04513160114616894 0.04513160114616894 0.04513160114785651 1.5524735588948966 0.0 -5.6021464962367044e-06 0.0037426988862132816 0.0 0.0
0.0 -0.001232805150966014 0.0 0.5636132562082832 0.0 0.0455328101934065 0.045532810193394516 0.04553281019340854 0.045532810193189555 1.5524735588948966 0.0 -5.6021464962420424e-06 0.0037426988862132816 0.0 0.0
0.0 -0.0013202439245122884 0.0 0.5609437351737365 0.0 0.045845586180019084 0.045845586180001376 0.045845586180019444 0.045845586180001695 1.5524735588948966 0.0 -5.6021464962131205e-06 0.003742698886213282 0.0 0.0
0.0 -0.001395029792210844 0.0 0.5585564944891355 0.0 0.04607880069254626 0.04607880069252286 0.04607880069252373 0.04607880069252285 1.5524735588948966 0.0 -5.602146496238337e-06 0.003742698886213282 0.0 0.0
0.0 -0.001456272408870342 0.0 0.5565243811569974 0.0 0.046244322577240066 0.04624432257725059 0.04624432257758497 0.046244322577250634 1.5524735590264493 0.0 -5.609152055529917e-06 0.003742698543789295 0.0 0.0
0.0 -0.001507068616457341 0.0 0.554781062632512 0.0 0.04636254904853861 0.046362549048553685 0.046362549048553685 0.0463625490485537 1.5524735588948966 0.0 -5.602146496248283e-06 0.003742698886213282 0.0 0.0
0.0 -0.001551626497186716 0.0 0.5532072371760182 0.0 0.0464515420828241 0.04645154208283881 0.04645154208283881 0.0464515420828448 1.5524735588948966 0.0 -5.602146496274647e-06 0.003742698886213282 0.0 0.0
0.0 -0.00159077973553109 0.0 0.5517887974980772 0.0 0.04651803023401214 0.04651803023401215 0.046518030234012145 0.046518030234012124 1.5524735588948966 0.0 -5.6021464963103565e-06 0.003742698886213277 0.0 0.0
0.0 -0.0016253056059152497 0.0 0.5505086637392137 0.0 0.04656698699595511 0.046566986995955115 0.046566986996452495 0.04656698699645248 1.5524735588948966 0.0 -5.6021464962929195e-06 0.003742698886213278 0.0 0.0
0.0 -0.0016559983092153915 0.0 0.5493467664165612 0.0 0.046602630939741194 0.046602630939755835 0.046602630939755835 0.046602630939755835 1.5524735588948966 0.0 -5.602146496283215e-06 0.003742698886213283 0.0 0.0
0.0 -0.0016835968010754647 0.0 0.5482830472899769 0.0 0.04662843052169691 0.0466284305217107 0.046628430522251386 0.04662843052171077 1.5524735588948966 0.0 -5.602146496340084e-06 0.003742698886213283 0.0 0.0
0.0 -0.0017087114987253895 0.0 0.5472974764465018 0.0 0.04664610418974812 0.04664610418974812 0.04664610418974812 0.04664610418974809 1.552473559156488 0.0 -5.609641517120614e-06 0.0037426984743176937 0.0 0.0
0.0 -0.0017320844099493668 0.0 0.5463660069465608 0.0 0.04665786303529088 0.04665786303529087 0.04665786303577607 0.04665786303577607 1.5524735588948966 0.0 -5.602146496343928e-06 0.003742698886213281 0.0 0.0
0.0 -0.0017542530259236349 0.0 0.5454686280558152 0.0 0.0466644258638334 0.04666442586383339 0.046664425863833396 0.046664425863834506 1.5524735588948966 0.0 -5.602146496349642e-06 0.0037426988862132794 0.0 0.0
0.0 -0.0017758255409960303 0.0 0.5445823197971663 0.0 0.046666505651936606 0.0466665056519366 0.04666650565242713 0.046666505652426186 1.5524735588948966 0.0 -5.602146496355886e-06 0.003742698886213281 0.0 0.0
0.0 -0.0017973312141817853 0.0 0.5436850758191037 0.0 0.04666406712237084 0.04666406712237072 0.046664067122860066 0.04666406712286171 1.5524735588948966 0.0 -5.602146496303165e-06 0.0037426988862132803 0.0 0.0
0.0 -0.0018193233617246809 0.0 0.542753889481413 0.0 0.04665707339338133 0.046657073393381446 0.046657073393881976 0.04665707339388197 1.5524735588948966 0.0 -5.602146496307272e-06 0.00374269888621328 0.0 0.0
0.0 -0.0018422395262505799 0.0 0.5417667752064983 0.0 0.04664423925681482 0.04664423925681483 0.046644239257345115 0.04664423925734511 1.552473559157651 0.0 -5.609465913439211e-06 0.0037426984786982824 0.0 0.0
0.0 -0.0018665342294718413 0.0 0.5407017355250291 0.0 0.04662452850891095 0.04662452850891095 0.04662452850891095 0.04662452850891311 1.5524735588948966 0.0 -5.602146496303798e-06 0.0037426988862132794 0.0 0.0
0.0 -0.0018925904867775909 0.0 0.5395368001742099 0.0 0.04659590634461607 0.04659590634463592 0.046595906344635916 0.04659590634463593 1.5524735588948966 0.0 -5.602146496294042e-06 0.0037426988862132825 0.0 0.0
0.0 -0.0019207233480325503 0.0 0.5382519950720736 0.0 0.04655609009548438 0.04655609009550177 0.04655609009548437 0.046556090095503495 1.5524735588948966 0.0 -5.602146496275839e-06 0.0037426988862132825 0.0 0.0
0.0 -0.0019512042611679284 0.0 0.536825366333153 0.0 0.04650154395517472 0.04650154395517483 0.046501543955784805 0.04650154395578113 1.5524735588948966 0.0 -5.602146496310719e-06 0.003742698886213277 0.0 0.0
0.0 -0.0019841719379154635 0.0 0.5352389706923618 0.0 0.046428238437309303 0.04642823843732966 0.04642823843787862 0.046428238437329655 1.5524735590074934 0.0 -5.609294584042239e-06 0.0037426985636327473 0.0 0.0
0.0 -0.002019690138226862 0.0 0.5334748719932713 0.0 0.046331143982467723 0.04633114398246773 0.046331143983172556 0.04633114398315004 1.5524735588948968 0.0 -5.602146496288325e-06 0.003742698886213267 0.0 0.0
0.0 -0.0020577027844935966 0.0 0.5315171614696201 0.0 0.046204233970008675 0.04620423397000869 0.0462042339701704 0.04620423397007259 1.5524735588948966 0.0 -5.6021464962917565e-06 0.003742698886213282 0.0 0.0
0.0 -0.0021088854138544555 0.0 0.5287505025130033 0.0 0.04599026214989889 0.04599026214989888 0.045990262148305046 0.0459902621498185 1.5524735588948966 0.0 -5.602146496203345e-06 0.0037426988862132816 0.0 0.0
0.0 -0.0021776785336236784 0.0 0.5247350266774466 0.0 0.045604759111660335 0.04560475911166033 0.04560475911166032 0.045604759111683095 1.5524735592228234 0.0 -5.609019305054795e-06 0.003742698476630554 0.0 0.0
0.0 -0.0022534129506220236 0.0 0.5197565816854371 0.0 0.044996422876364975 0.044996422876364954 0.04499642287412954 0.044996422939668226 1.5524735588948966 0.0 -5.602146496164679e-06 0.0037426988862132816 0.0 0.0
0.0 -0.002324695838003908 0.0 0.5141479669946704 0.0 0.04411953005586184 0.044119530055861854 0.0441195300558941 0.04411953005308749 1.5524735588948975 0.0 -5.602146496169706e-06 0.0037426988862132382 0.0 0.0
0.0 -0.002380674878756563 0.0 0.5082697290648522 0.0 0.042944903001275764 0.042944903001275694 0.0429449030012757 0.042944902998005324 1.5524735588949001 0.0 -5.602146496173247e-06 0.0037426988862131897 0.0 0.0
0.0 -0.0024123636415729964 0.0 0.5024810427449864 0.0 0.04146836668291218 0.0414683666829122 0.041468366683802646 0.041468366682912254 1.5524735588949676 0.0 -5.602146496316511e-06 0.003742698886212865 0.0 0.0
0.0 -0.002413532866147419 0.0 0.4971056830316447 0.0 0.03971169385539169 0.03971169385539169 0.039711693858762616 0.03971169385880115 1.5524735588949223 0.0 -5.602146496217283e-06 0.0037426988862130366 0.0 0.0
0.0 -0.002381414941670197 0.0 0.4923920659868755 0.0 0.03771904041087298 0.03771904041087298 0.03771904041087298 0.037719040410831225 1.5524735588975394 0.0 -5.6021465027545814e-06 0.0037426988862108235 0.0 0.0
0.0 -0.002316580330062028 0.0 0.48849933838557996 0.0 0.03555067196152398 0.03555067196152398 0.03555067196061549 0.035550671961485335 1.5524735589014858 0.0 -5.602146512932959e-06 0.0037426988862094284 0.0 0.0
0.0 -0.002222540740490208 0.0 0.48548949532806857 0.0 0.03327494980720036 0.03327494980720037 0.03327494980631153 0.03327494980723518 1.5524735588956415 0.0 -5.602146497350286e-06 0.0037426988862128813 0.0 0.0
0.0 -0.002104961752720369 0.0 0.48333649901413916 0.0 0.03096059426988 0.030960594269880005 0.0309605942690512 0.030960594268230224 1.5524735588990586 0.0 -5.602146506854707e-06 0.0037426988862103118 0.0 0.0
0.0 -0.0019709054394146225 0.0 0.4819463407297186 0.0 0.028672966102828677 0.028672966102828684 0.02867296610282868 0.02867296610363905 1.5524735589128833 0.0 -5.602146542930213e-06 0.003742698886207105 0.0 0.0
0.0 -0.001827989543636061 0.0 0.4811820967835899 0.0 0.026470856152146324 0.026470856152123776 0.02647085615212377 0.026470856152123773 1.5524735589494763 0.0 -5.602146639186939e-06 0.003742698886202594 0.0 0.0
0.0 -0.0016838100859577372 0.0 0.4808879354335431 0.0 0.02440652357106084 0.024406523571060833 0.024406523571719994 0.024406523571060833 1.552473558898033 0.0 -5.602146504402447e-06 0.0037426988862109003 0.0 0.0
0.0 -0.0015455282920545008 0.0 0.4809101042190208 0.0 0.02252698041946275 0.022526980419462748 0.022526980420082002 0.022526980419480716 1.552473558897834 0.0 -5.602146503150745e-06 0.003742698886212551 0.0 0.0
0.0 -0.001419601745620931 0.0 0.48111191554464605 0.0 0.020875265036137878 0.020875265036137826 0.020875265036137822 0.02087526503668967 1.5524735588955558 0.0 -5.6021464980467164e-06 0.00374269888621227 0.0 0.0
0.0 -0.001311722362091613 0.0 0.4813847086380287 0.0 0.01949321059968439 0.01949321059968426 0.019493210599682093 0.019493210599678953 1.5524735589037153 0.0 -5.602146519392098e-06 0.00374269888620965 0.0 0.0
0.0 -0.0012268276576780227 0.0 0.481645856465277 0.0 0.018420941638287218 0.01842094163828728 0.01842094163828345 0.018420941638283454 1.5524735588949077 0.0 -5.602146496439531e-06 0.003742698886213157 0.0 0.0
0.0 -0.0011692552141897622 0.0 0.48184072508707415 0.0 0.01769962783490311 0.017699627834903107 0.017699627834530267 0.01769962783453027 1.5524735588948968 0.0 -5.60214649637317e-06 0.0037426988862132686 0.0 0.0
0.0 -0.001142830275888332 0.0 0.481933697291487 0.0 0.017369719158407897 0.017369719158407893 0.017369719157959942 0.017369719157959942 1.5524735588949174 0.0 -5.60214649635809e-06 0.003742698886213123 0.0 0.0
0.0 -0.0011337059999088064 0.0 0.4819664134991406 0.0 0.017256001722658884 0.017256001722658888 0.017256001722658888 0.017256001719230064 1.5524735590311298 0.0 -5.609850738760505e-06 0.0037426985262751823 0.0 0.0
0.0 -0.0011256220472782756 0.0 0.4819939366617619 0.0 0.017154778123521123 0.017154778123521154 0.017154778123421345 0.01715477811843672 1.5524735588948966 0.0 -5.602146496382165e-06 0.0037426988862132816 0.0 0.0
0.0 -0.001118487417606546 0.0 0.48201629185139605 0.0 0.017064798219466704 0.01706479821946667 0.017064798220353044 0.017064798212646348 1.5524735588948966 0.0 -5.602146496383372e-06 0.003742698886213282 0.0 0.0
0.0 -0.001112204035022339 0.0 0.48203449223565475 0.0 0.016985063446192793 0.016985063446192782 0.016985063446456294 0.016985063445257943 1.5524735588948966 0.0 -5.602146496384338e-06 0.003742698886213281 0.0 0.0
0.0 -0.0011066798241385575 0.0 0.48204855655241 0.0 0.01691432361855729 0.016914323618557284 0.01691432361832842 0.016914323615588478 1.5524735588948966 0.0 -5.602146496385065e-06 0.0037426988862132803 0.0 0.0
0.0 -0.0011018411246451103 0.0 0.4820584997919608 0.0 0.016851578583245277 0.016851578583245284 0.01685157858295136 0.016851578579789972 1.5524735588948966 0.0 -5.602146496385532e-06 0.0037426988862132803 0.0 0.0
0.0 -0.0010975109165442453 0.0 0.48206634876473875 0.0 0.01679508128373165 0.016795081283731656 0.016795081283413667 0.016795081280055916 1.5524735588948966 0.0 -5.602146496385857e-06 0.0037426988862132773 0.0 0.0
0.0 -0.001093676426908623 0.0 0.48207111067718683 0.0 0.0167443300413975 0.01674433004139759 0.01674433004095805 0.01674433003645809 1.5524735588948968 0.0 -5.602146496320624e-06 0.0037426988862132734 0.0 0.0
0.0 -0.0010901606357402974 0.0 0.48207481233973815 0.0 0.016697577798383573 0.01669757779838365 0.0166975777980351 0.016697577794497747 1.5524735588948968 0.0 -5.6021464963863e-06 0.0037426988862132664 0.0 0.0
0.0 -0.0010869139399576765 0.0 0.4820764684539854 0.0 0.016653822801205604 0.01665382280120561 0.016653822800850246 0.016653822797266998 1.5524735588948972 0.0 -5.602146496386812e-06 0.003742698886213256 0.0 0.0
0.0 -0.0010838386220224571 0.0 0.4820770942989317 0.0 0.016612066502228337 0.016612066502228327 0.01661206650186795 0.01661206649825207 1.552473558894898 0.0 -5.602146496388037e-06 0.003742698886213243 0.0 0.0
0.0 -0.0010808301861819228 0.0 0.48207571792722975 0.0 0.016570556998100838 0.016570556998100838 0.016570556994918648 0.016570556994915286 1.5524735590016565 0.0 -5.609883236247073e-06 0.003742698562285161 0.0 0.0
0.0 -0.001077827042040126 0.0 0.4820733429058158 0.0 0.01652879590434277 0.01652879590434276 0.016528795901151118 0.016528795901147163 1.5524735590102907 0.0 -5.609882387319753e-06 0.0037426985557021354 0.0 0.0
0.0 -0.0010747483921839294 0.0 0.4820679948910362 0.0 0.016485029702281554 0.016485029702281558 0.01648502970191527 0.016485029698254074 1.5524735588949063 0.0 -5.6021464964065676e-06 0.0037426988862131736 0.0 0.0
0.0 -0.001071491588373871 0.0 0.4820616899189637 0.0 0.016438511461856955 0.01643851146185695 0.01643851146148117 0.01643851145782117 1.5524735588949155 0.0 -5.602146496427582e-06 0.003742698886213131 0.0 0.0
0.0 -0.0010679938999273518 0.0 0.4820524477895418 0.0 0.01638773777062988 0.01638773777062987 0.01638773776607417 0.01638773776636736 1.5524735588948966 0.0 -5.602146496385762e-06 0.0037426988862132816 0.0 0.0
0.0 -0.0010642113659298867 0.0 0.4820382866632375 0.0 0.016331455229843417 0.016331455229843424 0.01633145522946804 0.016331455225827768 1.5524735588949672 0.0 -5.602146496554449e-06 0.003742698886212991 0.0 0.0
0.0 -0.001060113157729196 0.0 0.48201821960449603 0.0 0.016268912141816944 0.01626891214181698 0.016268912138447177 0.016268912138445515 1.552473559031047 0.0 -5.6098666883016315e-06 0.003742698526787791 0.0 0.0
0.0 -0.0010556117639609532 0.0 0.4819912624787658 0.0 0.016198606628835176 0.016198606628835027 0.016198606623983543 0.01619860662412315 1.5524735588948966 0.0 -5.602146496382448e-06 0.0037426988862132825 0.0 0.0
0.0 -0.0010507548886039505 0.0 0.4819524351641172 0.0 0.016119530568487448 0.016119530568487868 0.016119530562811322 0.01611953056281748 1.5524735588948966 0.0 -5.6021464963803375e-06 0.0037426988862132816 0.0 0.0
0.0 -0.0010456767199642071 0.0 0.4819007127759652 0.0 0.016033182566526662 0.016033182566524213 0.016033182563635905 0.016033182563126698 1.5524735588948966 0.0 -5.6021464963127875e-06 0.003742698886213279 0.0 0.0
0.0 -0.0010405008819486376 0.0 0.4818370677366493 0.0 0.015941564566005182 0.015941564566005182 0.015941564564267957 0.015941564564266278 1.5524735590421057 0.0 -5.609816770186797e-06 0.0037426985135690493 0.0 0.0
0.0 -0.001035311237623329 0.0 0.48175948563091786 0.0 0.015845173329589745 0.015845173329589745 0.015845173326410687 0.01584517332668746 1.5524735588948966 0.0 -5.602146496369672e-06 0.0037426988862132794 0.0 0.0
0.0 -0.001030036696848909 0.0 0.481670973667579 0.0 0.01574401377242066 0.015744013772420667 0.015744013769151428 0.01574401376946294 1.5524735588948968 0.0 -5.6021464963646225e-06 0.0037426988862132716 0.0 0.0
0.0 -0.0010246960970529428 0.0 0.48157152815410326 0.0 0.015638341513447694 0.015638341513447684 0.015638341511470963 0.015638341511468333 1.5524735619048342 0.0 -5.609743486407483e-06 0.003742698371725858 0.0 0.0
0.0 -0.0010192149179580419 0.0 0.48146414344877664 0.0 0.015528144514805744 0.015528144514805754 0.015528144511741842 0.015528144512077516 1.5524735588949043 0.0 -5.602146496368962e-06 0.0037426988862131897 0.0 0.0
0.0 -0.0010135473936992254 0.0 0.48135082663683765 0.0 0.01541344283074622 0.015413442830746213 0.015413442830746214 0.015413442830744821 1.5524735588948966 0.0 -5.602146496402199e-06 0.0037426988862132816 0.0 0.0
0.0 -0.0010076149275808938 0.0 0.48123557295625546 0.0 0.015294487299847299 0.015294487299847347 0.015294487299847363 0.015294487299846568 1.5524735588948966 0.0 -5.602146496395749e-06 0.0037426988862132816 0.0 0.0
0.0 -0.0010013085177628118 0.0 0.4811213907682944 0.0 0.01517078265583048 0.01517078265583049 0.015170782655846423 0.015170782655855156 1.5524735588948966 0.0 -5.602146496389689e-06 0.003742698886213282 0.0 0.0
0.0 -0.0009944781787267622 0.0 0.4810152783463151 0.0 0.01504259016123093 0.015042590161229833 0.015042590161230976 0.015042590161311042 1.5524735588948966 0.0 -5.602146496384011e-06 0.003742698886213282 0.0 0.0
0.0 -0.0009869852092552938 0.0 0.4809222408814161 0.0 0.014909667796077667 0.014909667796077669 0.014909667796077511 0.014909667796076245 1.5524735588948966 0.0 -5.602146496378947e-06 0.003742698886213281 0.0 0.0
0.0 -0.0009787036810580897 0.0 0.48084827635825256 0.0 0.014772275219302815 0.01477227521930282 0.014772275219302898 0.014772275219296024 1.5524735588948968 0.0 -5.602146496374729e-06 0.0037426988862132734 0.0 0.0
0.0 -0.0009694411363115086 0.0 0.4808013870864654 0.0 0.014630425259275116 0.014630425259274979 0.014630425259278922 0.01463042525927224 1.5524735588948986 0.0 -5.602146496375491e-06 0.003742698886213235 0.0 0.0
0.0 -0.0009589938328929575 0.0 0.48079156845795495 0.0 0.014484634026909957 0.014484634026909953 0.014484634026906173 0.014484634026904475 1.5524735588949197 0.0 -5.602146496425031e-06 0.0037426988862131264 0.0 0.0
0.0 -0.0009472858031039604 0.0 0.48082580587022317 0.0 0.014336162948612789 0.014336162948612768 0.014336162948614718 0.014336162948614683 1.552473559029103 0.0 -5.609817671993204e-06 0.003742698533157774 0.0 0.0
0.0 -0.0009341065901228069 0.0 0.4809150849129798 0.0 0.014185779737224133 0.014185779737224105 0.014185779737280267 0.014185779737222627 1.5524735588948966 0.0 -5.602146496379025e-06 0.0037426988862132816 0.0 0.0
0.0 -0.0009194489594524771 0.0 0.4810673767634414 0.0 0.014035997637950225 0.014035997637948607 0.01403599763743548 0.014035997637435635 1.5524735588948966 0.0 -5.602146496387224e-06 0.0037426988862132816 0.0 0.0
0.0 -0.000903213659763798 0.0 0.48129364875475095 0.0 0.013889084615282718 0.01388908461528272 0.013889084615286007 0.013889084615284103 1.5524735588948966 0.0 -5.602146496399316e-06 0.003742698886213281 0.0 0.0
0.0 -0.0008855141587734149 0.0 0.4815998501530952 0.0 0.01374855081933291 0.013748550819332999 0.013748550819334076 0.013748550819334064 1.5524735588948968 0.0 -5.602146496416135e-06 0.0037426988862132673 0.0 0.0
