0.0 -0.00018757423084887003 0.0 0.6016080960050508 0.0 0.04380016231276248 0.043800162312762604 0.04380016239057317 0.043800162352557424 1.5524735624926844 0.0 -5.60215550237743e-06 0.0037426988832824303 0.0 0.0
0.0 -0.00018180244247306465 0.0 0.6017048303110856 0.0 0.04375330229299634 0.04375330229299635 0.04375330229302194 0.04375330229535006 1.5524735590756786 0.0 -5.6098046954703665e-06 0.0037426984933997542 0.0 0.0
0.0 -0.00017228709709441375 0.0 0.6018650342165134 0.0 0.04367629572408965 0.04367629572408965 0.043676295724110706 0.04367629572663244 1.5524735591401275 0.0 -5.609848302093169e-06 0.003742698474571885 0.0 0.0
0.0 -0.00015924030308858526 0.0 0.6020836895834475 0.0 0.04357037801571702 0.043570378015717025 0.04357037801574018 0.04357037801854695 1.5524735593234642 0.0 -5.609904918942236e-06 0.0037426984411929364 0.0 0.0
0.0 -0.00014275402921463127 0.0 0.6023607777165668 0.0 0.043436798180572306 0.043436798180572306 0.04343679818057351 0.04343679818057349 1.5524735590115555 0.0 -5.609985773299123e-06 0.003742698549834879 0.0 0.0
0.0 -0.00012297425426073883 0.0 0.6026932827526652 0.0 0.04327655313046349 0.043276553130463455 0.04327655313046304 0.04327655313046303 1.5524735590308125 0.0 -5.610072447768185e-06 0.0037426985273109363 0.0 0.0
0.0 -0.00010007078541329126 0.0 0.6030771882027566 0.0 0.04309063595059472 0.04309063595059474 0.04309063595059473 0.04309063595060369 1.5524735591264527 0.0 -5.609465649964869e-06 0.003742698515046155 0.0 0.0
0.0 -7.413575761880284e-05 0.0 0.6035124760745597 0.0 0.0428802968508148 0.0428802968508148 0.0428802968508148 0.04288029685079336 1.5524735590381342 0.0 -5.610025712660349e-06 0.003742698508354122 0.0 0.0
0.0 -4.5357441846609023e-05 0.0 0.6039951257687012 0.0 0.04264677989162903 0.04264677989162903 0.04264677989162633 0.04264677989162855 1.5524735591874217 0.0 -5.609886342153149e-06 0.0037426984644650806 0.0 0.0
0.0 -1.3820907335096159e-05 0.0 0.6045231296545047 0.0 0.04239058324283173 0.04239058324283173 0.042390583242829315 0.042390583242833686 1.5524735601510578 0.0 -5.610027037169984e-06 0.003742698360854896 0.0 0.0
0.0 2.0273229216006646e-05 0.0 0.6050934602610166 0.0 0.04211344674042258 0.042113446740422576 0.04211344674397936 0.042113446740432874 1.5524735590321195 0.0 -5.609916202238487e-06 0.0037426985184655726 0.0 0.0
0.0 5.6815448591563104e-05 0.0 0.6057031096532894 0.0 0.04181587188549085 0.04181587188549085 0.04181587188792037 0.0418158718854977 1.5524735590529042 0.0 -5.610078358876864e-06 0.003742698498725999 0.0 0.0
0.0 9.564771190211183e-05 0.0 0.6063500521886398 0.0 0.0414993534049391 0.041499353404939106 0.041499353408823506 0.041499353404950694 1.5524735588948966 0.0 -5.6021464964073655e-06 0.0037426988862132742 0.0 0.0
0.0 0.00013664184703867966 0.0 0.6070312803457897 0.0 0.04116463674497071 0.04116463674497101 0.041164636746040165 0.04116463674603992 1.5524735588948966 0.0 -5.6021464964432975e-06 0.0037426988862132807 0.0 0.0
0.0 0.00017965202125757424 0.0 0.6077437782791345 0.0 0.04081271725082331 0.04081271725082331 0.04081271724837743 0.04081271724825536 1.5524735590552758 0.0 -5.610092203100659e-06 0.0037426984976240115 0.0 0.0
0.0 0.00022448489835506373 0.0 0.608482525027727 0.0 0.04044458864734979 0.04044458864734979 0.04044458864401832 0.040444588643881195 1.5524735599378383 0.0 -5.610023846389824e-06 0.003742698380351965 0.0 0.0
0.0 0.00027104882418242497 0.0 0.6092475019728777 0.0 0.04006149599602294 0.04006149599602295 0.040061495996023086 0.040061495995970635 1.5524735588948966 0.0 -5.60214649645434e-06 0.0037426988862132807 0.0 0.0
0.0 0.0003191246231647557 0.0 0.6100326967602719 0.0 0.03966443507097432 0.03966443507097433 0.03966443507097433 0.039664435070988706 1.5524735588948966 0.0 -5.6021464964440505e-06 0.0037426988862132794 0.0 0.0
0.0 0.00036860380920509264 0.0 0.6108350988246742 0.0 0.03925389936939105 0.03925389936939121 0.03925389936938694 0.039253899369393275 1.552473558894897 0.0 -5.602146496433685e-06 0.003742698886213245 0.0 0.0
0.0 0.0004193274009653782 0.0 0.6116526873291696 0.0 0.038831385960323386 0.038831385960323386 0.03883138596033562 0.03883138596031188 1.552473559051287 0.0 -5.610076506403245e-06 0.0037426985001135023 0.0 0.0
0.0 0.00048254034903642904 0.0 0.6126619399708507 0.0 0.03830166571318549 0.038301665713185495 0.038301665713183004 0.038301665713169765 1.552473561498732 0.0 -5.61007883141558e-06 0.00374269829274513 0.0 0.0
0.0 0.0005680980563111413 0.0 0.614008198575189 0.0 0.03757819217756553 0.037578192177565535 0.03757819217785145 0.03757819217758452 1.5524735588948966 0.0 -5.602146496444139e-06 0.0037426988862132755 0.0 0.0
0.0 0.000673652463013693 0.0 0.6156312691634233 0.0 0.036673135717721086 0.036673135717721086 0.0366731357177523 0.03667313571770696 1.5524735592116343 0.0 -5.610292298190069e-06 0.003742698458782341 0.0 0.0
0.0 0.0007965003928472297 0.0 0.6174529511984294 0.0 0.035597617077961115 0.03559761707796112 0.03559761707797839 0.035597617077956514 1.5524735588949943 0.0 -5.602146495719997e-06 0.003742698886213111 0.0 0.0
0.0 0.0009336370083370489 0.0 0.6193780781970315 0.0 0.03436123646147314 0.03436123646147288 0.03436123646147288 0.03436123646139499 1.552473558894897 0.0 -5.6021464965017326e-06 0.0037426988862132504 0.0 0.0
0.0 0.0010816105181424346 0.0 0.6212944643667049 0.0 0.03297409685746058 0.03297409685746058 0.03297409686364162 0.03297409685746058 1.5524735751070073 0.0 -5.610405912856965e-06 0.0037426979742168002 0.0 0.0
0.0 0.0012364151975597561 0.0 0.6230649163213166 0.0 0.03144563586697654 0.03144563586697653 0.031445635867515365 0.03144563586088916 1.5524735588953806 0.0 -5.602146497659282e-06 0.0037426988862121623 0.0 0.0
0.0 0.0013934221861943768 0.0 0.6245372061875186 0.0 0.029788784153661724 0.029788784153661728 0.029788784153661724 0.0297887841536305 1.5524735990669118 0.0 -5.610374383429364e-06 0.003742697699310499 0.0 0.0
0.0 0.0015472799317350792 0.0 0.6255420069204716 0.0 0.028020757236438088 0.028020757236438095 0.028020757236443237 0.02802075723643809 1.5524735589010838 0.0 -5.602146512289528e-06 0.0037426988862095693 0.0 0.0
0.0 0.0016920086773230241 0.0 0.6259069074694441 0.0 0.026166267795377056 0.02616626779537707 0.026166267794665354 0.026166267797257035 1.5524735589003413 0.0 -5.602146509707935e-06 0.0037426988862121757 0.0 0.0
0.0 0.0018210318010814994 0.0 0.6254633389613217 0.0 0.02425947339606043 0.02425947339606042 0.02425947339606043 0.024259473396060435 1.5524735589009162 0.0 -5.6021465112468304e-06 0.003742698886212183 0.0 0.0
0.0 0.0019275222339245517 0.0 0.6240645846817481 0.0 0.022345146708039897 0.022345146708039776 0.022345146707221646 0.022345146708007736 1.552473558901924 0.0 -5.6021465139322146e-06 0.0037426988862121584 0.0 0.0
0.0 0.0020049011615062714 0.0 0.6216077757260714 0.0 0.02047913261503992 0.020479132615039704 0.02047913261503981 0.020479132614122667 1.5524735589015017 0.0 -5.602146513430261e-06 0.003742698886210292 0.0 0.0
0.0 0.0020474664892637744 0.0 0.6180539267541236 0.0 0.01872637998647689 0.018726379986476957 0.01872637998738614 0.018726379983778425 1.5524735588980496 0.0 -5.60214650373614e-06 0.003742698886212667 0.0 0.0
0.0 0.0020511885194558948 0.0 0.6134450195989753 0.0 0.01715571831233765 0.017155718312337653 0.017155718313272585 0.01715571831234963 1.5524735589764205 0.0 -5.60214671190062e-06 0.0037426988862099106 0.0 0.0
0.0 0.0020144718466471746 0.0 0.6079151076187351 0.0 0.015833123527790264 0.01583312352779027 0.015833123527790243 0.015833123533021947 1.552473558899762 0.0 -5.602146508293001e-06 0.0037426988862125743 0.0 0.0
0.0 0.0019388054130876073 0.0 0.6016914434194112 0.0 0.014813219885601239 0.014813219885601206 0.014813219892467125 0.01481321989247702 1.5524735589033174 0.0 -5.6021465177417825e-06 0.0037426988862123327 0.0 0.0
0.0 0.0018288835346792496 0.0 0.5950736001928605 0.0 0.014130743444710379 0.014130743444710379 0.0141307434447163 0.014130743444726401 1.5524735588960579 0.0 -5.602146499188258e-06 0.003742698886212293 0.0 0.0
0.0 0.0016923938132922818 0.0 0.5884025804217878 0.0 0.013793243111099886 0.013793243111099874 0.013793243111088252 0.013793243111009636 1.5524735595437495 0.0 -5.60959918968518e-06 0.003742698471501212 0.0 0.0
0.0 0.0015391186836938584 0.0 0.5820187814066596 0.0 0.013779507749869198 0.013779507749869193 0.013779507749858325 0.013779507749858389 1.5524735588948968 0.0 -5.602146496168284e-06 0.003742698886213275 0.0 0.0
0.0 0.001368259399172281 0.0 0.5758105913740208 0.0 0.014063606937651784 0.01406360693765177 0.014063606937487679 0.01406360697776425 1.5524735590289331 0.0 -5.609460908767214e-06 0.0037426985281073435 0.0 0.0
0.0 0.001176083275981267 0.0 0.5696448312906773 0.0 0.014652577453149915 0.014652577453149913 0.014652577453448707 0.01465257745313129 1.5524735588948966 0.0 -5.602146496175893e-06 0.0037426988862132816 0.0 0.0
0.0 0.0009699562399134393 0.0 0.5637927747738422 0.0 0.015535352148287574 0.015535352148287574 0.015535352148288046 0.015535352148306565 1.5524735588948966 0.0 -5.602146496174792e-06 0.003742698886213281 0.0 0.0
0.0 0.000757598681161848 0.0 0.5584809499194926 0.0 0.016681288637057055 0.016681288637057052 0.016681288632229663 0.01668128863224058 1.5524735589609802 0.0 -5.609271221799597e-06 0.003742698594260785 0.0 0.0
0.0 0.0005462174177414221 0.0 0.553871067210612 0.0 0.018045387800070672 0.018045387800070707 0.018045387800072893 0.01804538780101738 1.5524735586145977 0.0 -5.609070446264524e-06 0.003742698687332974 0.0 0.0
0.0 0.0003417230253140087 0.0 0.55005193501264 0.0 0.019576280628820414 0.019576280628820414 0.019576280628820417 0.01957628062879835 1.552473556767907 0.0 -5.6090717165715445e-06 0.0037426988902990177 0.0 0.0
0.0 0.00014843335271119088 0.0 0.5470423463490679 0.0 0.021221247268983775 0.021221247268983775 0.02122124726898643 0.021221247267641356 1.5524735581846139 0.0 -5.609134880004741e-06 0.0037426987499142948 0.0 0.0
0.0 -3.1117797575022195e-05 0.0 0.5447990201089673 0.0 0.022931441578940354 0.02293144157894035 0.022931441579085624 0.022931441579083806 1.5524735534779777 0.0 -5.60926102183508e-06 0.0037426990847774506 0.0 0.0
0.0 -0.00019589621748469237 0.0 0.5432385540766983 0.0 0.024665248200677666 0.024665248200677666 0.024665248200677583 0.02466524820067541 1.552473555809898 0.0 -5.609354118815929e-06 0.0037426989500106847 0.0 0.0
0.0 -0.00034612611666271637 0.0 0.5422464320496498 0.0 0.026387962387403638 0.026387962387403638 0.026387962387436955 0.02638796238574726 1.5524735574080686 0.0 -5.609672957615475e-06 0.0037426988245920882 0.0 0.0
0.0 -0.00048282556237111223 0.0 0.5416980203401885 0.0 0.028072381065259413 0.02807238106525942 0.02807238106525942 0.028072381065259416 1.5524735588948966 0.0 -5.6021464963705915e-06 0.003742698886213289 0.0 0.0
0.0 -0.0006074425246454923 0.0 0.541467609127693 0.0 0.029696795829230658 0.029696795829230654 0.02969679582935202 0.029696795832431802 1.5524735588948964 0.0 -5.602146496356521e-06 0.0037426988862133293 0.0 0.0
0.0 -0.000721419260562234 0.0 0.541443420985847 0.0 0.031244025346463967 0.031244025346463963 0.031244025346683205 0.03124402534646404 1.5524735578365214 0.0 -5.609999137609636e-06 0.003742698773674459 0.0 0.0
0.0 -0.0008260376350268796 0.0 0.541525649232119 0.0 0.032698663805581306 0.032698663805577295 0.03269866380557755 0.03269866380580567 1.5524735588948964 0.0 -5.602146496412512e-06 0.0037426988862133345 0.0 0.0
0.0 -0.000922121088757206 0.0 0.5416404758895906 0.0 0.034047582520457885 0.034047582520462485 0.034047582520158194 0.03404758251771292 1.552473558385149 0.0 -5.609772477937309e-06 0.003742698704725342 0.0 0.0
0.0 -0.0010098940609080784 0.0 0.5417350908327369 0.0 0.035276450285936144 0.03527645028593615 0.035276450289207166 0.03527645028593602 1.5524735588948966 0.0 -5.602146496369762e-06 0.0037426988862132994 0.0 0.0
0.0 -0.001089079001373139 0.0 0.5417806926494696 0.0 0.036371960867100726 0.036371960867100726 0.036371960867100726 0.03637196086709923 1.5524735567889543 0.0 -5.6096984875251096e-06 0.0037426990446614494 0.0 0.0
0.0 -0.001158831204559114 0.0 0.5417704792892841 0.0 0.03732036091301347 0.03732036091301346 0.03732036091301347 0.03732036091561987 1.5524735571998 0.0 -5.609804750039997e-06 0.0037426988257328138 0.0 0.0
0.0 -0.0012178661604128394 0.0 0.5417136726974917 0.0 0.03810715922671126 0.03810715922671126 0.03810715922629128 0.03810715922671125 1.552473558112881 0.0 -5.609785893512478e-06 0.0037426987355358024 0.0 0.0
0.0 -0.0012646785050109484 0.0 0.5416324778614505 0.0 0.038719137576488656 0.038719137576488656 0.03871913757605947 0.03871913757648927 1.5524735588747827 0.0 -5.609758202669384e-06 0.0037426986097252425 0.0 0.0
0.0 -0.0013033847997257837 0.0 0.5415469580870923 0.0 0.03921908821261739 0.039219088212617374 0.039219088212622516 0.03921908821262258 1.5524735588948966 0.0 -5.6021464963567485e-06 0.003742698886213282 0.0 0.0
0.0 -0.0013387393363681124 0.0 0.541485018792585 0.0 0.03968106950000858 0.03968106950000858 0.03968106949955662 0.03968106949955657 1.5524735589028105 0.0 -5.609712955806717e-06 0.003742698601876656 0.0 0.0
0.0 -0.0013703674940713632 0.0 0.5414736031470554 0.0 0.04010887624011831 0.04010887624011829 0.040108876240181925 0.04010887624011907 1.5524735588948966 0.0 -5.602146496406272e-06 0.003742698886213282 0.0 0.0
0.0 -0.0013980995357530828 0.0 0.5415266899406695 0.0 0.04050478051097492 0.040504780510974926 0.04050478051097491 0.04050478051097493 1.5524735589968721 0.0 -5.609996425832287e-06 0.0037426985598896564 0.0 0.0
0.0 -0.001421913357681791 0.0 0.541651244708161 0.0 0.04087079423154179 0.040870794231541795 0.04087079422940048 0.04087079422939524 1.5524735590392438 0.0 -5.609754815832972e-06 0.0037426985120664895 0.0 0.0
0.0 -0.0014419509819308942 0.0 0.5418482363060124 0.0 0.041209169129708095 0.04120916912970811 0.04120916912608572 0.0412091691260823 1.5524735590312873 0.0 -5.609810446484574e-06 0.003742698525678938 0.0 0.0
0.0 -0.001458419125372986 0.0 0.5421136410251424 0.0 0.041521399045260296 0.041521399045260296 0.041521399042000744 0.04152139904199049 1.552473558989357 0.0 -5.609882260963756e-06 0.003742698565261674 0.0 0.0
0.0 -0.0014715316672635234 0.0 0.5424454246247848 0.0 0.04180973136581728 0.04180973136581729 0.04180973136872582 0.041809731365817206 1.5524735590554852 0.0 -5.60996911059423e-06 0.0037426984991644845 0.0 0.0
0.0 -0.0014815433977406985 0.0 0.542837562850847 0.0 0.04207565634833432 0.0420756563483343 0.04207565634033221 0.04207565634820617 1.5524735590325405 0.0 -5.610072054736657e-06 0.0037426985151985657 0.0 0.0
0.0 -0.0014886494184011786 0.0 0.5432880228166275 0.0 0.042321171264916406 0.042321171264916406 0.042321171269194026 0.04232117126491669 1.5524735588948966 0.0 -5.602146496395676e-06 0.003742698886213282 0.0 0.0
0.0 -0.0014930037512249038 0.0 0.5437957847602684 0.0 0.04254802469059811 0.04254802469059811 0.04254802469471902 0.04254802469059071 1.5524735589778569 0.0 -5.6100640313965e-06 0.0037426985685679484 0.0 0.0
0.0 -0.0014946970740326525 0.0 0.5443608210447661 0.0 0.042757467044282065 0.04275746704428206 0.04275746704466881 0.04275746704428658 1.5524735588948966 0.0 -5.602146496384308e-06 0.0037426988862132846 0.0 0.0
0.0 -0.001493731914349349 0.0 0.5449861242142533 0.0 0.0429505030376511 0.04295050303765533 0.04295050303754348 0.04295050303765111 1.5524735588948966 0.0 -5.60214649643214e-06 0.003742698886213282 0.0 0.0
0.0 -0.0014900248282016576 0.0 0.5456766881954239 0.0 0.04312764086348023 0.04312764086348024 0.04312764086347558 0.04312764086347563 1.5524735590325631 0.0 -5.610030979024707e-06 0.0037426985173400506 0.0 0.0
0.0 -0.001483393567132731 0.0 0.5464385156123847 0.0 0.04328839001900999 0.043288390019009984 0.04328839001900882 0.04328839001900881 1.5524735588948966 0.0 -5.602146496403828e-06 0.003742698886213282 0.0 0.0
0.0 -0.0014735603150160693 0.0 0.5472786375747895 0.0 0.04343126155146814 0.04343126155146814 0.04343126155146815 0.043431261551468175 1.5524735588948966 0.0 -5.602146496446925e-06 0.0037426988862132816 0.0 0.0
0.0 -0.0014600691918769274 0.0 0.5482061054724078 0.0 0.043553020004318314 0.043553020004318314 0.04355302000481551 0.04355302000852138 1.5524735592048882 0.0 -5.610064186119983e-06 0.0037426986334266996 0.0 0.0
0.0 -0.0014424559876941817 0.0 0.5492279744652298 0.0 0.043649674143386344 0.04364967414340377 0.04364967414339505 0.04364967414734309 1.5524735588948966 0.0 -5.602146496444003e-06 0.00374269888621328 0.0 0.0
0.0 -0.0014200788315686006 0.0 0.5503473684163169 0.0 0.04371347946642946 0.04371347946642945 0.04371347946686841 0.043713479470291666 1.5524735588948966 0.0 -5.602146496449903e-06 0.00374269888621328 0.0 0.0
0.0 -0.0013924074503836703 0.0 0.5515604113143374 0.0 0.04373592765794682 0.04373592765796337 0.04373592765838737 0.043735927661382054 1.5524735588948966 0.0 -5.602146496459961e-06 0.003742698886213281 0.0 0.0
0.0 -0.001361198885700929 0.0 0.5527711878708506 0.0 0.04370936364595131 0.04370936364596602 0.04370936364597478 0.04370936364962145 1.5524735588948966 0.0 -5.602146496421591e-06 0.0037426988862132807 0.0 0.0
0.0 -0.00132930418730824 0.0 0.5538855532716177 0.0 0.04364163822004666 0.04364163822004666 0.04364163822004844 0.04364163822335028 1.5524735591903907 0.0 -5.610084690903496e-06 0.003742698460005755 0.0 0.0
0.0 -0.0012974577287772366 0.0 0.5549003672514344 0.0 0.04354174771585511 0.04354174771587454 0.0435417477163216 0.04354174771985289 1.5524735594077619 0.0 -5.610088306012739e-06 0.003742698426831098 0.0 0.0
0.0 -0.0012661400422237868 0.0 0.5558185204619371 0.0 0.043417196805914576 0.04341719680591457 0.043417196805924665 0.04341719680591372 1.5524735590163192 0.0 -5.610074014885836e-06 0.003742698545290078 0.0 0.0
0.0 -0.0012354534832307174 0.0 0.5566479552665445 0.0 0.043272000859092934 0.04327200085909294 0.04327200085945816 0.043272000859093114 1.5524735590308634 0.0 -5.610030481267557e-06 0.0037426985273576628 0.0 0.0
0.0 -0.001205433632052226 0.0 0.5573986183351755 0.0 0.043109925681246386 0.04310992568124637 0.04310992568127304 0.04310992568124667 1.5524735590322583 0.0 -5.609964333152116e-06 0.0037426985176585905 0.0 0.0
0.0 -0.0011759913937970496 0.0 0.5580765003508752 0.0 0.04293173103086809 0.04293173103086807 0.04293173103086808 0.04293173103086809 1.5524735590340648 0.0 -5.610136191629245e-06 0.0037426985113989644 0.0 0.0
0.0 -0.0011470023386032405 0.0 0.5586905847976338 0.0 0.04273868163342109 0.042738681633421094 0.042738681633423405 0.042738681633423634 1.5524735590907046 0.0 -5.610041209076362e-06 0.00374269848474034 0.0 0.0
0.0 -0.0011182961827206047 0.0 0.5592448858799154 0.0 0.04252978341543962 0.04252978341543962 0.04252978341580994 0.04252978341543962 1.5524735588948966 0.0 -5.602146496394607e-06 0.003742698886213276 0.0 0.0
0.0 -0.0010897466280120561 0.0 0.559742422274787 0.0 0.0423042914422305 0.0423042914422305 0.04230429144513236 0.04230429144221667 1.5524735590294947 0.0 -5.6100587168053255e-06 0.0037426985301748797 0.0 0.0
0.0 -0.0010611939752678068 0.0 0.560185210285911 0.0 0.04206070855006308 0.04206070855006308 0.04206070855392934 0.04206070855008984 1.552473559031846 0.0 -5.6099090468340575e-06 0.003742698517389579 0.0 0.0
0.0 -0.0010325517882132484 0.0 0.560572272442043 0.0 0.041797532898921866 0.04179753289892187 0.04179753290243788 0.04179753289892187 1.5524735588948966 0.0 -5.602146496413102e-06 0.003742698886213281 0.0 0.0
0.0 -0.00100372203213759 0.0 0.5609016443738962 0.0 0.041512762052205436 0.04151276205220543 0.041512762054795496 0.04151276205220544 1.5524735595625185 0.0 -5.609832664618604e-06 0.0037426984167723627 0.0 0.0
0.0 -0.0009745985199927742 0.0 0.561172345663437 0.0 0.04120464103066076 0.04120464103066076 0.041204641027299246 0.04120464102756363 1.5524735590318985 0.0 -5.60990832920873e-06 0.0037426985233837574 0.0 0.0
0.0 -0.0009451491928050133 0.0 0.5613804035757443 0.0 0.040871416246515954 0.040871416246515954 0.04087141624433745 0.04087141624454724 1.5524735590401937 0.0 -5.609965565303067e-06 0.003742698507871643 0.0 0.0
0.0 -0.0009152139589870377 0.0 0.561524855243504 0.0 0.040510585774485866 0.04051058577448587 0.04051058577117442 0.04051058577150022 1.552473559610637 0.0 -5.610002519494306e-06 0.0037426984094043833 0.0 0.0
0.0 -0.00088460387361339 0.0 0.5616097183316946 0.0 0.04012090251945514 0.040120902519455146 0.04012090251945579 0.04012090251945586 1.5524735588948966 0.0 -5.602146496362575e-06 0.0037426988862132816 0.0 0.0
0.0 -0.0008528824506386883 0.0 0.5616440448260848 0.0 0.03969938382528794 0.03969938382528794 0.03969938382529291 0.039699383825292915 1.5524735588948966 0.0 -5.602146496364362e-06 0.003742698886213281 0.0 0.0
0.0 -0.0008195226373372624 0.0 0.5616428705972322 0.0 0.03924380227383494 0.03924380227383494 0.03924380227383885 0.039243802273842124 1.5524735588948972 0.0 -5.602146496363605e-06 0.0037426988862132434 0.0 0.0
0.0 -0.0007835339925395806 0.0 0.5616382519665233 0.0 0.03875120886103503 0.03875120886103494 0.03875120886103217 0.03875120886103334 1.552473559094831 0.0 -5.609767523220537e-06 0.0037426984901858134 0.0 0.0
0.0 -0.0007377329915864112 0.0 0.5616774348016725 0.0 0.03813917529698128 0.038139175296981284 0.03813917529698128 0.0381391752969834 1.552473564567745 0.0 -5.609782887314757e-06 0.0037426981897242797 0.0 0.0
0.0 -0.0006758869804356048 0.0 0.5618114562910937 0.0 0.03733948946820428 0.03733948946820427 0.03733948946799006 0.03733948946820647 1.552473558894897 0.0 -5.602146496373727e-06 0.0037426988862132543 0.0 0.0
0.0 -0.0005983096872509928 0.0 0.5620830619816428 0.0 0.036370509178038156 0.03637050917803815 0.036370509178038156 0.036370509178038246 1.5524735609982936 0.0 -5.609892171947085e-06 0.0037426983271400724 0.0 0.0
0.0 -0.0005057842412718811 0.0 0.5625159750794237 0.0 0.03525076142879048 0.035250761428790474 0.03525076142861027 0.03525076143210317 1.5524735631481235 0.0 -5.610015037060907e-06 0.0037426982395557667 0.0 0.0
0.0 -0.00039952330610524406 0.0 0.5631139327027114 0.0 0.03399801929950614 0.03399801929950614 0.03399801929950614 0.03399801929950613 1.5524735726354997 0.0 -5.609925802923873e-06 0.0037426980208478075 0.0 0.0
0.0 -0.00028156248911405466 0.0 0.5638446645100718 0.0 0.03262942462644925 0.03262942462644925 0.03262942463052693 0.03262942462644925 1.5524735588950451 0.0 -5.602146495845575e-06 0.0037426988862130856 0.0 0.0
0.0 -0.00015454125332154021 0.0 0.5646459251494935 0.0 0.0311604520077261 0.031160452007717627 0.031160452007675827 0.031160452003000393 1.5524735588967284 0.0 -5.602146500999532e-06 0.003742698886211178 0.0 0.0
0.0 -2.1762603890648577e-05 0.0 0.5654244680255666 0.0 0.029605427919130435 0.029605427919121328 0.02960542791912801 0.029605427919121415 1.5524735588952177 0.0 -5.602146496286981e-06 0.0037426988862130067 0.0 0.0
0.0 0.0001128425739113946 0.0 0.5660610414231708 0.0 0.027978663739898754 0.02797866373989876 0.027978663739902824 0.02797866373989876 1.552473558894942 0.0 -5.602146496542951e-06 0.0037426988862129668 0.0 0.0
0.0 0.00024461870106820235 0.0 0.5664123567176147 0.0 0.026296432654835018 0.02629643265483501 0.026296432654724703 0.026296432658127623 1.5524735588979972 0.0 -5.60214650355029e-06 0.0037426988862124463 0.0 0.0
0.0 0.0003685433871429065 0.0 0.5663320644566942 0.0 0.02457900362578571 0.024579003625785707 0.024579003625590765 0.024579003625787438 1.5524735588961516 0.0 -5.602146499574168e-06 0.003742698886211748 0.0 0.0
0.0 0.00047903050301207814 0.0 0.5656717096790007 0.0 0.02285364348634023 0.022853643486340232 0.02285364348634023 0.022853643486340076 1.552473558895304 0.0 -5.602146497382113e-06 0.0037426988862124563 0.0 0.0
0.0 0.0005705838793309628 0.0 0.5643117221259288 0.0 0.02115591685198585 0.021155916851985857 0.021155916851988272 0.021155916851988272 1.5524735589171639 0.0 -5.6021465542860034e-06 0.0037426988862113266 0.0 0.0
0.0 0.0006380506658053051 0.0 0.5621704263331743 0.0 0.01952920028154714 0.01952920028154714 0.019529200281852874 0.019529200281847747 1.552473558901992 0.0 -5.602146514152211e-06 0.0037426988862122794 0.0 0.0
0.0 0.0006773035259160722 0.0 0.559227074507821 0.0 0.01802296926231626 0.018022969262316273 0.01802296926232402 0.01802296926231819 1.55247355889548 0.0 -5.6021464977165955e-06 0.003742698886212468 0.0 0.0
0.0 0.0006860419896612245 0.0 0.5555399266735389 0.0 0.016687826033005736 0.01668782603300574 0.01668782603337076 0.016687826033370632 1.5524735589033103 0.0 -5.6021465182425425e-06 0.0037426988862103204 0.0 0.0
0.0 0.0006643392595896338 0.0 0.5512453665572339 0.0 0.015567746867397324 0.015567746867397331 0.015567746867789911 0.015567746872476538 1.5524735589194736 0.0 -5.60214656061433e-06 0.003742698886211631 0.0 0.0
0.0 0.0006149157765747711 0.0 0.5465509895092739 0.0 0.014694069887155346 0.014694069887155348 0.014694069887155345 0.01469406988715994 1.552473558894897 0.0 -5.6021464961840994e-06 0.0037426988862132625 0.0 0.0
0.0 0.0005431623902049645 0.0 0.5417137085825428 0.0 0.014077958952379536 0.014077958952379553 0.014077958952695408 0.01407795895269631 1.5524735588967744 0.0 -5.602146500403088e-06 0.003742698886212865 0.0 0.0
0.0 0.0004565428736337504 0.0 0.5370057944973432 0.0 0.01370735190717159 0.01370735190717157 0.013707351907169233 0.013707351907112383 1.5524735608795648 0.0 -5.609184961888789e-06 0.003742698425386772 0.0 0.0
0.0 0.000358541423294717 0.0 0.5324448676906259 0.0 0.013540528269409354 0.013540528269409338 0.013540528269408313 0.013540528269410773 1.552473568959431 0.0 -5.609134006333855e-06 0.003742698280256818 0.0 0.0
0.0 0.00024955438209624053 0.0 0.5279444142256603 0.0 0.01354354603320769 0.013543546033207687 0.013543546033200262 0.013543546033291866 1.552473559004099 0.0 -5.609086189485338e-06 0.0037426985723401952 0.0 0.0
0.0 0.00013302773744397676 0.0 0.5235907417309524 0.0 0.013697844863090027 0.013697844863090208 0.013697844863147299 0.013697844862877399 1.552473558959087 0.0 -5.609116003504037e-06 0.003742698597704157 0.0 0.0
0.0 1.1861107141102888e-05 0.0 0.5194441618378984 0.0 0.013983748841622424 0.013983748841622425 0.013983748841614895 0.013983748843831146 1.5524735590275343 0.0 -5.609132559201036e-06 0.003742698532621043 0.0 0.0
0.0 -0.00011163891020125543 0.0 0.5155449582040292 0.0 0.014383069022654283 0.01438306902265428 0.014383069022527164 0.014383069022527164 1.5524735590225376 0.0 -5.609089949885451e-06 0.003742698552855595 0.0 0.0
0.0 -0.00023553898574789974 0.0 0.5119194049441292 0.0 0.014878094545948285 0.014878094545948283 0.014878094545948396 0.014878094545948737 1.5524735588948966 0.0 -5.602146496190698e-06 0.0037426988862132807 0.0 0.0
0.0 -0.00035847589429941395 0.0 0.5085777373635355 0.0 0.015453589158447967 0.01545358915844778 0.015453589158428933 0.015453589158430056 1.5524735588948966 0.0 -5.602146496208167e-06 0.003742698886213282 0.0 0.0
0.0 -0.00047930374774866007 0.0 0.5055241702742852 0.0 0.016095307148554824 0.016095307148554835 0.016095307112150535 0.016095307112206067 1.5524735590270933 0.0 -5.609083216387374e-06 0.003742698535464838 0.0 0.0
0.0 -0.0005973007222620778 0.0 0.5027528725712688 0.0 0.01679148680741573 0.016791486807415726 0.016791486807685132 0.01679148680767628 1.5524735589024619 0.0 -5.609099467934899e-06 0.003742698619299249 0.0 0.0
0.0 -0.0007119895896984951 0.0 0.5002539902587129 0.0 0.017532361348315706 0.0175323613483157 0.0175323613483169 0.017532361348001662 1.552473559004276 0.0 -5.609146161940698e-06 0.0037426985715380777 0.0 0.0
0.0 -0.0008229716412218376 0.0 0.4980166532421646 0.0 0.018308911169009855 0.018308911169009862 0.01830891116880899 0.01830891116880898 1.5524735588948966 0.0 -5.602146496252139e-06 0.0037426988862132846 0.0 0.0
0.0 -0.0009301892576955767 0.0 0.496021967123025 0.0 0.01911410387266044 0.01911410387266044 0.019114103872660434 0.019114103872658383 1.5524735584852118 0.0 -5.609281062438236e-06 0.003742698707645871 0.0 0.0
0.0 -0.001033609880753127 0.0 0.494255994587774 0.0 0.019942919328853684 0.019942919328853684 0.019942919328848934 0.019942919328849014 1.5524735588948966 0.0 -5.602146496280593e-06 0.0037426988862132855 0.0 0.0
0.0 -0.0011332805594908004 0.0 0.4927008151464661 0.0 0.020790074831426315 0.020790074831426312 0.02079007483142627 0.02079007483346548 1.5524735588948966 0.0 -5.602146496307919e-06 0.0037426988862132833 0.0 0.0
0.0 -0.0012294558921896765 0.0 0.49133746451015003 0.0 0.02165279041985415 0.02165279041985414 0.021652790419461245 0.021652790419461262 1.5524735589660847 0.0 -5.609340399217704e-06 0.0037426985904210398 0.0 0.0
0.0 -0.0013223232440253867 0.0 0.49014897889758874 0.0 0.022528038641491683 0.022528038641491683 0.022528038641490673 0.022528038641502973 1.5524735590049932 0.0 -5.609607466237299e-06 0.0037426985633126496 0.0 0.0
0.0 -0.001412181045671985 0.0 0.48911837556458626 0.0 0.023414291803349703 0.02341429180334968 0.023414291803342247 0.023414291803342212 1.5524735588948966 0.0 -5.6021464963313815e-06 0.003742698886213282 0.0 0.0
0.0 -0.0014993468903709392 0.0 0.48822867261405617 0.0 0.024310272470680808 0.02431027247068082 0.024310272471004354 0.024310272470685058 1.5524735588948966 0.0 -5.6021464963373455e-06 0.0037426988862132807 0.0 0.0
0.0 -0.001584174370402703 0.0 0.48746287638477104 0.0 0.02521520157400228 0.02521520157400228 0.02521520157454748 0.025215201574018287 1.552473558122525 0.0 -5.609703534305608e-06 0.0037426987494815706 0.0 0.0
0.0 -0.0016670720869093917 0.0 0.4868039778056763 0.0 0.02612905572342498 0.02612905572342498 0.026129055723407915 0.026129055720698312 1.552473558341467 0.0 -5.60979929937363e-06 0.0037426987183209128 0.0 0.0
0.0 -0.0017479365172598958 0.0 0.48624105070011653 0.0 0.027046814283473296 0.027046814283473292 0.027046814283473296 0.02704681428347329 1.5524735585106355 0.0 -5.609630351279942e-06 0.0037426986932845557 0.0 0.0
0.0 -0.0018264644297625518 0.0 0.4857691798878175 0.0 0.027962718410607275 0.027962718410607268 0.027962718410606484 0.027962718410607275 1.5524735586538978 0.0 -5.609784215946257e-06 0.0037426986653147703 0.0 0.0
0.0 -0.0019027208393454524 0.0 0.48538337509581364 0.0 0.02887600997408269 0.02887600997408269 0.028876009974711868 0.02887600997680546 1.5524735587685135 0.0 -5.609669027138451e-06 0.0037426986423404044 0.0 0.0
0.0 -0.001976818927231913 0.0 0.48507664559250446 0.0 0.029785927644504214 0.029785927644486603 0.029785927645129336 0.02978592764512924 1.5524735588610716 0.0 -5.609862509632624e-06 0.0037426986160181744 0.0 0.0
0.0 -0.002048884266809698 0.0 0.4848429912721301 0.0 0.0306922119346001 0.030692211934600092 0.030692211934613595 0.030692211934598323 1.5524735588948966 0.0 -5.602146496369462e-06 0.003742698886213283 0.0 0.0
0.0 -0.0021189644859969693 0.0 0.4846774319935491 0.0 0.031593854164890606 0.0315938541648906 0.03159385416489084 0.03159385416490829 1.552473558976716 0.0 -5.609748262335238e-06 0.0037426985760004587 0.0 0.0
0.0 -0.0021872029389954774 0.0 0.48457395971100087 0.0 0.032490845236324124 0.03249084523632413 0.03249084523632413 0.03249084523632413 1.552473559006905 0.0 -5.6097161123977945e-06 0.0037426985587409515 0.0 0.0
0.0 -0.0022537255403936433 0.0 0.4845265764449329 0.0 0.03338292532198452 0.03338292532198451 0.03338292532155402 0.03338292531744901 1.5524735588948966 0.0 -5.6021464963506846e-06 0.0037426988862132816 0.0 0.0
0.0 -0.0023186167772648383 0.0 0.4845302945561808 0.0 0.03426958634488679 0.03426958634488679 0.03426958634788531 0.03426958634488678 1.5524735590296002 0.0 -5.609699117734509e-06 0.003742698532179516 0.0 0.0
0.0 -0.0023820013977996148 0.0 0.4845791097338717 0.0 0.03515056678642678 0.03515056678642678 0.035150566787982375 0.03515056678642678 1.552473558060475 0.0 -5.609718766649125e-06 0.0037426987457747705 0.0 0.0
0.0 -0.0024439763251660907 0.0 0.48466902296773634 0.0 0.03602586463882573 0.03602586463882573 0.036025864638005535 0.036025864638851046 1.5524735584079472 0.0 -5.6097423952826934e-06 0.0037426987000239048 0.0 0.0
0.0 -0.002504643218690162 0.0 0.4847950365342436 0.0 0.036895219139253116 0.036895219139253116 0.03689521913843843 0.03689521914118658 1.552473558666727 0.0 -5.609775509498937e-06 0.003742698656749909 0.0 0.0
0.0 -0.0025641220517098637 0.0 0.48495214688759053 0.0 0.03775862262145124 0.03775862262145121 0.03775862262067878 0.03775862262147231 1.5524735588948966 0.0 -5.602146496372883e-06 0.0037426988862132838 0.0 0.0
0.0 -0.0026225393626970062 0.0 0.48513436024715906 0.0 0.03861581457376172 0.038615814573761724 0.03861581457304316 0.0386158145737435 1.5524735588948966 0.0 -5.602146496382114e-06 0.0037426988862132825 0.0 0.0
0.0 -0.0026800042088034825 0.0 0.48533866827564237 0.0 0.03946729091128349 0.03946729091128346 0.03946729091128297 0.03946729091129876 1.552473559008215 0.0 -5.6099158035906565e-06 0.003742698553858184 0.0 0.0
0.0 -0.002736556550960048 0.0 0.4855610746913705 0.0 0.04031229518218356 0.040312295182183516 0.0403122951821837 0.04031229518218089 1.5524735588948966 0.0 -5.602146496404398e-06 0.0037426988862132825 0.0 0.0
0.0 -0.0027923546846802417 0.0 0.4857965790069869 0.0 0.04115131712134316 0.041151317121343116 0.041151317121344184 0.04115131712131188 1.552473557854375 0.0 -5.609772119913233e-06 0.0037426987602855507 0.0 0.0
0.0 -0.0028475180857772935 0.0 0.4860401714105438 0.0 0.04198435548070093 0.041984355480700945 0.04198435547658106 0.04198435547660655 1.5524735588948966 0.0 -5.602146496376519e-06 0.0037426988862132885 0.0 0.0
0.0 -0.0029020587958440832 0.0 0.4862898671738369 0.0 0.042810899691715976 0.042810899691715976 0.04281089969519554 0.04281089969168948 1.552473558739761 0.0 -5.609900620554066e-06 0.0037426986373096777 0.0 0.0
0.0 -0.0029561272689110707 0.0 0.48654164549110496 0.0 0.04363169731874005 0.04363169731874005 0.04363169731954668 0.043631697318740136 1.5524735588948966 0.0 -5.602146496402568e-06 0.0037426988862132825 0.0 0.0
