0.0 0.0009516218422116004 0.0 0.631518564983633 0.0 0.038119386898054226 0.03811938689811049 0.0381193867953938 0.03811938702420227 1.5524735765422923 0.0 -5.602191303254638e-06 0.0037426988833111166 0.0 0.0
0.0 0.0010021972781427435 0.0 0.6313835291179074 0.0 0.037384757539944295 0.037384757539944295 0.03738475754042646 0.0373847575399624 1.5524735588948968 0.0 -5.602146496360194e-06 0.0037426988862132617 0.0 0.0
0.0 0.0010522070286155905 0.0 0.6312563444000884 0.0 0.036660427418948933 0.03666042741894894 0.036660427418945575 0.03666042741892899 1.552473559233812 0.0 -5.609987234977477e-06 0.0037426984586892975 0.0 0.0
0.0 0.0011016903930232194 0.0 0.6311399974170402 0.0 0.03594686575724225 0.03594686575724225 0.035946865757754236 0.035946865757215986 1.5524735588949072 0.0 -5.602146496418538e-06 0.003742698886213113 0.0 0.0
0.0 0.001150674804815106 0.0 0.631036493646024 0.0 0.03524433513917407 0.03524433513917408 0.03524433513969353 0.035244335142565954 1.5524735632043312 0.0 -5.609933262218245e-06 0.0037426982396546963 0.0 0.0
0.0 0.0011992170028716368 0.0 0.6309488235799846 0.0 0.03455306683136195 0.03455306683136196 0.03455306683187905 0.03455306683133797 1.5524735596612744 0.0 -5.6099091013178865e-06 0.0037426984149820544 0.0 0.0
0.0 0.0012472657871855422 0.0 0.630877972724156 0.0 0.03387408330732435 0.03387408330732436 0.03387408331053172 0.03387408330732387 1.5524735588948966 0.0 -5.6021464963897235e-06 0.003742698886213281 0.0 0.0
0.0 0.0012948675606627407 0.0 0.6308259481046369 0.0 0.03320739486514184 0.03320739486514185 0.033207394868248356 0.03320739486514195 1.5524735649429746 0.0 -5.609884669995877e-06 0.0037426981972866038 0.0 0.0
0.0 0.0013419949408907462 0.0 0.63079373203363 0.0 0.03255371883039585 0.032553718830395845 0.03255371883039585 0.03255371882790297 1.5524735597704709 0.0 -5.609871320606059e-06 0.003742698410279664 0.0 0.0
0.0 0.0013886749250640164 0.0 0.6307833237835293 0.0 0.031913338741706 0.031913338741705995 0.031913338741692006 0.03191333874170572 1.5524735590363814 0.0 -5.609872015178782e-06 0.0037426985128130065 0.0 0.0
0.0 0.0014348291395068985 0.0 0.6307937096194913 0.0 0.031286995836837285 0.03128699583683748 0.031286995836812485 0.03128699583619087 1.5524735588948981 0.0 -5.602146496386582e-06 0.003742698886213224 0.0 0.0
0.0 0.0014804677698944712 0.0 0.6308268889949151 0.0 0.030675192577117396 0.030675192577117396 0.030675192577117406 0.030675192577092742 1.5524735593113967 0.0 -5.609884415463763e-06 0.0037426984557858345 0.0 0.0
0.0 0.0015255741021931203 0.0 0.6308828496403792 0.0 0.030078177319533977 0.030078177319533977 0.03007817731953398 0.030078177318812536 1.5524735588949092 0.0 -5.60214649641376e-06 0.003742698886213114 0.0 0.0
0.0 0.0015700428331300031 0.0 0.6309595882864407 0.0 0.029496701581945783 0.029496701581945783 0.02949670158128142 0.029496701581945783 1.5524735605459752 0.0 -5.609921819444243e-06 0.003742698367183936 0.0 0.0
0.0 0.001613887177161326 0.0 0.6310590915399177 0.0 0.028931259251563448 0.028931259251574196 0.028931259251370328 0.028931259251369742 1.5524735590353653 0.0 -5.609950584375259e-06 0.0037426985124954103 0.0 0.0
0.0 0.0016570205908305363 0.0 0.631179353603288 0.0 0.028382362857971567 0.02838236285799953 0.02838236285729451 0.028382362857294507 1.5524735623976162 0.0 -5.60990024199039e-06 0.0037426984880081036 0.0 0.0
0.0 0.0016994023406427905 0.0 0.6313193702825521 0.0 0.027850237432251554 0.027850237432251557 0.027850237431760464 0.027850237434376125 1.5524735590617245 0.0 -5.61002243698968e-06 0.0037426984992577498 0.0 0.0
0.0 0.001740932421390911 0.0 0.6314781265297864 0.0 0.027335912177455485 0.02733591217745548 0.02733591217671407 0.02733591218017357 1.5524735643116092 0.0 -5.610070027847232e-06 0.0037426982379043356 0.0 0.0
0.0 0.0017815900517013897 0.0 0.6316546194447837 0.0 0.026839347925263015 0.026839347925263015 0.02683934792469264 0.026839347925241914 1.5524735588948966 0.0 -5.602146496433505e-06 0.003742698886213281 0.0 0.0
0.0 0.001821225045325752 0.0 0.6318458401597594 0.0 0.026361580696396537 0.026361580696400613 0.02636158069640062 0.02636158069639653 1.5524735640708132 0.0 -5.609902729164444e-06 0.0037426982543633564 0.0 0.0
0.0 0.0018598303974495802 0.0 0.6320497887185709 0.0 0.025902067428066364 0.025902067428066368 0.025902067428056404 0.025902067428056397 1.552473559042719 0.0 -5.609953825621303e-06 0.0037426985084190066 0.0 0.0
0.0 0.0018972841910163735 0.0 0.6322584803277252 0.0 0.02545983036478439 0.02545983036478439 0.02545983036478164 0.0254598303647801 1.5524735620127097 0.0 -5.610011021718554e-06 0.0037426983169682126 0.0 0.0
0.0 0.001933549456139237 0.0 0.6324649367170271 0.0 0.025033080817305535 0.025033080817305518 0.02503308083150894 0.025033080865082217 1.5524735588948966 0.0 -5.602146496424536e-06 0.0037426988862132816 0.0 0.0
0.0 0.0019685660946406796 0.0 0.632662182852794 0.0 0.024620324800148568 0.02462032480014857 0.02462032479938203 0.02462032479506639 1.5524735588948968 0.0 -5.602146496434438e-06 0.00374269888621327 0.0 0.0
0.0 0.002002330418974154 0.0 0.6328462361180257 0.0 0.024220299864530285 0.024220299864530268 0.02422029986450536 0.024220299864530268 1.5524735591260381 0.0 -5.609462360197431e-06 0.003742698521545833 0.0 0.0
0.0 0.0020348518189681327 0.0 0.6330121174033013 0.0 0.023831247814684146 0.023831247814684153 0.023831247814056974 0.02383124781465669 1.5524735590940926 0.0 -5.609947546816326e-06 0.00374269849348836 0.0 0.0
0.0 0.0020661984090274113 0.0 0.6331588448009606 0.0 0.023451916524428254 0.0234519165244285 0.0234519165244285 0.023451916524388917 1.552473558894898 0.0 -5.602146496409615e-06 0.003742698886213232 0.0 0.0
0.0 0.0020963410796461125 0.0 0.6332814399800388 0.0 0.023081048164843212 0.02308104816484718 0.02308104816470912 0.023081048164705097 1.5524735588948966 0.0 -5.602146496415543e-06 0.0037426988862132816 0.0 0.0
0.0 0.002125366697396385 0.0 0.6333789230094067 0.0 0.022717140772642506 0.022717140772642502 0.022717140772683882 0.022717140772679452 1.5524735588948966 0.0 -5.602146496420561e-06 0.003742698886213277 0.0 0.0
0.0 0.002153275107260364 0.0 0.6334483103746378 0.0 0.022359205297643646 0.022359205297643823 0.022359205297686754 0.022359205297678444 1.5524735671780479 0.0 -5.610078040725665e-06 0.0037426982024352227 0.0 0.0
0.0 0.002180133181705214 0.0 0.6334876191032965 0.0 0.022005690588777365 0.022005690588777358 0.02200569058862075 0.022005690588775537 1.5524735590327934 0.0 -5.6100794108691925e-06 0.0037426985138048438 0.0 0.0
0.0 0.0022059622619813226 0.0 0.633494866304635 0.0 0.021655642734992025 0.021655642734992025 0.021655642734992025 0.02165564273494925 1.552473559932283 0.0 -5.610080135857255e-06 0.003742698416396315 0.0 0.0
0.0 0.0022307395730139846 0.0 0.6334660658490182 0.0 0.021308058346164647 0.021308058346164636 0.02130805834616464 0.021308058346123693 1.5524735714792273 0.0 -5.610093607255216e-06 0.003742698136270418 0.0 0.0
0.0 0.0022545382291319005 0.0 0.633400235470722 0.0 0.020961617951669717 0.020961617951669717 0.020961617951486128 0.020961617951542433 1.5524735590341414 0.0 -5.610057578722317e-06 0.0037426985123116636 0.0 0.0
0.0 0.002277305991427133 0.0 0.6332923894951199 0.0 0.020615387540993794 0.02061538754099369 0.020615387541916354 0.020615387541911098 1.552473560573181 0.0 -5.610027748945742e-06 0.003742698388589543 0.0 0.0
0.0 0.0022990284821536168 0.0 0.6331395379537555 0.0 0.020268578907899692 0.02026857890789956 0.020268578907976967 0.020268578910868022 1.5524735590318413 0.0 -5.60998753864032e-06 0.0037426985248088245 0.0 0.0
0.0 0.0023196106957933467 0.0 0.6329346918247154 0.0 0.019920189643709684 0.019920189643709684 0.01992018964371012 0.019920189646708393 1.5524735588948966 0.0 -5.602146496398267e-06 0.0037426988862132807 0.0 0.0
0.0 0.002339034203901636 0.0 0.632674867854103 0.0 0.019569467121871756 0.019569467121871752 0.019569467122822877 0.01956946712505244 1.5524735617249519 0.0 -5.60986413446355e-06 0.003742698354938408 0.0 0.0
0.0 0.002357109101726828 0.0 0.6323520571706314 0.0 0.01921638273290447 0.01921638273290447 0.01921638273263905 0.01921638273291783 1.552473559031256 0.0 -5.609768715715452e-06 0.003742698525701173 0.0 0.0
0.0 0.0023736780731942377 0.0 0.6319582672943196 0.0 0.01886043943903278 0.018860439439033063 0.018860439439728847 0.018860439439047135 1.5524735590947114 0.0 -5.609940876126853e-06 0.0037426984963371715 0.0 0.0
0.0 0.002388392140730863 0.0 0.6314934247962455 0.0 0.018506382342656745 0.018506382342656752 0.01850638234267077 0.018506382342670765 1.5524735588948997 0.0 -5.6021464963790026e-06 0.0037426988862132183 0.0 0.0
0.0 0.0024009598765069814 0.0 0.6309614564048193 0.0 0.018159469037759925 0.018159469037759925 0.01815946903682708 0.018159469036827077 1.5524735588948966 0.0 -5.602146496400201e-06 0.0037426988862132825 0.0 0.0
0.0 0.0024113981943904464 0.0 0.6303653517337423 0.0 0.01782045463590035 0.017820454635900353 0.017820454635907246 0.01782045463590737 1.5524735591914756 0.0 -5.6097721840330715e-06 0.0037426984865775127 0.0 0.0
0.0 0.0024196942592142937 0.0 0.6297060994893998 0.0 0.01748985340945597 0.017489853409455962 0.01748985340944866 0.017489853409450647 1.55247356597312 0.0 -5.609882639229764e-06 0.0037426982666376113 0.0 0.0
0.0 0.002425861935852671 0.0 0.6289856943772063 0.0 0.017168128938820984 0.017168128938821484 0.01716812893879086 0.017168128936318253 1.5524735590306664 0.0 -5.6096514694623265e-06 0.0037426985258517667 0.0 0.0
0.0 0.002429824462159933 0.0 0.6282041219681289 0.0 0.01685632188004402 0.016856321880036385 0.016856321880044017 0.016856321878573177 1.5524735591217553 0.0 -5.60972208052163e-06 0.003742698498039191 0.0 0.0
0.0 0.002431660012222743 0.0 0.6273653795375669 0.0 0.016554684158871652 0.016554684158871652 0.016554684158866042 0.01655468415716796 1.5524735639214917 0.0 -5.60977866576306e-06 0.003742698317342059 0.0 0.0
0.0 0.0024313159282273113 0.0 0.6264694534298684 0.0 0.016263937775461174 0.016263937775460896 0.01626393777098313 0.016263937771091308 1.5524735588948966 0.0 -5.6021464963732995e-06 0.0037426988862132816 0.0 0.0
0.0 0.002428799976790832 0.0 0.6255183433965529 0.0 0.015984614499044363 0.015984614499044352 0.015984614498555587 0.01598461449988783 1.5524735590314283 0.0 -5.609819576605075e-06 0.003742698518111767 0.0 0.0
0.0 0.0024241316102484797 0.0 0.6245150304701572 0.0 0.01571745965859934 0.01571745965859935 0.01571745965833371 0.015717459657382048 1.5524735588948968 0.0 -5.602146496314548e-06 0.003742698886213269 0.0 0.0
0.0 0.0024173151214315915 0.0 0.6234605175657164 0.0 0.015462724938193477 0.01546272493819348 0.015462724938155894 0.015462724937126698 1.5524735588949148 0.0 -5.60214649635214e-06 0.0037426988862131433 0.0 0.0
0.0 0.002408343829343761 0.0 0.6223567918932822 0.0 0.015221163642975318 0.015221163642975346 0.015221163642975368 0.015221163642972883 1.5524735588948966 0.0 -5.602146496366651e-06 0.0037426988862132816 0.0 0.0
0.0 0.002397252632712305 0.0 0.6212068489285382 0.0 0.014993280675647693 0.014993280675647707 0.014993280674260282 0.014993280674236262 1.5524735590308552 0.0 -5.609722854105505e-06 0.003742698520717051 0.0 0.0
0.0 0.0023840111498181597 0.0 0.6200116734976769 0.0 0.014779828747785878 0.014779828747785873 0.0147798287486773 0.014779828748691777 1.5524735595608037 0.0 -5.609657733730822e-06 0.0037426984641820375 0.0 0.0
0.0 0.0023686493179552012 0.0 0.6187732624615927 0.0 0.014581058022205386 0.014581058022205377 0.014581058022205254 0.01458105802222537 1.5524735588949006 0.0 -5.602146496326342e-06 0.003742698886213222 0.0 0.0
0.0 0.0023512009281142048 0.0 0.6174946153711987 0.0 0.014397476506652964 0.014397476506652967 0.01439747650664726 0.014397476506647265 1.5524735590235639 0.0 -5.6094770598899844e-06 0.003742698547735223 0.0 0.0
0.0 0.002331684273678637 0.0 0.6161787158528442 0.0 0.014229838075244973 0.01422983807524499 0.01422983807523247 0.014229838075232476 1.552473559030793 0.0 -5.609712978752555e-06 0.0037426985275424477 0.0 0.0
0.0 0.0023100866094347794 0.0 0.6148265563986949 0.0 0.014078644380458149 0.014078644380455958 0.014078644380517407 0.014078644380517407 1.5524735588948966 0.0 -5.602146496334093e-06 0.0037426988862132816 0.0 0.0
0.0 0.002286466027861315 0.0 0.6134421369712489 0.0 0.013944401988131438 0.013944401988131435 0.013944401988125014 0.013944401988125034 1.5524735590393672 0.0 -5.609458340144355e-06 0.0037426985228263534 0.0 0.0
0.0 0.002260835523014069 0.0 0.6120274425558441 0.0 0.013827614060630156 0.013827614060630157 0.013827614060618545 0.013827614060612685 1.5524735588948966 0.0 -5.602146496345995e-06 0.0037426988862132786 0.0 0.0
0.0 0.002233163494031402 0.0 0.6105804843638039 0.0 0.013728030145866108 0.013728030145866118 0.013728030145849482 0.01372803014584949 1.5524735604032374 0.0 -5.6095050358956924e-06 0.0037426984336207626 0.0 0.0
0.0 0.0022034456523434987 0.0 0.6091002597986191 0.0 0.01364539763356132 0.013645397633561407 0.013645397633549876 0.013645397633549872 1.5524735626775996 0.0 -5.609373676268971e-06 0.0037426983761992124 0.0 0.0
0.0 0.002171929238643616 0.0 0.6075947844707609 0.0 0.013578979538239526 0.013578979538239434 0.013578979538222184 0.013578979538222189 1.5524735660024975 0.0 -5.6095193402959945e-06 0.0037426983106285264 0.0 0.0
0.0 0.0021387734618129907 0.0 0.6060690650243767 0.0 0.0135282616209413 0.013528261620941286 0.013528261620929547 0.013528261620928983 1.5524735588948966 0.0 -5.6021464962842086e-06 0.003742698886213283 0.0 0.0
0.0 0.002104186905198432 0.0 0.604528128060351 0.0 0.013492035459224052 0.013492035459224035 0.013492035459214444 0.013492035458652398 1.5524735590141547 0.0 -5.609485238107067e-06 0.0037426985588705944 0.0 0.0
0.0 0.002068365773481175 0.0 0.6029769838423863 0.0 0.013469295312859396 0.013469295312859396 0.013469295312854675 0.013469295312308827 1.5524735590162264 0.0 -5.60934113654747e-06 0.003742698558744522 0.0 0.0
0.0 0.002031546064475293 0.0 0.6014216548091763 0.0 0.013458800597631333 0.013458800597631347 0.013458800597623402 0.013458800597093616 1.5524735590180565 0.0 -5.609449910384684e-06 0.0037426985553124206 0.0 0.0
0.0 0.0019938412689106603 0.0 0.599863160475844 0.0 0.013459338158467468 0.013459338158467454 0.013459338158453255 0.013459338158450834 1.5524735771486409 0.0 -5.609635142440913e-06 0.0037426981716858028 0.0 0.0
0.0 0.0019555301290569314 0.0 0.5983075278174587 0.0 0.013469094083117904 0.013469094083117913 0.013469094083102363 0.013469094083102363 1.552473575913882 0.0 -5.609448109408609e-06 0.003742698192891752 0.0 0.0
0.0 0.0019167763305745803 0.0 0.5967577767605364 0.0 0.013486830226950656 0.013486830226950665 0.0134868302269396 0.013486830226381375 1.5524735590154346 0.0 -5.609563676103454e-06 0.0037426985562698007 0.0 0.0
0.0 0.0018776860087219769 0.0 0.595213928250438 0.0 0.013511110002561383 0.013511110002561381 0.01351111000254531 0.013511110002541921 1.5524735588949192 0.0 -5.60214649634477e-06 0.0037426988862131402 0.0 0.0
0.0 0.0018385096489473092 0.0 0.5936810157950027 0.0 0.013540158103109745 0.013540158103109745 0.013540158103098067 0.013540158102499504 1.5524735590067011 0.0 -5.60953522768847e-06 0.00374269856450928 0.0 0.0
0.0 0.0017993645619010094 0.0 0.5921600522738688 0.0 0.013572725984862697 0.0135727259848627 0.013572725984853368 0.013572725984231924 1.5524735589989365 0.0 -5.609379612296763e-06 0.003742698572784314 0.0 0.0
0.0 0.001760450604952595 0.0 0.5906540670162664 0.0 0.013607078822020122 0.01360707882202012 0.013607078822005703 0.0136070788220057 1.552473564447735 0.0 -5.609528868892548e-06 0.003742698336185889 0.0 0.0
0.0 0.0017218617298641308 0.0 0.5891630783969143 0.0 0.013641942043873222 0.013641942043873216 0.01364194204386235 0.013641942043862336 1.5524735628514945 0.0 -5.609379000261005e-06 0.0037426983723558294 0.0 0.0
0.0 0.0016837802518020557 0.0 0.5876901079425569 0.0 0.013675829624476415 0.013675829624476513 0.0136758296244615 0.013675829624461608 1.5524735588948977 0.0 -5.602146496323708e-06 0.00374269888621325 0.0 0.0
0.0 0.001646344055761399 0.0 0.5862371811096501 0.0 0.013707509958165403 0.013707509958165403 0.013707509958152633 0.013707509958150574 1.552473560843358 0.0 -5.6093920933917375e-06 0.0037426984224129237 0.0 0.0
0.0 0.0016096594006328026 0.0 0.584806301525448 0.0 0.013736218018361238 0.013736218018361245 0.013736218018352293 0.013736218018352299 1.5524735588948968 0.0 -5.602146496329195e-06 0.0037426988862132677 0.0 0.0
0.0 0.0015738824605764055 0.0 0.5833995003514852 0.0 0.013760469034154121 0.013760469034154118 0.013760469034146837 0.013760469034146837 1.5524735597064092 0.0 -5.609342959264984e-06 0.003742698650727832 0.0 0.0
0.0 0.0015391181985829928 0.0 0.5820187835029438 0.0 0.013779509053833081 0.013779509053833074 0.013779509053820485 0.013779509053817507 1.5524735596940336 0.0 -5.6096413347697216e-06 0.0037426984594812434 0.0 0.0
0.0 0.0015056199772618803 0.0 0.5806731607488503 0.0 0.013792853322152803 0.013792853322152807 0.013792853322134455 0.01379285332213976 1.5524735588948968 0.0 -5.60214649632018e-06 0.0037426988862132747 0.0 0.0
0.0 0.001473408946197707 0.0 0.5793666245592158 0.0 0.013801511622272928 0.013801511622272927 0.013801511622261915 0.013801511622260553 1.5524735594885195 0.0 -5.609419254864529e-06 0.003742698477414666 0.0 0.0
0.0 0.001442371828342826 0.0 0.5780951640202558 0.0 0.013805724402774359 0.013805724402774352 0.013805724402762518 0.013805724402762523 1.5524735594600232 0.0 -5.6096639694444415e-06 0.003742698472322574 0.0 0.0
0.0 0.0014122717757409282 0.0 0.5768527604479617 0.0 0.01380673323875195 0.013806733238751954 0.013806733238744831 0.013806733238742108 1.552473559451652 0.0 -5.609582246801588e-06 0.0037426984751259993 0.0 0.0
0.0 0.0013829761558940075 0.0 0.575635403277071 0.0 0.013805030931317908 0.01380503093131791 0.013805030931305796 0.013805030931300548 1.5524735588948968 0.0 -5.6021464963171836e-06 0.0037426988862132764 0.0 0.0
0.0 0.0013543085595474165 0.0 0.5744380839302403 0.0 0.013801361225485278 0.013801361225485276 0.013801361225478207 0.013801361225478221 1.5524735588948968 0.0 -5.602146496304418e-06 0.003742698886213276 0.0 0.0
0.0 0.001326149142239935 0.0 0.5732557988945801 0.0 0.0137957152710699 0.013795715271069901 0.013795715271050862 0.013795715271050873 1.5524735588948968 0.0 -5.602146496354765e-06 0.0037426988862132747 0.0 0.0
0.0 0.001298322372599693 0.0 0.5720835354838425 0.0 0.01378883516348962 0.013788835163489612 0.013788835163477271 0.01378883516347728 1.5524735588948968 0.0 -5.602146496344361e-06 0.0037426988862132742 0.0 0.0
0.0 0.0012707136066370396 0.0 0.5709172887956332 0.0 0.013780964526297958 0.013780964526297956 0.013780964526291363 0.01378096452629137 1.5524735588948968 0.0 -5.602146496334121e-06 0.0037426988862132734 0.0 0.0
0.0 0.0012431411879121105 0.0 0.5697510516632357 0.0 0.013772595276543936 0.013772595276544073 0.01377259527653357 0.013772595276533692 1.5524735597749804 0.0 -5.6095431577596615e-06 0.0037426984582722717 0.0 0.0
0.0 0.0012154862790365799 0.0 0.5685798164611359 0.0 0.013763715007890627 0.013763715007895905 0.013763715007884581 0.013763715007879403 1.5524735588948968 0.0 -5.602146496299192e-06 0.003742698886213275 0.0 0.0
0.0 0.0011875713904652577 0.0 0.5673985786971504 0.0 0.013755072103312452 0.013755072103312456 0.013755072103302877 0.01375507210330293 1.5524735599978134 0.0 -5.609420541127685e-06 0.0037426984518876254 0.0 0.0
0.0 0.0011593017654167128 0.0 0.5662033312420859 0.0 0.01374665514135716 0.013746655141357162 0.01374665514134655 0.01374665514134655 1.5524735601293995 0.0 -5.609692071001168e-06 0.0037426984382017497 0.0 0.0
0.0 0.0011304957654123503 0.0 0.5649880666395976 0.0 0.013738956210079365 0.013738956210079357 0.013738956210069209 0.013738956210065864 1.5524735602529247 0.0 -5.609621455864613e-06 0.003742698435446807 0.0 0.0
0.0 0.0011010203189900632 0.0 0.5637487763601183 0.0 0.013732468959510923 0.013732468959510984 0.0137324689595013 0.013732468959501315 1.5524735603646351 0.0 -5.609539444047408e-06 0.0037426984338289828 0.0 0.0
0.0 0.001070694828735582 0.0 0.5624794491448319 0.0 0.013727681034473457 0.013727681034473454 0.0137276810344631 0.01372768103446318 1.552473558894897 0.0 -5.602146496292505e-06 0.003742698886213269 0.0 0.0
0.0 0.0010393660848499403 0.0 0.5611760788366588 0.0 0.013725344462511077 0.013725344462511075 0.013725344462501232 0.013725344462501236 1.5524735605038584 0.0 -5.60968067856834e-06 0.0037426984244919234 0.0 0.0
0.0 0.001006897725038542 0.0 0.5598336517920081 0.0 0.013725690000874865 0.013725690000874868 0.01372569000086445 0.013725690000864443 1.552473558894897 0.0 -5.602146496327794e-06 0.0037426988862132647 0.0 0.0
0.0 0.0009730566348256546 0.0 0.5584471524822071 0.0 0.013730221205647035 0.013730221205647042 0.013730221205637879 0.01373022120563874 1.552473560407382 0.0 -5.609428655700853e-06 0.003742698435860565 0.0 0.0
0.0 0.0009376874690869842 0.0 0.5570115658610523 0.0 0.013739421390944948 0.013739421390944948 0.013739421390933447 0.013739421390936165 1.5524735600301052 0.0 -5.60953602239347e-06 0.003742698633654958 0.0 0.0
0.0 0.0009008182886596916 0.0 0.555531874457468 0.0 0.013754550156743664 0.013754550156743667 0.01375455015673451 0.013754550156734506 1.5524735588948968 0.0 -5.602146496308086e-06 0.00374269888621327 0.0 0.0
0.0 0.0008626769704914255 0.0 0.554016094295819 0.0 0.013775125553120328 0.013775125553120228 0.013775125553113377 0.01377512555311047 1.552473559550434 0.0 -5.609232542488392e-06 0.0037426986598312183 0.0 0.0
0.0 0.000823368252505162 0.0 0.5524662311123881 0.0 0.013800395500257419 0.013800395500257417 0.01380039550025144 0.013800395500251493 1.5524735595082262 0.0 -5.609431059437053e-06 0.003742698475937552 0.0 0.0
0.0 0.0007829289596110156 0.0 0.5508822923982909 0.0 0.013829860974032545 0.01382986097403255 0.013829860974017935 0.01382986097401794 1.5524735588948966 0.0 -5.602146496329352e-06 0.003742698886213278 0.0 0.0
0.0 0.0007414796367872736 0.0 0.5492662997300202 0.0 0.0138625268550716 0.0138625268550716 0.01386252685506573 0.013862526855065721 1.5524735591691308 0.0 -5.609375387831273e-06 0.003742698503588432 0.0 0.0
0.0 0.0006991379667143986 0.0 0.5476192641347619 0.0 0.013897142756413667 0.013897142756413676 0.01389714275640676 0.013897142756406905 1.5524735588948966 0.0 -5.602146496312654e-06 0.003742698886213281 0.0 0.0
0.0 0.0006560005457736015 0.0 0.5459422068863251 0.0 0.013932710988110742 0.013932710988110579 0.013932710988114778 0.013932710988114938 1.5524735588948966 0.0 -5.602146496254979e-06 0.003742698886213285 0.0 0.0
0.0 0.0006121538314803389 0.0 0.5442341501792153 0.0 0.013967729454952801 0.013967729454952798 0.013967729454950038 0.013967729454950058 1.552473559031381 0.0 -5.609364845107461e-06 0.003742698527802521 0.0 0.0
0.0 0.0005677815343034869 0.0 0.5424981113768981 0.0 0.014000702680243084 0.014000702680241783 0.014000702680244196 0.014000702679125038 1.5524735588948966 0.0 -5.602146496304338e-06 0.0037426988862132816 0.0 0.0
0.0 0.0005230352142476942 0.0 0.5407351250291134 0.0 0.014029882078821432 0.014029882078884792 0.014029882078831405 0.014029882078831353 1.552473559029345 0.0 -5.6095197064014965e-06 0.0037426985260588623 0.0 0.0
0.0 0.00047800271732570263 0.0 0.5389442052168207 0.0 0.014053765756616016 0.014053765756616038 0.014053765756617558 0.014053765756617539 1.5524735588948966 0.0 -5.602146496208316e-06 0.0037426988862132794 0.0 0.0
0.0 0.00043287806982981504 0.0 0.5371273906216308 0.0 0.014070356678175083 0.014070356678175073 0.014070356678168403 0.014070356678168462 1.552473559028211 0.0 -5.609335016025467e-06 0.003742698530761383 0.0 0.0
0.0 0.00038788180795439406 0.0 0.5352877060306146 0.0 0.014077659307832552 0.01407765930783205 0.01407765930782727 0.014077659307827266 1.5524735590284287 0.0 -5.60937195893336e-06 0.0037426985301128395 0.0 0.0
0.0 0.00034317932378109437 0.0 0.5334251871941003 0.0 0.014073423320927893 0.014073423320927907 0.01407342332089382 0.014073423320893803 1.5524735590286083 0.0 -5.609405013724469e-06 0.003742698529353582 0.0 0.0
0.0 0.000298995750948113 0.0 0.5315438615211856 0.0 0.014055904867445393 0.014055904867445429 0.01405590486743954 0.0140559048675706 1.5524735590288687 0.0 -5.609446212659683e-06 0.003742698528077542 0.0 0.0
0.0 0.00025560617838832 0.0 0.5296467690440171 0.0 0.014022358328465554 0.014022358328465547 0.01402235832848182 0.014022358328903164 1.5524735588948966 0.0 -5.602146496251827e-06 0.003742698886213282 0.0 0.0
0.0 0.0002132715301559426 0.0 0.52773795073956 0.0 0.01397053982792016 0.013970539827920164 0.013970539827917927 0.01397053982791794 1.5524735590301793 0.0 -5.609245593782256e-06 0.0037426985304578196 0.0 0.0
0.0 0.00017227884771527083 0.0 0.525822435644985 0.0 0.013898207097373154 0.01389820709737315 0.013898207097378113 0.013898207097378107 1.5524735590862198 0.0 -5.609260819662451e-06 0.003742698516842611 0.0 0.0
0.0 0.0001329675268506055 0.0 0.5239082581298863 0.0 0.013803373258502812 0.013803373258502812 0.013803373258501046 0.013803373258501055 1.5524735594930352 0.0 -5.6092769879809254e-06 0.003742698480579071 0.0 0.0
0.0 9.568500505295002e-05 0.0 0.5220014591082913 0.0 0.013683295128348478 0.01368329512834848 0.01368329512834583 0.01368329512834591 1.5524735588948977 0.0 -5.602146496270651e-06 0.0037426988862132526 0.0 0.0
0.0 6.062812735812905e-05 0.0 0.5201080578411728 0.0 0.013537255028223146 0.013537255028223146 0.01353725502822186 0.013537255028224914 1.5524735693564007 0.0 -5.609336635497493e-06 0.0037426982704678426 0.0 0.0
0.0 2.7539076419288535e-05 0.0 0.5182269986306043 0.0 0.013368440368425872 0.013368440368425879 0.013368440368423459 0.01336844036829279 1.5524735590246195 0.0 -5.6093483584645045e-06 0.0037426985470681248 0.0 0.0
0.0 -4.080916569968643e-06 0.0 0.5163522092034861 0.0 0.01318165278330457 0.013181652783304363 0.013181652783392615 0.013181652783299356 1.5524735588948966 0.0 -5.602146496291864e-06 0.003742698886213281 0.0 0.0
0.0 -3.479212910378653e-05 0.0 0.5144756180616517 0.0 0.01298186005626703 0.012981860056267027 0.012981860056267695 0.012981860056253052 1.5524735590293055 0.0 -5.609412164925311e-06 0.003742698527893866 0.0 0.0
0.0 -6.517848472585985e-05 0.0 0.512588141711976 0.0 0.012774050286301181 0.012774050286301172 0.012774050286300126 0.01277405028625937 1.5524735599650172 0.0 -5.609450921180583e-06 0.003742698455224646 0.0 0.0
0.0 -9.582621878428257e-05 0.0 0.5106807047740362 0.0 0.012563224536264588 0.012563224536264567 0.012563224536264952 0.012563224536262603 1.5524735693588956 0.0 -5.6092449056760544e-06 0.0037426982831996873 0.0 0.0
0.0 -0.00012749159438269674 0.0 0.508739216319798 0.0 0.012355056132087953 0.012355056132032877 0.012355056132089584 0.012355056132672343 1.5524735590247736 0.0 -5.609239882533738e-06 0.0037426985476590314 0.0 0.0
0.0 -0.00016086152975715523 0.0 0.5067535842172849 0.0 0.012155588681198294 0.01215558868119304 0.012155588681193031 0.012155588684730583 1.5524735590278176 0.0 -5.60924070824009e-06 0.0037426985347340184 0.0 0.0
0.0 -0.00019669070401804508 0.0 0.504713700438891 0.0 0.011971787018960288 0.011971787018960867 0.011971787018960197 0.011971787019552644 1.5524735590311565 0.0 -5.609231585053265e-06 0.003742698530527181 0.0 0.0
0.0 -0.0002357906513280273 0.0 0.5026094459417666 0.0 0.011811387484274544 0.011811387484270682 0.011811387484290127 0.011811387483393023 1.5524735596565336 0.0 -5.609211082427192e-06 0.003742698477678042 0.0 0.0
0.0 -0.0002788359002274743 0.0 0.500438692784125 0.0 0.011682892272487038 0.011682892272487571 0.011682892272485151 0.011682892271211031 1.5524735630072963 0.0 -5.609187206746178e-06 0.0037426983868590284 0.0 0.0
0.0 -0.0003265668917552556 0.0 0.4982002920855557 0.0 0.011596031596665871 0.01159603159666557 0.011596031596711801 0.011596031597243208 1.5524735588949132 0.0 -5.602146496318644e-06 0.0037426988862131697 0.0 0.0
0.0 -0.00037950040250680773 0.0 0.4959040976657536 0.0 0.011561095145638793 0.0115610951456388 0.011561095145681047 0.011561095145681745 1.5524735588948966 0.0 -5.6021464962607856e-06 0.003742698886213283 0.0 0.0
0.0 -0.0004379961446887996 0.0 0.493570939334757 0.0 0.011589860546749611 0.011589860546749615 0.011589860546749623 0.011589860546713283 1.552473558996433 0.0 -5.6092046931861545e-06 0.003742698577257439 0.0 0.0
0.0 -0.0005021250745213439 0.0 0.4912336463843465 0.0 0.011694132507713489 0.011694132507713487 0.011694132507713475 0.01169413250760323 1.5524735589644716 0.0 -5.609154751255965e-06 0.0037426985957554515 0.0 0.0
0.0 -0.0005714393816482077 0.0 0.4889420792155263 0.0 0.0118842429288604 0.011884242928858356 0.011884242928969441 0.011884242928971245 1.5524735588948966 0.0 -5.60214649626191e-06 0.0037426988862132803 0.0 0.0
0.0 -0.0006448776392920921 0.0 0.48677011764812345 0.0 0.012170061689909412 0.012170061689907693 0.012170061689907724 0.012170061690423563 1.5524735588948966 0.0 -5.602146496252535e-06 0.0037426988862132816 0.0 0.0
0.0 -0.0007206430117646356 0.0 0.4848077125278044 0.0 0.012556733935098504 0.012556733935087484 0.0125567339350875 0.012556733935006129 1.5524735590030807 0.0 -5.609239690849125e-06 0.003742698571959636 0.0 0.0
0.0 -0.0007958333837724022 0.0 0.48317091366391074 0.0 0.013042945528576329 0.013042945528657033 0.01304294552853442 0.013042945529052016 1.5524735588948966 0.0 -5.602146496275754e-06 0.0037426988862132816 0.0 0.0
0.0 -0.000866604114040843 0.0 0.4819899109093778 0.0 0.013619153380663114 0.013619153380663114 0.013619153380664944 0.013619153380674391 1.5524735588948966 0.0 -5.602146496326758e-06 0.0037426988862132816 0.0 0.0
0.0 -0.0009281787373330831 0.0 0.48138711429231223 0.0 0.0142605493936523 0.014260549393652285 0.014260549393653774 0.01426054939365377 1.5524735590301215 0.0 -5.609690119364128e-06 0.003742698529919112 0.0 0.0
0.0 -0.0009768150387103177 0.0 0.48140608294984855 0.0 0.014930446512593558 0.014930446512593553 0.01493044651259628 0.0149304465125979 1.5524735588014678 0.0 -5.6099799663603854e-06 0.0037426986376195596 0.0 0.0
0.0 -0.0010101094009931195 0.0 0.4820393451222339 0.0 0.015593577841272025 0.015593577841272022 0.015593577840937584 0.015593577840933454 1.5524735589980518 0.0 -5.610142226439334e-06 0.003742698561953915 0.0 0.0
0.0 -0.0010267093630744971 0.0 0.48324636475840466 0.0 0.016218121730160715 0.016218121730160715 0.016218121730582857 0.016218121730626072 1.5524735590329837 0.0 -5.610189114189107e-06 0.0037426985183359254 0.0 0.0
0.0 -0.0010262097151527473 0.0 0.48496551006030425 0.0 0.016778224915877615 0.01677822491587761 0.016778224912271864 0.016778224912245777 1.5524735589188967 0.0 -5.610343517790557e-06 0.0037426985978973827 0.0 0.0
0.0 -0.001009087452028416 0.0 0.48711904324827887 0.0 0.01725476014133705 0.01725476014133705 0.01725476014133705 0.017254760145660443 1.5524735590330476 0.0 -5.610366317791702e-06 0.0037426985192583607 0.0 0.0
0.0 -0.0009764237788199414 0.0 0.48962312892358634 0.0 0.017634840146775726 0.017634840146775743 0.017634840146455777 0.017634840144313785 1.5524735588948966 0.0 -5.602146496511577e-06 0.003742698886213282 0.0 0.0
0.0 -0.0009298099480579752 0.0 0.49239184665840374 0.0 0.017911826341196462 0.017911826341196455 0.017911826341192295 0.017911826341192302 1.55247355905634 0.0 -5.61040666901435e-06 0.0037426985010312335 0.0 0.0
0.0 -0.0008709882609517 0.0 0.49535117520349936 0.0 0.018085099812837402 0.018085099812837405 0.018085099812835532 0.018085099812837402 1.5524735590331522 0.0 -5.6104816638007045e-06 0.003742698512791955 0.0 0.0
0.0 -0.0008018896175591213 0.0 0.49843303807721595 0.0 0.01815855227026396 0.018158552269662023 0.018158552270071945 0.018158552269470676 1.5524735590332042 0.0 -5.610480601226536e-06 0.003742698515164083 0.0 0.0
0.0 -0.000724258049557966 0.0 0.501589301048847 0.0 0.018140107904421273 0.01814010790442125 0.01814010790441088 0.018140107904410896 1.5524735590330654 0.0 -5.61047532168305e-06 0.003742698514931409 0.0 0.0
0.0 -0.0006397627363545968 0.0 0.5047818003117152 0.0 0.018039957329110658 0.018039957329110793 0.018039957329112486 0.018039957329112503 1.5524735590333048 0.0 -5.6104527848331684e-06 0.003742698511490824 0.0 0.0
0.0 -0.0005497646266401748 0.0 0.5079943312212143 0.0 0.017871327009790192 0.017871327009790192 0.017871327009630143 0.017871327009630133 1.552473559097841 0.0 -5.610466649805408e-06 0.003742698491917106 0.0 0.0
0.0 -0.00045543954286619636 0.0 0.5112206828433684 0.0 0.017648212663151155 0.017648212663151155 0.01764821266320402 0.017648212663148807 1.5524735608807108 0.0 -5.610474803358531e-06 0.0037426983832932127 0.0 0.0
0.0 -0.00035767306620218054 0.0 0.5144736155071492 0.0 0.017386905790189373 0.01738690579018938 0.017386905790187115 0.017386905790187118 1.5524735736832662 0.0 -5.610498044949177e-06 0.0037426981413361316 0.0 0.0
0.0 -0.0002573156084679106 0.0 0.5177708712082224 0.0 0.017104862674219432 0.017104862674219432 0.017104862674219463 0.01710486276212324 1.5524735590327814 0.0 -5.610453056278646e-06 0.0037426985147487593 0.0 0.0
0.0 -0.00015500869983413874 0.0 0.5211431798598992 0.0 0.016820968586983894 0.016820968586983898 0.016820968587044 0.016820968583553156 1.5524735592398367 0.0 -5.610471853208113e-06 0.003742698473956236 0.0 0.0
0.0 -5.172898738933745e-05 0.0 0.5246192064716186 0.0 0.016558003382947977 0.01655800338294798 0.016558003382947977 0.01655800337637197 1.5524735640578182 0.0 -5.610465557097751e-06 0.0037426983042261257 0.0 0.0
0.0 5.1285620090382465e-05 0.0 0.5282235851883538 0.0 0.016340982721238486 0.016340982721238413 0.016340982729913158 0.016340982729755787 1.552473559030524 0.0 -5.61047481449795e-06 0.0037426985275100934 0.0 0.0
0.0 0.0001521061140459457 0.0 0.5319668713062922 0.0 0.016199707747646775 0.01619970774764679 0.016199707783009037 0.01619970778391962 1.5524735590324859 0.0 -5.61041521022915e-06 0.003742698519449143 0.0 0.0
0.0 0.0002532401776215355 0.0 0.5360416878625993 0.0 0.016163482523171145 0.016163482523171107 0.01616348257467191 0.0161634825744742 1.552473559032437 0.0 -5.610396266329736e-06 0.003742698518189341 0.0 0.0
0.0 0.00035492584762026957 0.0 0.5405615562269943 0.0 0.01626649499528919 0.0162664949952892 0.016266495027139376 0.016266495026926932 1.552473559030946 0.0 -5.610255316731755e-06 0.003742698526928868 0.0 0.0
0.0 0.0004512399438366905 0.0 0.5453769601994329 0.0 0.016540260972580947 0.01654026097258095 0.016540260980282 0.016540260980279286 1.552473559007592 0.0 -5.610301104743375e-06 0.0037426985574168102 0.0 0.0
0.0 0.0005365415810426238 0.0 0.5503135479951196 0.0 0.017004254507200323 0.017004254507174507 0.017004254507258277 0.01700425458322627 1.5524735590298966 0.0 -5.6098614480100325e-06 0.0037426985242777714 0.0 0.0
0.0 0.0006061436417234561 0.0 0.5551931933931648 0.0 0.017663690831190917 0.017663690831190897 0.017663690831485133 0.01766369083935961 1.5524735589691239 0.0 -5.6099117216496e-06 0.003742698584491326 0.0 0.0
0.0 0.0006565327995314128 0.0 0.5598469571140067 0.0 0.01851079810029281 0.018510798100292825 0.01851079810029398 0.01851079810029256 1.5524735590107892 0.0 -5.610069643395958e-06 0.0037426985570532716 0.0 0.0
0.0 0.0006858699299772688 0.0 0.5641351095244004 0.0 0.01952459845834419 0.019524598458344217 0.019524598458342896 0.01952459845834495 1.5524735588948966 0.0 -5.602146496549762e-06 0.0037426988862132816 0.0 0.0
0.0 0.0006937270656720619 0.0 0.5679530455637017 0.0 0.02067641915615472 0.020676419156154712 0.020676419156524933 0.02067641915443529 1.5524735589603555 0.0 -5.61034918343684e-06 0.0037426985829880624 0.0 0.0
0.0 0.0006811792886755481 0.0 0.5712402667170969 0.0 0.021931657019736792 0.021931657019736647 0.02193165702009676 0.021931657020087668 1.552473558749551 0.0 -5.610441249715161e-06 0.0037426986450002104 0.0 0.0
0.0 0.0006503727754535737 0.0 0.5739763051220709 0.0 0.023254272270461507 0.0232542722704615 0.023254272270461514 0.02325427227046135 1.5524735580429614 0.0 -5.610447835124597e-06 0.003742698758482412 0.0 0.0
0.0 0.0006043683714240575 0.0 0.5761787063488708 0.0 0.024608285550406703 0.024608285550406703 0.02460828555040654 0.024608285550406537 1.5524735562351881 0.0 -5.610399034272688e-06 0.0037426989237157467 0.0 0.0
0.0 0.0005465640166528313 0.0 0.5778889727480844 0.0 0.025961018052344503 0.025961018052344503 0.025961018052344624 0.025961018048361418 1.5524735586730318 0.0 -5.610352082720423e-06 0.0037426986582321303 0.0 0.0
0.0 0.00048068623453154325 0.0 0.5791705723487738 0.0 0.027282551650833133 0.027282551650833133 0.0272825516508354 0.027282551650820924 1.5524735578188662 0.0 -5.61021542386578e-06 0.003742698779874945 0.0 0.0
0.0 0.00041037062900300985 0.0 0.5800939227630392 0.0 0.02854649979243704 0.028546499792437036 0.02854649979243932 0.02854649979242866 1.5524735563587306 0.0 -5.610197249618571e-06 0.003742698906910748 0.0 0.0
0.0 0.00033907253511626954 0.0 0.5807333863983903 0.0 0.0297302366621574 0.0297302366621574 0.029730236662151712 0.029730236662151716 1.5524735589045973 0.0 -5.6101016613862545e-06 0.003742698599984127 0.0 0.0
0.0 0.00026989074564170783 0.0 0.5811552894803729 0.0 0.030813352145066968 0.030813352145066975 0.03081335214484695 0.030813352145066992 1.5524735588240706 0.0 -5.609944934963833e-06 0.0037426986241969416 0.0 0.0
0.0 0.00020571594266639425 0.0 0.5814219350040492 0.0 0.031776948092396756 0.03177694809238352 0.03177694809239675 0.03177694809238352 1.5524735588557463 0.0 -5.610016468305149e-06 0.0037426986146007757 0.0 0.0
0.0 0.00014895510526020768 0.0 0.5815815914665727 0.0 0.03260409885469185 0.03260409885469186 0.03260409885469351 0.03260409885469351 1.5524735589704817 0.0 -5.610055668161076e-06 0.003742698574369079 0.0 0.0
0.0 0.00010175060334332821 0.0 0.5816715242893615 0.0 0.03327786093435776 0.03327786093433683 0.03327786093435774 0.033277860931178606 1.552473559030021 0.0 -5.609805905914533e-06 0.0037426985306594817 0.0 0.0
0.0 6.59121592614316e-05 0.0 0.5817189775597792 0.0 0.03378252488394861 0.03378252488393878 0.033782524883948985 0.033782524881289314 1.552473558837881 0.0 -5.6098220728809935e-06 0.003742698620871153 0.0 0.0
0.0 3.6510926550499134e-05 0.0 0.5817468376090797 0.0 0.034192891661698206 0.03419289166169822 0.03419289166540805 0.0341928916616945 1.5524735590315333 0.0 -5.609824734791887e-06 0.00374269852390535 0.0 0.0
0.0 7.556171651771497e-06 0.0 0.5817658299693942 0.0 0.03459424217699449 0.03459424217699449 0.03459424217989728 0.034594242176994736 1.5524735589699725 0.0 -5.609831763751997e-06 0.003742698577024167 0.0 0.0
0.0 -2.0817635983346272e-05 0.0 0.5817769774184827 0.0 0.034985078502514755 0.03498507850251473 0.03498507850243295 0.03498507850241262 1.5524735590313032 0.0 -5.609830709999697e-06 0.003742698518487407 0.0 0.0
0.0 -4.8493956116015514e-05 0.0 0.5817812968643179 0.0 0.03536415170400085 0.03536415170400086 0.03536415170400089 0.035364151704001125 1.5524735588948966 0.0 -5.602146496377193e-06 0.003742698886213282 0.0 0.0
0.0 -7.535773559555883e-05 0.0 0.5817798136860127 0.0 0.03573021306792471 0.03573021306792471 0.03573021306798981 0.03573021306792521 1.552473558877926 0.0 -5.609834309367191e-06 0.0037426986089451482 0.0 0.0
0.0 -0.00010124936395296577 0.0 0.5817745445974106 0.0 0.036081766384339096 0.03608176638433907 0.03608176638438874 0.03608176639035593 1.5524735590314827 0.0 -5.609827800094578e-06 0.0037426985193182672 0.0 0.0
0.0 -0.00012607139510968226 0.0 0.5817665069910954 0.0 0.036417812246659235 0.036417812246659194 0.036417812246689565 0.0364178122496474 1.5524735590182008 0.0 -5.609826510155963e-06 0.0037426985472027233 0.0 0.0
0.0 -0.0001497558702440438 0.0 0.5817547193189795 0.0 0.036737099374054484 0.03673709937405448 0.03673709937405448 0.03673709937405448 1.5524735591179466 0.0 -5.60981900921042e-06 0.0037426984840608726 0.0 0.0
0.0 -0.00017211970087757214 0.0 0.5817422028109955 0.0 0.03703813177962615 0.037038131779626206 0.03703813178006243 0.03703813177963098 1.5524735588948966 0.0 -5.602146496374106e-06 0.003742698886213282 0.0 0.0
0.0 -0.00019307159314522443 0.0 0.5817289804437341 0.0 0.0373196598188673 0.03731965981886731 0.037319659818887595 0.037319659818867645 1.5524735588948966 0.0 -5.602146496373412e-06 0.003742698886213281 0.0 0.0
0.0 -0.00021251944113084603 0.0 0.5817150709515871 0.0 0.037580433029371765 0.037580433029371765 0.037580433029371765 0.03758043302937183 1.5524735589704608 0.0 -5.609810741293809e-06 0.0037426985763726528 0.0 0.0
0.0 -0.0002303223742446307 0.0 0.5817024894200169 0.0 0.037819204774478025 0.03781920477447803 0.03781920477447429 0.03781920477447904 1.552473559056216 0.0 -5.6098026226865e-06 0.003742698502661591 0.0 0.0
0.0 -0.0002464126805991571 0.0 0.5816902564123817 0.0 0.03803472280978634 0.038034722809734786 0.03803472280973636 0.03803472280978629 1.5524735590312009 0.0 -5.609799675731795e-06 0.0037426985193469756 0.0 0.0
0.0 -0.00026067989882994254 0.0 0.5816783944140719 0.0 0.038225487157889496 0.038225487157889496 0.03822548715788748 0.038225487157874945 1.552473559031046 0.0 -5.609796568598836e-06 0.0037426985269914674 0.0 0.0
0.0 -0.0002730447011378226 0.0 0.5816679149320854 0.0 0.038390749226225485 0.03839074922622555 0.03839074922622821 0.03839074922622553 1.552473558875587 0.0 -5.6096989878321265e-06 0.003742698744331745 0.0 0.0
0.0 -0.00028333586798256794 0.0 0.5816598483221628 0.0 0.03852851153169197 0.03852851153169196 0.03852851153169197 0.03852851153169187 1.5524735596065093 0.0 -5.609786810933606e-06 0.0037426984175696148 0.0 0.0
0.0 -0.0002915219024260649 0.0 0.5816532054344445 0.0 0.03863801935236335 0.038638019352363356 0.038638019352363356 0.03863801935236518 1.5524735592545253 0.0 -5.609785410773914e-06 0.0037426984585069408 0.0 0.0
0.0 -0.00029749213995957085 0.0 0.5816480066846861 0.0 0.03871777452811357 0.03871777452811358 0.03871777452807435 0.03871777452807607 1.5524735588948966 0.0 -5.602146496367926e-06 0.0037426988862132803 0.0 0.0
0.0 -0.00030114960959688714 0.0 0.581645271582669 0.0 0.03876677871385356 0.03876677871385356 0.03876677871381173 0.03876677871381172 1.5524735588948966 0.0 -5.602146496367814e-06 0.0037426988862132807 0.0 0.0
