0.0 -0.0011561157839987577 0.0 0.5832629883162115 0.0 0.050966255488559355 0.05096625549125026 0.05096625538058251 0.050966255373410194 1.5524735591479493 0.0 -5.602146294400361e-06 0.0037426988847280023 0.0 0.0
0.0 -0.0010835875911060372 0.0 0.5852157805612721 0.0 0.05062057470197683 0.050620574701976825 0.05062057470197891 0.050620574701979046 1.5524735591604082 0.0 -5.610329397516569e-06 0.0037426984606481794 0.0 0.0
0.0 -0.001005787216352649 0.0 0.5873070075875628 0.0 0.05024861123261731 0.05024861123263658 0.05024861123263708 0.05024861123677829 1.5524735590318692 0.0 -5.610342981707646e-06 0.003742698524119632 0.0 0.0
0.0 -0.0009228593174948717 0.0 0.5895306698941073 0.0 0.049850355689097646 0.04985035568903685 0.04985035568903685 0.04985035569311044 1.5524735590403602 0.0 -5.610357692727565e-06 0.0037426985045267594 0.0 0.0
0.0 -0.0008350133402050683 0.0 0.5918757759364776 0.0 0.04942504117685781 0.04942504117686159 0.049425041176857795 0.04942504117313569 1.552473559624633 0.0 -5.610289271694796e-06 0.003742698393130325 0.0 0.0
0.0 -0.0007424471043919337 0.0 0.5943333262098238 0.0 0.048972399833156294 0.048972399833201945 0.04897239985610033 0.04897239985605464 1.5524735590327132 0.0 -5.610347082925425e-06 0.0037426985129010784 0.0 0.0
0.0 -0.000645327882367882 0.0 0.5968933329113292 0.0 0.048491419683376634 0.048491419683376634 0.04849141967997679 0.04849141967997451 1.5524735594325008 0.0 -5.6103608123955e-06 0.0037426984184818646 0.0 0.0
0.0 -0.000543876028191843 0.0 0.5995428118932994 0.0 0.04798082621139149 0.04798082621139151 0.04798082620895106 0.04798082621145002 1.5524735590326735 0.0 -5.610361857931147e-06 0.003742698513437866 0.0 0.0
0.0 -0.00043831769917186073 0.0 0.6022677786085817 0.0 0.047439099043072926 0.04743909904307292 0.047439099043211794 0.04743909904306919 1.5524735588948966 0.0 -5.602146496490849e-06 0.0037426988862132734 0.0 0.0
0.0 -0.00032883778012801894 0.0 0.6050552616489148 0.0 0.04686446635816156 0.04686446635816133 0.04686446635817909 0.04686446635816155 1.55247355903899 0.0 -5.6103548013894085e-06 0.0037426985071070096 0.0 0.0
0.0 -0.0002157451955556616 0.0 0.6078862803425429 0.0 0.046254900896302416 0.046254900896302416 0.046254900896300084 0.04625490089630008 1.5524735608835751 0.0 -5.610359839126902e-06 0.0037426983044797518 0.0 0.0
0.0 -9.927708955438503e-05 0.0 0.6107448613459943 0.0 0.04560836633499334 0.045608366334993336 0.04560836633501249 0.04560836633498936 1.5524735592189176 0.0 -5.610364970981628e-06 0.003742698452773184 0.0 0.0
0.0 2.0202244597971432e-05 0.0 0.6136090321733685 0.0 0.04492258675530357 0.04492258675530357 0.04492258675528074 0.044922586743849045 1.5524735590343581 0.0 -5.610368196200033e-06 0.003742698510843811 0.0 0.0
0.0 0.00014232908433392606 0.0 0.616456820216177 0.0 0.04419527929794816 0.04419527929794817 0.04419527929787295 0.04419527930301268 1.5524735616098528 0.0 -5.6102767609382456e-06 0.0037426984631765362 0.0 0.0
0.0 0.00026667495479378207 0.0 0.6192642462146918 0.0 0.043424388920685834 0.04342438892068583 0.04342438892069959 0.043424388925240365 1.5524735588948968 0.0 -5.6021464965183895e-06 0.00374269888621327 0.0 0.0
0.0 0.0003927112379211103 0.0 0.6220033381255957 0.0 0.042607886794585555 0.042607886794585555 0.042607886794585555 0.042607886794637104 1.5524735592562404 0.0 -5.61035332934241e-06 0.003742698449608484 0.0 0.0
0.0 0.000519852399952945 0.0 0.6246451050371072 0.0 0.041744219663625924 0.04174421966362592 0.04174421966423269 0.04174421966363516 1.5524735590885204 0.0 -5.610371076098826e-06 0.003742698484488463 0.0 0.0
0.0 0.0006474237180239787 0.0 0.6271585544628522 0.0 0.040832366552864985 0.04083236655286482 0.04083236655837148 0.04083236655291844 1.552473573331701 0.0 -5.610372069767149e-06 0.0037426979483131217 0.0 0.0
0.0 0.0007745843367314525 0.0 0.629507676383462 0.0 0.03987193586858424 0.03987193586858426 0.03987193586204236 0.03987193586201682 1.5524735588949057 0.0 -5.602146496515905e-06 0.0037426988862131107 0.0 0.0
0.0 0.0009004697474676101 0.0 0.6316584618769834 0.0 0.03886348574149958 0.03886348574149957 0.03886348574149957 0.03886348574154538 1.5524735738625697 0.0 -5.6103186452381205e-06 0.003742697950935549 0.0 0.0
0.0 0.0010272184204090813 0.0 0.6336202955081655 0.0 0.03778095283094921 0.03778095283094922 0.03778095283094613 0.037780952830923496 1.5524735799850626 0.0 -5.610328792139533e-06 0.00374269785274605 0.0 0.0
0.0 0.001156439638531103 0.0 0.63538454529429 0.0 0.0365995330556963 0.03659953305569629 0.03659953305569644 0.036599533055723624 1.5524735588949767 0.0 -5.602146495675149e-06 0.003742698886213126 0.0 0.0
0.0 0.0012859761764619818 0.0 0.6368771230602704 0.0 0.035324207655255284 0.03532420765525528 0.03532420765577405 0.03532420766055881 1.5524735617627725 0.0 -5.610337207003174e-06 0.0037426982871377793 0.0 0.0
0.0 0.0014136797448607043 0.0 0.6380298968820609 0.0 0.03396184181463763 0.03396184181463762 0.03396184181524936 0.03396184181460736 1.552473574424453 0.0 -5.6102141336107e-06 0.0037426979787670003 0.0 0.0
0.0 0.0015372018929966655 0.0 0.6387747002488815 0.0 0.032522003742954476 0.032522003742954345 0.03252200374755982 0.032522003742954476 1.552473558895159 0.0 -5.602146496135374e-06 0.003742698886213016 0.0 0.0
0.0 0.0016540537567673607 0.0 0.639047331530502 0.0 0.031017459108746172 0.031017459108746176 0.031017459108714462 0.031017459108745902 1.5524735751609569 0.0 -5.60997197473714e-06 0.0037426979982350663 0.0 0.0
0.0 0.0017618495361595185 0.0 0.638791550945923 0.0 0.029462245680891914 0.029462245680891914 0.029462245680891914 0.02946224568085412 1.5524735588955725 0.0 -5.6021464971989745e-06 0.003742698886212885 0.0 0.0
0.0 0.00185814969930878 0.0 0.6379590962492019 0.0 0.02787370492463257 0.02787370492466424 0.027873704923852643 0.027873704923849794 1.552473595511253 0.0 -5.60970176774749e-06 0.0037426977959642274 0.0 0.0
0.0 0.0019405940742916637 0.0 0.6365096563797273 0.0 0.026270780160225115 0.02627078016022511 0.026270780159389728 0.026270780159591327 1.5524735588983154 0.0 -5.602146504378213e-06 0.0037426988862124602 0.0 0.0
0.0 0.0020069689664554764 0.0 0.6344159172409769 0.0 0.02467464518571556 0.024674645185715705 0.024674645185711386 0.024674645185711386 1.552473558895602 0.0 -5.602146497275311e-06 0.003742698886212942 0.0 0.0
0.0 0.0020554077505086413 0.0 0.6316655502459041 0.0 0.02310671273334309 0.023106712733343096 0.023106712733372933 0.023106712734550623 1.552473558910092 0.0 -5.602146535502948e-06 0.0037426988862116284 0.0 0.0
0.0 0.002084149716201697 0.0 0.6282562062917437 0.0 0.021590233017816884 0.021590233017816877 0.021590233017844417 0.02159023301781897 1.5524735588975598 0.0 -5.602146502422889e-06 0.003742698886212671 0.0 0.0
0.0 0.0020919414556019615 0.0 0.6242045562252448 0.0 0.020147798717393774 0.020147798717393778 0.020147798718349343 0.020147798718322844 1.5524735907131586 0.0 -5.609113098719578e-06 0.003742697978864338 0.0 0.0
0.0 0.002077819912512703 0.0 0.6195392577303526 0.0 0.018802023902011793 0.018802023902011793 0.018802023902018097 0.018802023898503488 1.5524735588968546 0.0 -5.602146501232078e-06 0.0037426988862117984 0.0 0.0
0.0 0.0020413185128002886 0.0 0.6143040258681336 0.0 0.017573668078350962 0.017573668078350948 0.017573668079200227 0.01757366807835767 1.5524735589057688 0.0 -5.6021465241858305e-06 0.0037426988862121224 0.0 0.0
0.0 0.0019824109194781793 0.0 0.6085585799517444 0.0 0.016482785258919552 0.016482785258919566 0.016482785258919597 0.016482785263742198 1.5524735676157029 0.0 -5.609151402792979e-06 0.0037426982721648623 0.0 0.0
0.0 0.0019015821193300666 0.0 0.602371693780369 0.0 0.015545450444555138 0.015545450444555157 0.015545450449862932 0.015545450449869656 1.5524735652889705 0.0 -5.609555481047248e-06 0.003742698308377129 0.0 0.0
0.0 0.0017997591443515842 0.0 0.5958261697969193 0.0 0.014776313642374306 0.014776313642374316 0.014776313643146822 0.014776313643082474 1.5524735595860353 0.0 -5.6093780947568176e-06 0.0037426984701315 0.0 0.0
0.0 0.0016783295171908933 0.0 0.5890098995405775 0.0 0.014185423296864263 0.01418542329686427 0.014185423297668517 0.014185423297676551 1.55247363020242 0.0 -5.609986727396561e-06 0.0037426977995393745 0.0 0.0
0.0 0.001539118683693745 0.0 0.5820187814066601 0.0 0.01377950774988667 0.013779507749886682 0.01377950774979973 0.013779507749882174 1.5524735588948968 0.0 -5.602146496186239e-06 0.0037426988862132747 0.0 0.0
0.0 0.001379498990834009 0.0 0.5747388555165385 0.0 0.013556817045137004 0.01355681704513702 0.013556817045129848 0.013556817045005401 1.5524735674840708 0.0 -5.610126292574931e-06 0.0037426982787651516 0.0 0.0
0.0 0.0011961641542199322 0.0 0.5670708687170595 0.0 0.013529755514772594 0.013529755514771263 0.013529755514737781 0.013529755514179911 1.5524735590121315 0.0 -5.610824401424373e-06 0.003742698552306089 0.0 0.0
0.0 0.0009909214300392849 0.0 0.5591495702449709 0.0 0.01371809208248213 0.013718092082482132 0.013718092082458718 0.013718092081906852 1.5524735589550689 0.0 -5.610830051982289e-06 0.0037426985861800017 0.0 0.0
0.0 0.0007663284408751181 0.0 0.551117827802352 0.0 0.014134041680033014 0.014134041680033009 0.014134041679884845 0.014134041679905346 1.5524735590331682 0.0 -5.610952687648492e-06 0.0037426985146158326 0.0 0.0
0.0 0.0005257486643992158 0.0 0.5431246181284481 0.0 0.014780843271690184 0.014780843271690186 0.014780843271670284 0.01478084327167029 1.5524735588948966 0.0 -5.602146496285403e-06 0.0037426988862132833 0.0 0.0
0.0 0.00027299080006373924 0.0 0.5353131162429521 0.0 0.01565372553638359 0.01565372553638359 0.015653725536383587 0.01565372553725919 1.5524735589786214 0.0 -5.610918368771691e-06 0.003742698573957598 0.0 0.0
0.0 1.2132447632607335e-05 0.0 0.5278154827634828 0.0 0.01674064833282194 0.01674064833282194 0.01674064832195743 0.016740648321498495 1.5524735589368954 0.0 -5.6104513121155636e-06 0.003742698595753787 0.0 0.0
0.0 -0.00025265996273030283 0.0 0.5207470631080043 0.0 0.018022792739860457 0.018022792739860457 0.018022792739862493 0.018022792734558927 1.552473558657479 0.0 -5.610594014530241e-06 0.003742698670014585 0.0 0.0
0.0 -0.000517424020566294 0.0 0.5142002176826186 0.0 0.019476554385221466 0.019476554385221615 0.01947655438519545 0.019476554385195445 1.5524735588948966 0.0 -5.602146496220016e-06 0.003742698886213301 0.0 0.0
0.0 -0.0007783890858034286 0.0 0.5082464283976557 0.0 0.02107404007490845 0.021074040074908453 0.021074040074762265 0.0210740400758542 1.5524735585344782 0.0 -5.609524039259557e-06 0.0037426986963730144 0.0 0.0
0.0 -0.00103228056669575 0.0 0.5029311197664307 0.0 0.022785563133928117 0.022785563133928117 0.022785563133645607 0.02278556313360534 1.5524735549985225 0.0 -5.609269707941168e-06 0.003742699003879474 0.0 0.0
0.0 -0.0012763054031881748 0.0 0.4982767708757841 0.0 0.024580419808431068 0.024580419808431068 0.024580419808383335 0.024580419808414602 1.552473556433679 0.0 -5.609184079062858e-06 0.0037426989073011045 0.0 0.0
0.0 -0.0015082643170226152 0.0 0.49428183591830294 0.0 0.026428091350380482 0.026428091350380482 0.02642809135035918 0.026428091352197394 1.552473557212922 0.0 -5.60907175462677e-06 0.003742698843479005 0.0 0.0
0.0 -0.0017264598421804411 0.0 0.49092774988088583 0.0 0.02829929363451903 0.02829929363451901 0.028299293634519003 0.028299293634519017 1.5524735577228967 0.0 -5.609092835500538e-06 0.0037426987941893285 0.0 0.0
0.0 -0.0019296942151770871 0.0 0.4881789211754906 0.0 0.030165946032675663 0.030165946032675656 0.030165946033329605 0.03016594603162212 1.5524735483777972 0.0 -5.609111684811512e-06 0.0037426992681907443 0.0 0.0
0.0 -0.00211725967511981 0.0 0.4859887109055273 0.0 0.03200301153327697 0.03200301153327697 0.03200301153401707 0.0320030115332807 1.5524735507962122 0.0 -5.609243883741632e-06 0.003742699175681236 0.0 0.0
0.0 -0.0022887948459481998 0.0 0.48430045496528157 0.0 0.03378687286091443 0.03378687286091443 0.03378687286094425 0.03378687286091311 1.5524735535224203 0.0 -5.609311211316815e-06 0.003742699054608247 0.0 0.0
0.0 -0.002444281196784273 0.0 0.483052442674088 0.0 0.03549692676261424 0.035496926762614234 0.03549692676306929 0.03549692676261423 1.552473556180184 0.0 -5.609557250861279e-06 0.003742698905014676 0.0 0.0
0.0 -0.0025839436873082724 0.0 0.4821789320690679 0.0 0.03711456335734713 0.03711456335734713 0.03711456335647626 0.03711456335808181 1.5524735581241667 0.0 -5.609592960155118e-06 0.003742698737166804 0.0 0.0
0.0 -0.002708111565439053 0.0 0.4816151554740528 0.0 0.03862291682293678 0.03862291682293679 0.03862291682293766 0.03862291682296856 1.552473554687623 0.0 -5.609723325486767e-06 0.0037426989874013742 0.0 0.0
0.0 -0.0028207246750894567 0.0 0.4813055650540579 0.0 0.040057428355841085 0.04005742835584104 0.040057428355836845 0.04005742835587175 1.5524735582284492 0.0 -5.609627266109517e-06 0.0037426987210451893 0.0 0.0
0.0 -0.002924300536965282 0.0 0.48127950971330546 0.0 0.04146212772016005 0.04146212772016006 0.04146212772016009 0.04146212772012917 1.5524735559041565 0.0 -5.609901187566283e-06 0.0037426989110801684 0.0 0.0
0.0 -0.0030171804497939356 0.0 0.48159306954204895 0.0 0.0428328754387179 0.0428328754387179 0.04283287544253144 0.042832875438687135 1.5524735587057636 0.0 -5.609981540667802e-06 0.0037426986431303663 0.0 0.0
0.0 -0.0030978073954899235 0.0 0.482290358111748 0.0 0.04416297366426608 0.04416297366426608 0.04416297366426609 0.04416297366426609 1.552473557677716 0.0 -5.609899842899148e-06 0.003742698772636656 0.0 0.0
0.0 -0.0031647065509748436 0.0 0.4834045240048367 0.0 0.04544322937213589 0.04544322937213589 0.045443229373260674 0.04544322937814747 1.5524735556433478 0.0 -5.6101815659768755e-06 0.003742698918340366 0.0 0.0
0.0 -0.0032165449403099788 0.0 0.4849567416732709 0.0 0.046662436780906195 0.046662436780906195 0.04666243678180929 0.04666243678093139 1.552473558891912 0.0 -5.610287529396853e-06 0.003742698596091175 0.0 0.0
0.0 -0.0032522362914251157 0.0 0.48695021803619193 0.0 0.04780683167088279 0.04780683167088279 0.047806831670913055 0.04780683167088279 1.552473558693956 0.0 -5.610286421513279e-06 0.003742698639761256 0.0 0.0
0.0 -0.0032709663928669128 0.0 0.4893761604264861 0.0 0.0488624043217375 0.0488624043217375 0.0488624043217375 0.04886240432176677 1.5524735585679428 0.0 -5.610353867655416e-06 0.0037426986600647767 0.0 0.0
0.0 -0.003272274268156174 0.0 0.49220878217936614 0.0 0.04981436109069268 0.04981436109069269 0.049814361086272164 0.04981436108627218 1.5524735586539398 0.0 -5.6104245900410186e-06 0.0037426986456716473 0.0 0.0
0.0 -0.0032560612463857536 0.0 0.495410278920799 0.0 0.05064888882824913 0.05064888882824916 0.050648888828249146 0.05064888882621019 1.5524735588833685 0.0 -5.610422593047397e-06 0.003742698597393811 0.0 0.0
0.0 -0.003222765038398284 0.0 0.4989228281690899 0.0 0.05135289211998038 0.05135289211998038 0.05135289212000781 0.05135289211998051 1.552473559022876 0.0 -5.610389210577066e-06 0.003742698538701067 0.0 0.0
0.0 -0.0031732236768328014 0.0 0.502679567823973 0.0 0.051915761858095995 0.05191576185809599 0.051915761857070995 0.051915761857100125 1.5524735588948966 0.0 -5.602146496529894e-06 0.0037426988862132894 0.0 0.0
0.0 -0.0031087381545321256 0.0 0.5066035913873959 0.0 0.05232987370450407 0.05232987370450408 0.05232987370406854 0.052329873704038014 1.5524735590256227 0.0 -5.610402350704249e-06 0.003742698535072824 0.0 0.0
0.0 -0.003031111113014313 0.0 0.5106069313730125 0.0 0.0525908358930711 0.052590835893071106 0.05259083589311545 0.052590835893098646 1.5524735588948966 0.0 -5.602146496527071e-06 0.003742698886213283 0.0 0.0
0.0 -0.0029424850084856595 0.0 0.5146005681851435 0.0 0.052698505839706776 0.0526985058397045 0.0526985058397045 0.05269850583897782 1.552473559087252 0.0 -5.610389734867326e-06 0.0037426984821140315 0.0 0.0
0.0 -0.0028453001752677815 0.0 0.5184944152064545 0.0 0.05265648960796119 0.05265648960796119 0.052656489607325406 0.05265648960850991 1.5524735591166983 0.0 -5.610391100166801e-06 0.0037426984725330717 0.0 0.0
0.0 -0.0027423058170873 0.0 0.5221993232749418 0.0 0.052472896290704105 0.05247289629070411 0.052472896290670305 0.05247289629329262 1.5524735594063368 0.0 -5.610300238044911e-06 0.0037426984217983398 0.0 0.0
0.0 -0.002636243695625716 0.0 0.5256370968954729 0.0 0.05215935080797414 0.052159350808484564 0.052159350808962564 0.052159350808999146 1.5524735590325724 0.0 -5.610378659852018e-06 0.003742698519323735 0.0 0.0
0.0 -0.0025299029440094003 0.0 0.5287374889085174 0.0 0.05173074523894607 0.051730745238928726 0.051730745238432276 0.05173074523844955 1.5524735590727898 0.0 -5.610376425120589e-06 0.0037426984862760945 0.0 0.0
0.0 -0.002426004333619772 0.0 0.5314422099790974 0.0 0.05120498834044485 0.05120498834044486 0.05120498833963524 0.05120498833961353 1.5524735588948968 0.0 -5.602146496490664e-06 0.003742698886213258 0.0 0.0
0.0 -0.0023259354264119885 0.0 0.5337370496110722 0.0 0.050596310386278945 0.050596310386278945 0.05059631038558855 0.05059631038556901 1.552473559194043 0.0 -5.610376157230495e-06 0.0037426984534098874 0.0 0.0
0.0 -0.002230706720981451 0.0 0.5356317496559387 0.0 0.04992172894092832 0.04992172894092866 0.0499217289411168 0.049921728944033385 1.552473559034279 0.0 -5.610230873757865e-06 0.00374269851056339 0.0 0.0
0.0 -0.0021417568374508446 0.0 0.5371290054022272 0.0 0.04920175679413895 0.04920175679413895 0.04920175679413895 0.0492017567900373 1.5524735610726004 0.0 -5.610121825849073e-06 0.003742698286095963 0.0 0.0
0.0 -0.002059971657686908 0.0 0.5382475466676152 0.0 0.048454664979384214 0.04845466497938423 0.04845466497481769 0.048454664974817825 1.5524735588948966 0.0 -5.602146496441441e-06 0.003742698886213275 0.0 0.0
0.0 -0.0019857548121334097 0.0 0.5390171603925773 0.0 0.04769576595040502 0.04769576595041861 0.047695765950417954 0.047695765950417954 1.5524735591050358 0.0 -5.610101438452265e-06 0.003742698477771671 0.0 0.0
0.0 -0.001919171887866291 0.0 0.5394716697083429 0.0 0.046937124942905584 0.046937124942926296 0.04693712494364714 0.04693712494292575 1.5524735658651907 0.0 -5.609967928542147e-06 0.003742698104241871 0.0 0.0
0.0 -0.001859969354807 0.0 0.5396489528096408 0.0 0.04618776979255865 0.04618776979255866 0.04618776979324619 0.0461877697932509 1.5524735616334866 0.0 -5.610010919953359e-06 0.0037426982660559065 0.0 0.0
0.0 -0.0018077449908508367 0.0 0.5395879122890938 0.0 0.04545503996992276 0.045455039969941144 0.04545503997053467 0.045455039969941144 1.552473559653182 0.0 -5.609724212722649e-06 0.0037426984056234346 0.0 0.0
0.0 -0.00176186786778334 0.0 0.5393284924184483 0.0 0.04474349863346982 0.04474349863345685 0.04474349863391613 0.04474349863526433 1.5524735590793701 0.0 -5.609650279846253e-06 0.0037426984953244907 0.0 0.0
0.0 -0.0017217544626683377 0.0 0.5389056508698712 0.0 0.04405671085552145 0.04405671085550103 0.044056710855502355 0.04405671085814892 1.552473564243789 0.0 -5.609818407949476e-06 0.003742698174053683 0.0 0.0
0.0 -0.0016866893745912214 0.0 0.5383543711655651 0.0 0.043396453646143696 0.04339645364614373 0.043396453646144785 0.043396453647942326 1.5524735600592805 0.0 -5.609657737690329e-06 0.0037426983762043056 0.0 0.0
0.0 -0.001656044867641264 0.0 0.5377046435274018 0.0 0.042764049761554436 0.04276404976155432 0.04276404976155432 0.042764049761554436 1.55247355907347 0.0 -5.609763365949289e-06 0.003742698495489331 0.0 0.0
0.0 -0.001629171626689494 0.0 0.5369834757026655 0.0 0.04215954551766833 0.04215954551766834 0.04215954551766834 0.0421595455176683 1.5524735628528548 0.0 -5.609544125082292e-06 0.0037426982425132075 0.0 0.0
0.0 -0.0016054791874716304 0.0 0.5362168675805281 0.0 0.04158345920251953 0.04158345920251957 0.04158345920408673 0.04158345920251692 1.5524735593345373 0.0 -5.609618113516568e-06 0.0037426984490296577 0.0 0.0
0.0 -0.0015844327326052655 0.0 0.5354248363184809 0.0 0.04103509326012449 0.04103509326012448 0.04103509325346333 0.041035093252373284 1.5524735590304621 0.0 -5.609684995053172e-06 0.0037426985221108693 0.0 0.0
0.0 -0.0015655800374011577 0.0 0.5346253886934553 0.0 0.04051422080415079 0.04051422080415079 0.04051422080101492 0.04051422080100882 1.5524735588948966 0.0 -5.602146496359019e-06 0.0037426988862132747 0.0 0.0
0.0 -0.0015485371724357187 0.0 0.5338345355779228 0.0 0.040020866959558456 0.04002086695955846 0.040020866959577246 0.040020866959687484 1.5524735590292362 0.0 -5.6094975702363625e-06 0.003742698526799319 0.0 0.0
0.0 -0.001532953612802798 0.0 0.5330652820681446 0.0 0.03955455330719984 0.039554553307199876 0.03955455330719717 0.039554553307183674 1.55247355947351 0.0 -5.609571379188639e-06 0.0037426984359285828 0.0 0.0
0.0 -0.0015185889061613076 0.0 0.5323276330358301 0.0 0.03911529333472958 0.039115293334729594 0.03911529333491435 0.03911529333489245 1.5524735590304983 0.0 -5.609657263435782e-06 0.0037426985241608363 0.0 0.0
0.0 -0.0015052508318577154 0.0 0.5316295908140957 0.0 0.03870310265053505 0.03870310265053506 0.038703102650085246 0.03870310265009914 1.5524735591468786 0.0 -5.609745129197622e-06 0.0037426984783804607 0.0 0.0
