0.0 0.0027412341147164112 0.0 0.6320022077336025 0.0 0.01385963787276744 0.013859637871631874 0.01385963781401 0.013859637887593246 1.5524735602417588 0.0 -5.602150091620086e-06 0.003742698886208142 0.0 0.0
0.0 0.00273897808731422 0.0 0.6319091791195439 0.0 0.013859736274103432 0.013859736274103418 0.01385973627407139 0.013859736274072767 1.5524735591892203 0.0 -5.60949080031202e-06 0.0037426984968426426 0.0 0.0
0.0 0.002735321361853801 0.0 0.6317571353591878 0.0 0.013859492680934178 0.01385949268093387 0.013859492680916565 0.013859492680916252 1.5524735591727297 0.0 -5.60989335491208e-06 0.003742698490155224 0.0 0.0
0.0 0.002730275017597715 0.0 0.6315480711452807 0.0 0.013859407433129236 0.013859407433129611 0.013859407433099229 0.013859407433095928 1.5524735591883672 0.0 -5.6093920777169795e-06 0.003742698499112185 0.0 0.0
0.0 0.002723863501268191 0.0 0.6312829851362726 0.0 0.013859482427581329 0.013859482427581326 0.01385948242755332 0.013859482427553142 1.5524735588948966 0.0 -5.602146496349074e-06 0.0037426988862132833 0.0 0.0
0.0 0.0027161944059070106 0.0 0.6309648915908023 0.0 0.013859222681738404 0.013859222681738411 0.013859222681707861 0.013859222681707861 1.5524735591903878 0.0 -5.609504748375956e-06 0.0037426984963721158 0.0 0.0
0.0 0.002707280434866639 0.0 0.6305957776840427 0.0 0.013859131195176667 0.013859131195176509 0.013859131195170469 0.013859131195159143 1.5524735591735839 0.0 -5.609846907222906e-06 0.003742698491121149 0.0 0.0
0.0 0.0026971636321135063 0.0 0.6301766491955806 0.0 0.013858959385923506 0.013858959385923506 0.0138589593859151 0.013858959385915103 1.5524735591729066 0.0 -5.609718210056416e-06 0.0037426984943134487 0.0 0.0
0.0 0.0026859166333456108 0.0 0.6297105050590334 0.0 0.013858711920920563 0.01385871192092056 0.013858711920908982 0.013858711920902019 1.5524735588948966 0.0 -5.602146496387748e-06 0.0037426988862132803 0.0 0.0
0.0 0.0026735860626484224 0.0 0.6291993521421586 0.0 0.013858392878485651 0.013858392878485651 0.013858392878468549 0.013858392878468557 1.5524735591749363 0.0 -5.609725056932401e-06 0.0037426984939181876 0.0 0.0
0.0 0.0026601974671288664 0.0 0.6286441844418428 0.0 0.013858002990886768 0.013858002990886915 0.013858002990872153 0.0138580029908723 1.552473559177634 0.0 -5.609859969364864e-06 0.0037426984903722255 0.0 0.0
0.0 0.0026458225377564352 0.0 0.6280480048376212 0.0 0.013857547355803978 0.013857547355803834 0.013857547355787446 0.01385754735578729 1.5524735591773502 0.0 -5.609675113026443e-06 0.0037426984949227 0.0 0.0
0.0 0.002630527780025603 0.0 0.6274128177939651 0.0 0.013856779149395098 0.013856779149395102 0.013856779149378115 0.013856779149378117 1.5524735591811787 0.0 -5.609790948247985e-06 0.0037426984916164767 0.0 0.0
0.0 0.002614318877583092 0.0 0.6267396196366083 0.0 0.013855949852982774 0.013855949852982776 0.01385594985295326 0.013855949852953261 1.5524735591957752 0.0 -5.609443298901527e-06 0.003742698496833933 0.0 0.0
0.0 0.0025972868282252686 0.0 0.6260314132215475 0.0 0.013854814388977017 0.013854814388976754 0.013854814388947107 0.013854814388946849 1.5524735588948966 0.0 -5.602146496284529e-06 0.0037426988862132786 0.0 0.0
0.0 0.0025794783478020355 0.0 0.6252902051535615 0.0 0.01385337645275079 0.013853376452750792 0.013853376452726182 0.01385337645272619 1.5524735591928531 0.0 -5.609752011201052e-06 0.0037426984913294056 0.0 0.0
0.0 0.0025609189390247344 0.0 0.6245169894934745 0.0 0.013851636851154828 0.013851636851154817 0.013851636851140707 0.01385163685113776 1.5524735591999854 0.0 -5.609820847563579e-06 0.003742698488915221 0.0 0.0
0.0 0.002541680298324963 0.0 0.623714769110897 0.0 0.013849600708524722 0.013849600708524586 0.013849600708506564 0.013849600708508629 1.5524735592048915 0.0 -5.609558441806286e-06 0.0037426984951449156 0.0 0.0
0.0 0.002521829412088524 0.0 0.6228855464677276 0.0 0.013847020829154377 0.013847020829154375 0.013847020829143112 0.013847020829136863 1.5524735588948966 0.0 -5.602146496338578e-06 0.00374269888621328 0.0 0.0
0.0 0.0025014073190312795 0.0 0.6220303316956369 0.0 0.013843649898236398 0.013843649898236405 0.013843649898227344 0.013843649898220031 1.5524735592301155 0.0 -5.609666358593487e-06 0.0037426984898301487 0.0 0.0
0.0 0.002474534702863983 0.0 0.6209030529535368 0.0 0.01383859181347157 0.013838591813471569 0.013838591813447933 0.013838591813453911 1.5524735588948966 0.0 -5.602146496339425e-06 0.003742698886213279 0.0 0.0
0.0 0.002436118121901527 0.0 0.619286682101861 0.0 0.01382975006941364 0.013829750069413642 0.013829750069398022 0.013829750069398022 1.5524735592928138 0.0 -5.609420155353875e-06 0.003742698490938547 0.0 0.0
0.0 0.0023872855443848565 0.0 0.6172242441936621 0.0 0.013815942133873523 0.013815942133873525 0.013815942133855634 0.013815942133857811 1.5524735593728147 0.0 -5.609403383671253e-06 0.0037426984853024593 0.0 0.0
0.0 0.0023291927301108614 0.0 0.6147607692461413 0.0 0.013796240509636161 0.013796240509636152 0.013796240509614657 0.01379624050962084 1.5524735595161687 0.0 -5.6092939731917165e-06 0.003742698478540809 0.0 0.0
0.0 0.002262935020416143 0.0 0.6119402775807213 0.0 0.013770215769838308 0.01377021576983831 0.013770215769823556 0.013770215769823653 1.5524735597706034 0.0 -5.609142949875346e-06 0.0037426984681742806 0.0 0.0
0.0 0.002189594967307164 0.0 0.6088077819059805 0.0 0.01373794023626286 0.013737940236262864 0.013737940236230376 0.01373794023624823 1.5524735602199617 0.0 -5.609124273312825e-06 0.003742698449640811 0.0 0.0
0.0 0.0021101998950088644 0.0 0.605408284258362 0.0 0.013700236401950828 0.013700236401950816 0.013700236401961031 0.013700236401961092 1.5524735609761056 0.0 -5.609080392132086e-06 0.0037426984254555705 0.0 0.0
0.0 0.0020256737360628244 0.0 0.6017847740193653 0.0 0.013658673739016466 0.013658673739016398 0.013658673739002413 0.013658673739002404 1.5524735621894779 0.0 -5.6091232709657075e-06 0.003742698393447248 0.0 0.0
0.0 0.0019369517620969516 0.0 0.5979822353154056 0.0 0.013615324925645482 0.013615324925645482 0.01361532492563271 0.013615324925632657 1.5524735639698037 0.0 -5.6090605253417575e-06 0.003742698358044125 0.0 0.0
0.0 0.0018448672644685233 0.0 0.5940436351228202 0.0 0.013572995078181004 0.013572995078181015 0.013572995078118346 0.013572995078118362 1.5524735588948966 0.0 -5.60214649614279e-06 0.0037426988862132807 0.0 0.0
0.0 0.0017502790615773103 0.0 0.5900139507005764 0.0 0.013534779589390929 0.013534779589390939 0.013534779589313085 0.013534779588708223 1.552473559005227 0.0 -5.609062047968319e-06 0.00374269857172494 0.0 0.0
0.0 0.001653987748573996 0.0 0.5859371340596023 0.0 0.013504265324281861 0.013504265324281875 0.01350426532427106 0.013504265324271063 1.5524735720082954 0.0 -5.609080618778397e-06 0.0037426982456332815 0.0 0.0
0.0 0.001556894894746524 0.0 0.5818581629808809 0.0 0.013483978234627558 0.013483978234627558 0.013483978234617531 0.013483978234617527 1.5524735741740934 0.0 -5.60908633147713e-06 0.003742698222072198 0.0 0.0
0.0 0.0014598333341228151 0.0 0.5778200084721741 0.0 0.01347672499576115 0.013476724995761143 0.013476724995632147 0.013476724995088327 1.5524735590141618 0.0 -5.609063890176698e-06 0.0037426985636150223 0.0 0.0
0.0 0.0013637794713994877 0.0 0.5738696550391363 0.0 0.013484674308351308 0.013484674308351303 0.013484674308342657 0.013484674308306854 1.5524735741418025 0.0 -5.6090896877555066e-06 0.0037426982223154603 0.0 0.0
0.0 0.0012697638508654438 0.0 0.5700511066123428 0.0 0.013508278505807901 0.0135082785058079 0.013508278505795581 0.013508278505342482 1.5524735590097634 0.0 -5.609068638519801e-06 0.003742698567843012 0.0 0.0
0.0 0.001178910523263725 0.0 0.5664113777018386 0.0 0.01354770162833338 0.013547701628333382 0.013547701628322436 0.013547701627795838 1.5524735590029237 0.0 -5.609085241974402e-06 0.003742698573392366 0.0 0.0
0.0 0.0010923910460358514 0.0 0.562994501018342 0.0 0.01360148449138374 0.013601484491383783 0.013601484491375902 0.013601484491394814 1.5524735588948966 0.0 -5.602146496228832e-06 0.0037426988862132825 0.0 0.0
0.0 0.001011532370053692 0.0 0.559846539684056 0.0 0.013666700341834332 0.01366670034183433 0.013666700341826212 0.013666700341826135 1.552473558894898 0.0 -5.602146496224216e-06 0.0037426988862132487 0.0 0.0
0.0 0.000937687461028724 0.0 0.5570115660624084 0.0 0.013739421527119258 0.013739421527119263 0.013739421527099869 0.013739421527115703 1.5524735602376145 0.0 -5.609139514259283e-06 0.0037426984488403863 0.0 0.0
0.0 0.0008681517977216554 0.0 0.5543755500329873 0.0 0.013818958734971435 0.013818958734971479 0.013818958734965078 0.013818958734965078 1.5524735593689083 0.0 -5.6091927840358935e-06 0.003742698490232657 0.0 0.0
0.0 0.0007993754613484855 0.0 0.5517924444218684 0.0 0.013905583106541308 0.01390558310654131 0.013905583106540921 0.013905583106541015 1.5524735590734478 0.0 -5.60927017526315e-06 0.003742698518775236 0.0 0.0
0.0 0.00073159375160928 0.0 0.549258315703282 0.0 0.01399478691577587 0.01399478691577588 0.013994786915773359 0.01399478691577338 1.5524735590273202 0.0 -5.609172483843431e-06 0.0037426985333267075 0.0 0.0
0.0 0.0006649795414982411 0.0 0.5467712077974164 0.0 0.014083566103498252 0.014083566103497747 0.01408356610348909 0.014083566103489065 1.552473559027876 0.0 -5.60926353550381e-06 0.0037426985323213854 0.0 0.0
0.0 0.000599657614268865 0.0 0.544327165001637 0.0 0.014168913715964933 0.014168913715964942 0.01416891371595468 0.014168913715954646 1.55247355902759 0.0 -5.609181577399133e-06 0.003742698536276601 0.0 0.0
0.0 0.0005357526995166701 0.0 0.5419222306690845 0.0 0.014247822885128691 0.014247822885128688 0.014247822885122488 0.014247822885161472 1.5524735590277159 0.0 -5.609292653335952e-06 0.0037426985384783527 0.0 0.0
0.0 0.0004733824405184918 0.0 0.5395544383782553 0.0 0.01431804006354784 0.01431804006354786 0.014318040063541315 0.014318040063585403 1.552473559025912 0.0 -5.609218587239109e-06 0.003742698545036407 0.0 0.0
0.0 0.0004126644479822312 0.0 0.5372218211206208 0.0 0.014377311704120429 0.01437731170412037 0.014377311704113804 0.014377311704162399 1.5524735590230838 0.0 -5.609163180537394e-06 0.0037426985514108497 0.0 0.0
0.0 0.0003537135080054477 0.0 0.5349224121391296 0.0 0.01442342206718729 0.014423422067187283 0.01442342206740239 0.01442342206740564 1.5524735783658457 0.0 -5.609323392399699e-06 0.003742698161846817 0.0 0.0
0.0 0.00029662225872688407 0.0 0.5326552332420549 0.0 0.014454786469785014 0.014454786469785007 0.014454786469979856 0.014454786469982373 1.552473574660094 0.0 -5.609259630410399e-06 0.0037426982014321874 0.0 0.0
0.0 0.0002415179864317005 0.0 0.5304203106944814 0.0 0.014469676378143295 0.014469676378143363 0.014469676378138853 0.014469676378138866 1.5524735590152456 0.0 -5.609191458640371e-06 0.0037426985614886304 0.0 0.0
0.0 0.0001884830743517454 0.0 0.5282166670452254 0.0 0.014466643847502052 0.01446664384750209 0.014466643847498555 0.014466643847498517 1.55247355901645 0.0 -5.609351202879556e-06 0.0037426985582918715 0.0 0.0
0.0 0.00013768161633643085 0.0 0.5260473222726505 0.0 0.014444445870693027 0.014444445870695372 0.014444445870815746 0.014444445870820954 1.552473575873545 0.0 -5.609339082392515e-06 0.003742698185867669 0.0 0.0
0.0 8.92130653431931e-05 0.0 0.5239122939291033 0.0 0.014401733455215943 0.014401733455215953 0.014401733455212973 0.01440173345521297 1.552473559022101 0.0 -5.609279769162528e-06 0.0037426985519771546 0.0 0.0
0.0 4.3187014134623923e-05 0.0 0.5218135992945878 0.0 0.014337672913480017 0.014337672913480022 0.014337672913568878 0.01433767291356955 1.5524735919924713 0.0 -5.6093248236035006e-06 0.00374269804997336 0.0 0.0
0.0 -2.0980369768863678e-07 0.0 0.5197552521234646 0.0 0.014251044203269185 0.0142510442032692 0.014251044203265765 0.014251044203265749 1.5524735590274152 0.0 -5.609244720029228e-06 0.0037426985395850906 0.0 0.0
0.0 -4.0864352771435186e-05 0.0 0.5177402665631583 0.0 0.014141295391047888 0.014141295391047914 0.014141295391042205 0.014141295391042166 1.5524735590278194 0.0 -5.609240266569613e-06 0.0037426985342863834 0.0 0.0
0.0 -7.862036481302368e-05 0.0 0.5157726543311031 0.0 0.014007618323864133 0.014007618323864131 0.014007618323860946 0.014007618323861 1.5524735590276553 0.0 -5.609245128400779e-06 0.0037426985325701646 0.0 0.0
0.0 -0.00011333879906823728 0.0 0.5138574185800076 0.0 0.013849770968119134 0.013849770968119138 0.013849770968116437 0.013849770968118262 1.5524735588948966 0.0 -5.602146496259277e-06 0.0037426988862132794 0.0 0.0
0.0 -0.0001448880668714311 0.0 0.5119985741358256 0.0 0.01366726562751748 0.013667265627517484 0.013667265627517803 0.013667265627517834 1.5524735620647856 0.0 -5.609291764361443e-06 0.0037426983926594284 0.0 0.0
0.0 -0.0001730563983207718 0.0 0.5102140753088068 0.0 0.013463149354708399 0.013463149354708395 0.01346314935470884 0.013463149354710957 1.5524735772143585 0.0 -5.609371862226877e-06 0.003742698183639201 0.0 0.0
0.0 -0.00019845236098938086 0.0 0.5085057888886391 0.0 0.013246337860651205 0.013246337860651235 0.013246337860650817 0.013246337860648286 1.5524735590284704 0.0 -5.609418942425408e-06 0.003742698535595848 0.0 0.0
0.0 -0.00022216664649646735 0.0 0.5068545830443076 0.0 0.013025402670550397 0.013025402670550405 0.013025402669961604 0.013025402670519501 1.5524735590277174 0.0 -5.609257978243904e-06 0.0037426985322284983 0.0 0.0
0.0 -0.00024509011635734 0.0 0.5052423583998542 0.0 0.012806531388539828 0.012806531388539776 0.012806531388540454 0.012806531388566885 1.552473559578356 0.0 -5.609340976068581e-06 0.003742698476436795 0.0 0.0
0.0 -0.00026803211338237686 0.0 0.5036530244419402 0.0 0.012595461259299372 0.012595461259299385 0.012595461259299851 0.012595461259299851 1.5524735668311342 0.0 -5.6094804994333665e-06 0.003742698307856702 0.0 0.0
0.0 -0.000291742660109305 0.0 0.5020705010201016 0.0 0.012397124864851823 0.01239712486485134 0.012397124864851354 0.012397124864937978 1.5524735590228664 0.0 -5.609303549592343e-06 0.003742698550637664 0.0 0.0
0.0 -0.000316882124431828 0.0 0.5004827102361633 0.0 0.012216548382507275 0.01221654838250666 0.012216548382506649 0.01221654838285252 1.552473559028623 0.0 -5.609407201422463e-06 0.003742698534068314 0.0 0.0
0.0 -0.00034401539403916315 0.0 0.49888057615087117 0.0 0.012058452817253639 0.012058452817270313 0.012058452817381046 0.012058452835835926 1.5524735588948966 0.0 -5.602146496322816e-06 0.003742698886213281 0.0 0.0
0.0 -0.00037368021910141967 0.0 0.49725702775341124 0.0 0.011927827833116553 0.011927827833115525 0.011927827833171778 0.01192782783302928 1.552473559063162 0.0 -5.609341346084733e-06 0.0037426985205609928 0.0 0.0
0.0 -0.00040623115251007305 0.0 0.4956109913607126 0.0 0.011829173131282823 0.011829173131281541 0.01182917313128154 0.011829173131637423 1.5524735594852064 0.0 -5.609448833270849e-06 0.003742698480863281 0.0 0.0
0.0 -0.0004420198972335261 0.0 0.4939453835893918 0.0 0.011768244477014115 0.011768244477011707 0.011768244477006942 0.011768244476420575 1.55247356032386 0.0 -5.609270701035271e-06 0.0037426984500584727 0.0 0.0
0.0 -0.000481203782074467 0.0 0.49226813549775317 0.0 0.011749803755141588 0.011749803755139272 0.011749803755139777 0.01174980375494765 1.5524735607326017 0.0 -5.6093416369725705e-06 0.0037426984355071985 0.0 0.0
0.0 -0.0005238638129525867 0.0 0.4905941615766361 0.0 0.011779874765422853 0.011779874765420636 0.011779874765423144 0.011779874765747456 1.5524735601173898 0.0 -5.609440217545529e-06 0.00374269845270899 0.0 0.0
0.0 -0.0005698207170414235 0.0 0.48894539690917627 0.0 0.011863245015726716 0.011863245015723889 0.01186324501572389 0.011863245015283045 1.552473559249996 0.0 -5.609266654251692e-06 0.0037426985010529934 0.0 0.0
0.0 -0.0006186971783834111 0.0 0.4873527754674357 0.0 0.012004966715077548 0.012004966715039546 0.01200496671494342 0.012004966715211727 1.5524735590282266 0.0 -5.609357628359117e-06 0.003742698530447921 0.0 0.0
0.0 -0.0006697274134454781 0.0 0.4858572622324133 0.0 0.012208105216523766 0.012208105216642121 0.012208105216671325 0.01220810522101386 1.5524735588948966 0.0 -5.60214649631958e-06 0.0037426988862132816 0.0 0.0
0.0 -0.0007218568755762945 0.0 0.48450884756741586 0.0 0.012474740598520963 0.012474740598517435 0.012474740598517458 0.012474740598819544 1.5524735590166885 0.0 -5.609406670463072e-06 0.0037426985574070463 0.0 0.0
0.0 -0.0007735307113582953 0.0 0.483367565298293 0.0 0.012803470003987334 0.012803470003987384 0.012803470003990314 0.012803470004213242 1.552473559619953 0.0 -5.609355636151963e-06 0.0037426984739580365 0.0 0.0
0.0 -0.0008226414470210956 0.0 0.48250352395873325 0.0 0.013188651328744526 0.01318865132874452 0.013188651328744378 0.013188651328925128 1.5524735590308614 0.0 -5.6097277331435284e-06 0.003742698524841562 0.0 0.0
0.0 -0.000866604114040843 0.0 0.4819899109093778 0.0 0.013619153380663114 0.013619153380663114 0.013619153380664944 0.013619153380674391 1.5524735588948966 0.0 -5.602146496326758e-06 0.0037426988862132816 0.0 0.0
0.0 -0.0009022523894237114 0.0 0.4818890915323201 0.0 0.014072321046394854 0.014072321046395286 0.01407232104641107 0.014072321046411021 1.5524735590314014 0.0 -5.609835353213177e-06 0.0037426985189352546 0.0 0.0
0.0 -0.0009275892342759521 0.0 0.48219947488897785 0.0 0.014520396854720508 0.014520396854720539 0.01452039685472394 0.014520396854723523 1.5524735590129675 0.0 -5.609919962069543e-06 0.003742698553115741 0.0 0.0
0.0 -0.0009420135205744115 0.0 0.4828843560927445 0.0 0.014943068550740233 0.014943068550740232 0.014943068550541196 0.014943068550539505 1.5524735590446257 0.0 -5.6101019010601765e-06 0.0037426985081999583 0.0 0.0
0.0 -0.0009455066812121956 0.0 0.48389496211775096 0.0 0.015324004932094116 0.01532400493209411 0.01532400493209178 0.015324004932089765 1.5524735588948966 0.0 -5.602146496431889e-06 0.003742698886213281 0.0 0.0
0.0 -0.000938649230367598 0.0 0.48517444450540703 0.0 0.01565236302722852 0.015652363027228514 0.015652363026913477 0.015652363026911045 1.5524735589804157 0.0 -5.610177243859803e-06 0.0037426985721940058 0.0 0.0
0.0 -0.0009222476343889518 0.0 0.4866678855857 0.0 0.015921053839876423 0.015921053839876423 0.01592105383809437 0.015921053838138792 1.55247355905623 0.0 -5.610283236448058e-06 0.003742698502363921 0.0 0.0
0.0 -0.0008974100180242805 0.0 0.48831932003856915 0.0 0.016126736680878464 0.01612673668087848 0.016126736688180703 0.016126736688052968 1.5524735590331606 0.0 -5.610208776545648e-06 0.0037426985140508818 0.0 0.0
0.0 -0.0008653279833354401 0.0 0.490080726676611 0.0 0.016269834890298592 0.0162698348902986 0.01626983489383764 0.01626983489379575 1.5524735590328504 0.0 -5.610363233490766e-06 0.0037426985202566403 0.0 0.0
0.0 -0.0008271776649562687 0.0 0.4919100595353619 0.0 0.016352531405527487 0.016352531405527504 0.016352531405677943 0.016352531405704127 1.5524735590303607 0.0 -5.610334067869622e-06 0.003742698527645192 0.0 0.0
0.0 -0.0007840900666795588 0.0 0.4937732451185354 0.0 0.01637902235116095 0.016379022351160948 0.016379022350371922 0.01637902235036802 1.552473559028924 0.0 -5.610309078004844e-06 0.003742698530581417 0.0 0.0
0.0 -0.0007370502241964152 0.0 0.4956461942811026 0.0 0.016354804116590148 0.01635480411659015 0.016354804116592275 0.016354804110962247 1.552473576544752 0.0 -5.609843583043826e-06 0.003742698124481422 0.0 0.0
0.0 -0.0006869676412565537 0.0 0.4975098048427873 0.0 0.016285995036450538 0.016285995036450524 0.01628599503635432 0.016285995036543727 1.5524735588948966 0.0 -5.6021464964642285e-06 0.003742698886213281 0.0 0.0
0.0 -0.000634503847679159 0.0 0.49935598845362456 0.0 0.016178935389665236 0.016178935389665267 0.016178935392643368 0.016178935392631495 1.552473559033242 0.0 -5.610223675129073e-06 0.0037426985158745692 0.0 0.0
0.0 -0.0005802967596847474 0.0 0.5011786350472042 0.0 0.01604033224781933 0.016040332247819356 0.016040332735379977 0.01604033273388654 1.5524735590333814 0.0 -5.6103830366888965e-06 0.003742698511200995 0.0 0.0
0.0 -0.0005247717931820074 0.0 0.5029806465795069 0.0 0.01587694233179827 0.01587694233179827 0.015876942328975827 0.01587694232894013 1.5524735591100556 0.0 -5.6103504236711685e-06 0.0037426984907499993 0.0 0.0
0.0 -0.0004682635903977738 0.0 0.5047679273687968 0.0 0.01569527806010085 0.015695278060100848 0.015695278055498443 0.015695278055497544 1.5524735605690145 0.0 -5.610313024803813e-06 0.0037426984013488227 0.0 0.0
0.0 -0.00041101498628982533 0.0 0.5065493839057781 0.0 0.01550159651050306 0.015501596510502959 0.01550159650487254 0.015501596504879771 1.5524735588949081 0.0 -5.6021464964917875e-06 0.003742698886213163 0.0 0.0
0.0 -0.00035327876612401097 0.0 0.5083359215200243 0.0 0.015302925239929889 0.01530292523992988 0.015302925239832748 0.015302925239832635 1.5524735590319034 0.0 -5.610227229041161e-06 0.003742698523870345 0.0 0.0
0.0 -0.0002951715236175321 0.0 0.5101424401404248 0.0 0.015105786255306276 0.015105786255306274 0.015105786255237508 0.015105786255187966 1.552473559033518 0.0 -5.610383324973985e-06 0.0037426985120503613 0.0 0.0
0.0 -0.00023696303855731118 0.0 0.5119798365310628 0.0 0.014917448355098468 0.01491744835509847 0.014917448354998216 0.01491744835505978 1.5524735590626397 0.0 -5.610357008885801e-06 0.0037426985005303962 0.0 0.0
0.0 -0.00017900066618605864 0.0 0.5138550078068244 0.0 0.014744925546211249 0.014744925546211242 0.014744925546211245 0.0147449255462388 1.5524735600064161 0.0 -5.610335824875567e-06 0.003742698427637583 0.0 0.0
0.0 -0.00012147457155650054 0.0 0.5157669200088064 0.0 0.014590471642711133 0.01459047164271113 0.014590471642692206 0.014590471642696511 1.552473564457418 0.0 -5.610328261382725e-06 0.003742698306366384 0.0 0.0
0.0 -6.452862051762397e-05 0.0 0.5177125570044863 0.0 0.014455055830656116 0.014455055830656108 0.014455055830653873 0.014455055830653945 1.5524735590230148 0.0 -5.610314984715579e-06 0.0037426985392352116 0.0 0.0
0.0 -8.342095826275833e-06 0.0 0.5196898923048098 0.0 0.014340455077491496 0.014340455077491475 0.014340455077490263 0.014340455077490294 1.5524735590309453 0.0 -5.610311217298347e-06 0.003742698526375301 0.0 0.0
0.0 4.700687790326094e-05 0.0 0.5216979119170443 0.0 0.014247407251321408 0.014247407251321424 0.01424740725132999 0.014247407251330021 1.5524735588948966 0.0 -5.60214649647709e-06 0.003742698886213281 0.0 0.0
0.0 0.00010132888373008929 0.0 0.5237326029904233 0.0 0.014177156182723506 0.014177156182723399 0.014177156182728124 0.01417715618273498 1.5524735590335128 0.0 -5.610321238855553e-06 0.0037426985147949467 0.0 0.0
0.0 0.000154460786699692 0.0 0.5257909388782737 0.0 0.014130947203583417 0.014130947203583379 0.014130947203594205 0.014130947203594138 1.5524735590335208 0.0 -5.610333198112041e-06 0.003742698512925414 0.0 0.0
0.0 0.00020621391140874796 0.0 0.5278689020338567 0.0 0.014110024104944116 0.014110024104944104 0.014110024105090423 0.014110024104961557 1.5524735590335097 0.0 -5.610348314863547e-06 0.003742698512242929 0.0 0.0
0.0 0.0002563758964148506 0.0 0.5299614722739615 0.0 0.014115629057868812 0.014115629057868602 0.014115629057986441 0.014115629057886164 1.552473559033543 0.0 -5.61036523078463e-06 0.003742698512310078 0.0 0.0
0.0 0.00030477685234940474 0.0 0.5320646334515413 0.0 0.01414875579899227 0.014148755798992262 0.01414875579901423 0.014148755799014057 1.5524735590336038 0.0 -5.6103828393659985e-06 0.0037426985133221344 0.0 0.0
0.0 0.00035111947357203635 0.0 0.5341713573132848 0.0 0.01421114336738832 0.01421114336738829 0.0142111433674207 0.014211143367392907 1.5524735590335035 0.0 -5.610399720442369e-06 0.0037426985162131105 0.0 0.0
0.0 0.00039520417101589927 0.0 0.5362756308818172 0.0 0.014303532253123842 0.014303532253123833 0.014303532253124774 0.014303532253124756 1.5524735590322154 0.0 -5.610414920584079e-06 0.003742698522717957 0.0 0.0
0.0 0.000436788885231828 0.0 0.5383704371497715 0.0 0.01442691137488639 0.014426911374886414 0.014426911374882893 0.014426911374882887 1.5524735590257206 0.0 -5.610427698815582e-06 0.0037426985354650504 0.0 0.0
0.0 0.0004755882256282206 0.0 0.540447755191348 0.0 0.014582529387540144 0.014582529387540136 0.014582529387725725 0.014582529387735093 1.55247356480433 0.0 -5.610441466376092e-06 0.003742698299349611 0.0 0.0
0.0 0.0005112905425212947 0.0 0.5424975667741855 0.0 0.014771336387926031 0.014771336387926033 0.0147713363878893 0.014771336387889297 1.5524735589268763 0.0 -5.61044418235791e-06 0.003742698595345389 0.0 0.0
0.0 0.0005436398684161782 0.0 0.5445108621745633 0.0 0.014993852405897505 0.014993852405897514 0.014993852405892072 0.014993852405884934 1.5524735590333232 0.0 -5.610440069725461e-06 0.0037426985111299956 0.0 0.0
0.0 0.000572317248079054 0.0 0.5464766269479611 0.0 0.015250798068381302 0.015250798068381305 0.015250798068707858 0.015250798068659303 1.5524735590330077 0.0 -5.610280593905609e-06 0.0037426985194174926 0.0 0.0
0.0 0.000597021201927109 0.0 0.5483838501496161 0.0 0.015542655964284923 0.015542655964284922 0.015542655964284922 0.015542655964291273 1.552473559009439 0.0 -5.6104294328362914e-06 0.00374269855207595 0.0 0.0
0.0 0.0006174445969337912 0.0 0.550220524838868 0.0 0.015869657179071166 0.015869657179071166 0.015869657176228825 0.015869657176235934 1.552473559119903 0.0 -5.610405591258545e-06 0.0037426984890076924 0.0 0.0
0.0 0.0006332506954329463 0.0 0.5519726468615513 0.0 0.0162317786375121 0.016231778637512132 0.01623177864350647 0.01623177864322929 1.5524735590333258 0.0 -5.6103716289899466e-06 0.0037426985177422896 0.0 0.0
0.0 0.000644097689001266 0.0 0.5536122732156333 0.0 0.016624475295875806 0.016624475295875657 0.016624475292942097 0.01662447529258647 1.5524735588948966 0.0 -5.602146496476076e-06 0.003742698886213282 0.0 0.0
0.0 0.000649956570027802 0.0 0.5551214881809933 0.0 0.01704221731158675 0.017042217311586085 0.017042217311586744 0.01704221738108222 1.5524735590330645 0.0 -5.6102028538692635e-06 0.003742698512461889 0.0 0.0
0.0 0.0006509757903914165 0.0 0.5565003148397353 0.0 0.01748300437168973 0.017483004371689734 0.01748300437168968 0.017483004369549367 1.5524735590183232 0.0 -5.610287279306567e-06 0.0037426985442946745 0.0 0.0
0.0 0.0006472526743299096 0.0 0.5577497705596068 0.0 0.017945837972461805 0.017945837972461805 0.017945837972499455 0.017945837972462058 1.552473559038828 0.0 -5.6101115506893625e-06 0.003742698509565007 0.0 0.0
0.0 0.0006388680366530158 0.0 0.5588678812949821 0.0 0.01842896454273835 0.018428964542738357 0.018428964542738357 0.018428964542738367 1.5524735590240457 0.0 -5.610143142485328e-06 0.003742698538729968 0.0 0.0
0.0 0.0006258350056625808 0.0 0.5598536518358864 0.0 0.018931882484999742 0.018931882484999742 0.01893188248501779 0.01893188248501194 1.5524735588948966 0.0 -5.602146496438306e-06 0.0037426988862132816 0.0 0.0
0.0 0.0006082020748616326 0.0 0.5607061036445146 0.0 0.019453590021612368 0.019453590021612368 0.0194535900219386 0.019453590021603552 1.5524735590209078 0.0 -5.61010141588007e-06 0.0037426985427392607 0.0 0.0
0.0 0.0005859293703195457 0.0 0.5614212400456489 0.0 0.019993330648066958 0.019993330648066954 0.01999333064800963 0.019993330646831998 1.5524735590323353 0.0 -5.610023189182652e-06 0.003742698514833667 0.0 0.0
0.0 0.0005589755524794965 0.0 0.56199507357722 0.0 0.020550347745309616 0.02055034774530962 0.02055034774563334 0.020550347748790925 1.55247355900376 0.0 -5.610172435374514e-06 0.003742698556865003 0.0 0.0
0.0 0.0005272571392247692 0.0 0.5624226099007291 0.0 0.021124133392463752 0.02112413339246374 0.021124133392720495 0.021124133392680045 1.5524735590325585 0.0 -5.610022197344083e-06 0.0037426985165146926 0.0 0.0
0.0 0.0004907034892054313 0.0 0.5626978626612821 0.0 0.021713677494389492 0.02171367749438949 0.02171367749469076 0.021713677494687264 1.552473558940137 0.0 -5.610097818621647e-06 0.0037426985898712808 0.0 0.0
0.0 0.00044920138799945595 0.0 0.5628138407624035 0.0 0.0223182192698366 0.022318219269836605 0.022318219269836178 0.022318219269565332 1.552473559029463 0.0 -5.609855901464252e-06 0.003742698531937011 0.0 0.0
0.0 0.0004025840213753424 0.0 0.5627605565550093 0.0 0.02293674147000887 0.02293674147000887 0.02293674147000679 0.022936741469722532 1.5524735587333114 0.0 -5.60984456746713e-06 0.0037426986512072405 0.0 0.0
0.0 0.0003507749049099395 0.0 0.5625310266652593 0.0 0.023567984464998956 0.023567984464998887 0.023567984464998894 0.023567984465000264 1.5524735589945404 0.0 -5.609773919884213e-06 0.003742698567424414 0.0 0.0
0.0 0.0002936271613703871 0.0 0.5621122810368481 0.0 0.02420967557892668 0.02420967557892669 0.024209675578926608 0.024209675578926605 1.5524735590302623 0.0 -5.609640748177911e-06 0.0037426985285791926 0.0 0.0
0.0 0.00023103476833292728 0.0 0.5614953396380677 0.0 0.024860300107917437 0.024860300107917437 0.024860300107705006 0.024860300107915463 1.5524735588100185 0.0 -5.609762333281076e-06 0.003742698633144569 0.0 0.0
0.0 0.00016291149360714194 0.0 0.5606682401570988 0.0 0.02551708965893379 0.02551708965893379 0.02551708965893379 0.025517089656189533 1.552473559005889 0.0 -5.609807887122143e-06 0.003742698558983828 0.0 0.0
0.0 8.919009548589621e-05 0.0 0.5596190219920156 0.0 0.026177023407473125 0.026177023407473136 0.026177023407294765 0.026177023407487128 1.5524735588948966 0.0 -5.6021464963095145e-06 0.003742698886213282 0.0 0.0
0.0 9.814586023192607e-06 0.0 0.5583347400824769 0.0 0.026836579921516817 0.02683657992151682 0.026836579921516817 0.026836579921516824 1.5524735588202618 0.0 -5.609377306908949e-06 0.0037426986355456717 0.0 0.0
0.0 -7.514127583683248e-05 0.0 0.5568054471834013 0.0 0.027491493675000752 0.027491493675000752 0.027491493674916854 0.027491493675000752 1.5524735588948966 0.0 -5.6021464963203235e-06 0.003742698886213282 0.0 0.0
0.0 -0.00016588481532833383 0.0 0.5550141855585019 0.0 0.02813898586921581 0.02813898586921578 0.028138985869192147 0.028138985870291698 1.5524735588948966 0.0 -5.602146496268989e-06 0.003742698886213281 0.0 0.0
0.0 -0.00026224019240982506 0.0 0.5529530278752246 0.0 0.028774043016498153 0.028774043016498153 0.028774043016501587 0.028774043016035037 1.5524735588690566 0.0 -5.609278253930998e-06 0.0037426986231339416 0.0 0.0
0.0 -0.0003637152461522234 0.0 0.5506210748116859 0.0 0.029389663300666172 0.029389663300666162 0.029389663300681938 0.029389663300665503 1.552473559019954 0.0 -5.609203592859226e-06 0.0037426985550292505 0.0 0.0
0.0 -0.0004697352135784955 0.0 0.5480224270474745 0.0 0.029979351324740864 0.029979351324740878 0.029979351311741693 0.029979351312091222 1.552473559026861 0.0 -5.609101805357757e-06 0.0037426985344678836 0.0 0.0
0.0 -0.0005795804349384351 0.0 0.5451671823508019 0.0 0.030536622371899122 0.030536622371899122 0.030536622371897255 0.03053662237188531 1.5524735588948966 0.0 -5.602146496226712e-06 0.0037426988862132825 0.0 0.0
0.0 -0.000692629915726268 0.0 0.5420644304338351 0.0 0.03105599010341795 0.0310559901034023 0.031055990103417933 0.03105599010337556 1.5524735588948966 0.0 -5.602146496164593e-06 0.003742698886213279 0.0 0.0
0.0 -0.0008081728950952675 0.0 0.5387292469961891 0.0 0.03153272778989608 0.03153272778990371 0.031532727789905055 0.03153272779013033 1.5524735589925474 0.0 -5.609066641590121e-06 0.0037426985782371795 0.0 0.0
0.0 -0.000925541960692424 0.0 0.5351786850421323 0.0 0.03196336231410183 0.03196336231410183 0.03196336231410184 0.031963362314127414 1.5524735590271745 0.0 -5.609032647788627e-06 0.0037426985346118123 0.0 0.0
0.0 -0.0010441131217326803 0.0 0.5314287992130574 0.0 0.03234466866975301 0.03234466866975301 0.0323446686697534 0.03234466866986759 1.5524735590224912 0.0 -5.6090420597646406e-06 0.0037426985528003654 0.0 0.0
0.0 -0.0011632947182273808 0.0 0.5274996185945551 0.0 0.03267517859826868 0.03267517859826868 0.032675178598267254 0.03267517859826734 1.5524735589275442 0.0 -5.609048155052394e-06 0.0037426986063474384 0.0 0.0
0.0 -0.0012826594172169717 0.0 0.5234081518075777 0.0 0.03295466985405424 0.03295466985405425 0.03295466985405424 0.032954669845705706 1.5524735590275887 0.0 -5.6090385356261265e-06 0.0037426985342694404 0.0 0.0
0.0 -0.001401810959192111 0.0 0.5191723965846492 0.0 0.03318367083055482 0.03318367083055372 0.03318367083101581 0.033183670816042524 1.5524735590269894 0.0 -5.60903626553202e-06 0.0037426985398893325 0.0 0.0
0.0 -0.001520493351656189 0.0 0.5148083313947661 0.0 0.033363957620304356 0.033363957620304356 0.03336395762030383 0.03336395761432353 1.552473559021068 0.0 -5.6090536255746365e-06 0.0037426985545920685 0.0 0.0
0.0 -0.0016385001838454991 0.0 0.510332920083702 0.0 0.03349830788463126 0.03349830788463126 0.03349830788417599 0.03349830787978576 1.5524735590006087 0.0 -5.6091200193406505e-06 0.0037426985719470436 0.0 0.0
0.0 -0.0017558431940608516 0.0 0.5057571075482897 0.0 0.03359049093521358 0.03359049093521358 0.03359049093326013 0.03359049093518414 1.5524735595452888 0.0 -5.609059819553953e-06 0.003742698449104605 0.0 0.0
0.0 -0.0018726201105206388 0.0 0.5010928224151139 0.0 0.03364577427806366 0.03364577427806366 0.033645774277095225 0.03364577427804057 1.5524735593372985 0.0 -5.609182869773774e-06 0.0037426984675692178 0.0 0.0
0.0 -0.001989025124123776 0.0 0.49634797961037846 0.0 0.033669422773114965 0.033669422773114965 0.033669422772906694 0.03366942277311497 1.5524735588948966 0.0 -5.602146496174114e-06 0.003742698886213279 0.0 0.0
0.0 -0.002105406311463286 0.0 0.49152949186671163 0.0 0.03366845001161707 0.0336684500116171 0.03366845001061475 0.033668450011597253 1.552473559274283 0.0 -5.609108123009725e-06 0.00374269847667291 0.0 0.0
0.0 -0.002222158029452207 0.0 0.48664224503639464 0.0 0.03364986357770509 0.033649863577705094 0.03364986357737852 0.03364986357768912 1.5524735593273766 0.0 -5.609380127320971e-06 0.003742698465727223 0.0 0.0
0.0 -0.0023398105898331627 0.0 0.4816901116669561 0.0 0.03362217163318723 0.03362217163318723 0.0336221716323423 0.03362217163318735 1.5524735594202344 0.0 -5.609378192784672e-06 0.003742698455538367 0.0 0.0
