0.0 -0.0017866122134859491 0.0 0.4818335411330286 0.0 0.026121089008891915 0.026121088988407468 0.02612108902950928 0.026121089072730155 1.5524735588997185 0.0 -5.602146508242438e-06 0.0037426988862132274 0.0 0.0
0.0 -0.001784375242192235 0.0 0.48192657008945766 0.0 0.02612123816062359 0.02612123816062362 0.026121238160619994 0.026121238160623644 1.552473559031436 0.0 -5.609822790788254e-06 0.003742698520445254 0.0 0.0
0.0 -0.0017807181919344045 0.0 0.4820786118656437 0.0 0.026121481883808764 0.026121481883808754 0.02612148188321804 0.026121481883758384 1.5524735588948966 0.0 -5.602146496383096e-06 0.0037426988862132816 0.0 0.0
0.0 -0.0017756905867194444 0.0 0.4822876743230326 0.0 0.026121817039926096 0.026121817039926103 0.02612181703992969 0.026121817039929735 1.55247355903197 0.0 -5.609920497043341e-06 0.003742698518507795 0.0 0.0
0.0 -0.0017693154222077285 0.0 0.4825527508770936 0.0 0.026122241979048957 0.026122241979048916 0.026122241979048933 0.02612224197904895 1.552473559032306 0.0 -5.609993547080999e-06 0.003742698517279492 0.0 0.0
0.0 -0.0017616652185213802 0.0 0.48287084262854757 0.0 0.026122751905886223 0.026122751905886213 0.026122751905886216 0.026122751905886196 1.5524735590313539 0.0 -5.6098081481628035e-06 0.0037426985208033445 0.0 0.0
0.0 -0.0017527877502528015 0.0 0.4832399470521171 0.0 0.026123343598007283 0.026123343598007283 0.026123343597494398 0.026123343597990574 1.5524735588948966 0.0 -5.602146496391741e-06 0.0037426988862132807 0.0 0.0
0.0 -0.001742708128437506 0.0 0.48365907020437154 0.0 0.026124015498428972 0.02612401549842899 0.026124015498432716 0.026124015498381746 1.5524735590324379 0.0 -5.610022580208505e-06 0.003742698516870894 0.0 0.0
0.0 -0.001731497457850498 0.0 0.4841252046577908 0.0 0.02612476274969025 0.026124762749690264 0.02612476274969014 0.026124762749682062 1.5524735590317542 0.0 -5.6098768234591695e-06 0.003742698519411777 0.0 0.0
0.0 -0.001719203859996401 0.0 0.48463635008425904 0.0 0.026125582144954636 0.026125582145041612 0.026125582144524668 0.026125582144954647 1.5524735588948966 0.0 -5.602146496413578e-06 0.003742698886213281 0.0 0.0
0.0 -0.001705852453782854 0.0 0.48519151241841335 0.0 0.02612647212739409 0.026126472127394076 0.026126472127388736 0.026126472127388712 1.5524735590318575 0.0 -5.609895083083275e-06 0.0037426985191039938 0.0 0.0
0.0 -0.0016915143480603042 0.0 0.4857876845907415 0.0 0.026127427839493733 0.026127427839493754 0.02612742783948978 0.026127427839489813 1.5524735590325887 0.0 -5.610057438812179e-06 0.003742698516445501 0.0 0.0
0.0 -0.0016762379904717007 0.0 0.4864228677336472 0.0 0.02612844609588979 0.026128446095889775 0.026128446095923522 0.026128446095886902 1.5524735591268197 0.0 -5.609516455824497e-06 0.0037426985153230156 0.0 0.0
0.0 -0.001660047136400138 0.0 0.48709606000978745 0.0 0.026129525258887797 0.026129525258888075 0.026129525258565763 0.026129525258888092 1.5524735588948966 0.0 -5.602146496437973e-06 0.003742698886213281 0.0 0.0
0.0 -0.0016430149766595722 0.0 0.48780426662400495 0.0 0.026130660583551284 0.026130660583551304 0.026130660583551287 0.026130660583551336 1.552473559032618 0.0 -5.610062860533777e-06 0.003742698516468102 0.0 0.0
0.0 -0.0016251885703561961 0.0 0.4885454805094597 0.0 0.02613184880943106 0.02613184880943104 0.02613184880939147 0.026131848809395675 1.5524735590323393 0.0 -5.609995066606038e-06 0.003742698517548676 0.0 0.0
0.0 -0.0016065923323869984 0.0 0.48931870363816593 0.0 0.026133088348769307 0.026133088348769304 0.026133088348530346 0.02613308834877346 1.552473559032061 0.0 -5.609933329352924e-06 0.003742698518628471 0.0 0.0
0.0 -0.0015872984376953604 0.0 0.490120935318596 0.0 0.026134374391002295 0.026134374391002264 0.026134374390788407 0.02613437439100231 1.552473559032924 0.0 -5.610143035960404e-06 0.0037426985155019432 0.0 0.0
0.0 -0.0015673549956523617 0.0 0.4909501746270795 0.0 0.026135703728625836 0.02613570372862583 0.026135703728625833 0.02613570372869609 1.5524735590327798 0.0 -5.610101650935643e-06 0.0037426985160878357 0.0 0.0
0.0 -0.001546786065859671 0.0 0.49180542144583195 0.0 0.026137074758489125 0.02613707475848906 0.026137074758493428 0.026137074758489098 1.5524735590326448 0.0 -5.610065449075042e-06 0.0037426985166422923 0.0 0.0
0.0 -0.0015203468135356823 0.0 0.4929047365195642 0.0 0.026138837037050874 0.02613883703705088 0.026138837036967663 0.026138837037037493 1.5524735588948966 0.0 -5.6021464963616545e-06 0.0037426988862132786 0.0 0.0
0.0 -0.0014832990418576018 0.0 0.4944451834342662 0.0 0.026141306510384526 0.02614130651038451 0.026141306510384512 0.02614130651038458 1.5524735590331744 0.0 -5.610219839097903e-06 0.0037426985148731576 0.0 0.0
0.0 -0.0014365077339676155 0.0 0.4963907449505578 0.0 0.026144425402908008 0.02614442540290798 0.026144425402908008 0.026144425402912824 1.5524735590334566 0.0 -5.6103909675990705e-06 0.003742698513941255 0.0 0.0
0.0 -0.001380815252852272 0.0 0.49870641321529585 0.0 0.026148137606586543 0.026148137606586543 0.026148137606586543 0.02614813760658658 1.5524735590334242 0.0 -5.610428087090321e-06 0.003742698514217219 0.0 0.0
0.0 -0.0013171117126498319 0.0 0.5013551777980138 0.0 0.026152383790361097 0.026152383790361076 0.026152383790451133 0.026152383790372793 1.552473559033465 0.0 -5.610387199939072e-06 0.0037426985142750974 0.0 0.0
0.0 -0.0012462391260394372 0.0 0.5043020278806571 0.0 0.02615710782986632 0.026157107829865293 0.026157107829399746 0.02615710782986529 1.552473559033168 0.0 -5.610459470177463e-06 0.0037426985155349316 0.0 0.0
0.0 -0.0011690635431015263 0.0 0.5075109538437808 0.0 0.0261622519977857 0.02616225199778568 0.02616225199778927 0.026162251997790594 1.5524735590330143 0.0 -5.61045531638088e-06 0.0037426985163323363 0.0 0.0
0.0 -0.0010864265925082223 0.0 0.5109469438911592 0.0 0.026167760154535303 0.02616776015453531 0.026167760154721477 0.02616776015460316 1.5524735588948966 0.0 -5.602146496519864e-06 0.0037426988862132816 0.0 0.0
0.0 -0.0009992191410903683 0.0 0.5145729904466857 0.0 0.0261735730004305 0.026173573000430515 0.026173573000637492 0.02617357300043051 1.5524735588948966 0.0 -5.6021464965374655e-06 0.0037426988862132816 0.0 0.0
0.0 -0.0009082591196365588 0.0 0.5183550836521648 0.0 0.026179636021519685 0.026179636021519664 0.02617963602167741 0.02617963602118803 1.5524735591284435 0.0 -5.609990723703413e-06 0.003742698514757517 0.0 0.0
0.0 -0.0008144596302243754 0.0 0.5222552077008767 0.0 0.026185888215980776 0.026185888215980824 0.02618588821620411 0.02618588821598064 1.5524735588948966 0.0 -5.602146496551287e-06 0.003742698886213281 0.0 0.0
0.0 -0.0007186400919160874 0.0 0.5262393580280521 0.0 0.02619227514555173 0.026192275145551728 0.026192275145547336 0.026192275145549344 1.5524735590320782 0.0 -5.610347424081646e-06 0.00374269852106438 0.0 0.0
0.0 -0.0006216650052139675 0.0 0.5302715213825286 0.0 0.026198739015137855 0.026198739015137845 0.0261987390153342 0.02619873901512604 1.5524735588948966 0.0 -5.602146496550819e-06 0.003742698886213282 0.0 0.0
0.0 -0.0005244260974749029 0.0 0.5343146884777629 0.0 0.02620522055339299 0.026205220553392975 0.02620522055339298 0.02620522055454106 1.5524735590318377 0.0 -5.610313606618317e-06 0.003742698522472067 0.0 0.0
0.0 -0.0004277401010487784 0.0 0.5383348486808132 0.0 0.026211665195971158 0.026211665195971193 0.02621166519597118 0.026211665194853732 1.5524735590317282 0.0 -5.610299531935993e-06 0.0037426985231212477 0.0 0.0
0.0 -0.0003324975350058418 0.0 0.5422949917021006 0.0 0.02621801362510732 0.02621801362510732 0.02621801362510732 0.026218013625107332 1.5524735590316956 0.0 -5.610301042703361e-06 0.0037426985234659386 0.0 0.0
0.0 -0.00023956445842171487 0.0 0.5461591072260946 0.0 0.026224208114158203 0.026224208114158206 0.02622420811509963 0.02622420811501387 1.552473559031794 0.0 -5.61032639550605e-06 0.003742698523323497 0.0 0.0
0.0 -0.0001497588168053243 0.0 0.5498931854520296 0.0 0.02623019414308219 0.02623019414308223 0.026230194143729225 0.026230194143689295 1.5524735590320493 0.0 -5.610373664236375e-06 0.0037426985226127734 0.0 0.0
0.0 -6.397034624301551e-05 0.0 0.5534602141412088 0.0 0.026235912365051715 0.026235912365051198 0.026235912365051225 0.026235912365051187 1.5524735588948966 0.0 -5.602146496534398e-06 0.003742698886213281 0.0 0.0
0.0 1.6933716902100572e-05 0.0 0.5568241859458992 0.0 0.026241305097697714 0.026241305097697735 0.026241305097126435 0.026241305097655827 1.5524735590319334 0.0 -5.610375046248488e-06 0.0037426985233176397 0.0 0.0
0.0 9.783820692354353e-05 0.0 0.5601881575684713 0.0 0.02624669782115405 0.026246697821154078 0.02624669782115407 0.02624669782113566 1.552473559127378 0.0 -5.609973041333522e-06 0.0037426985199861705 0.0 0.0
0.0 0.00018362625024734438 0.0 0.5637551864386934 0.0 0.02625241605147922 0.026252416051479214 0.02625241605148013 0.026252416051930405 1.5524735590317869 0.0 -5.6103762853552735e-06 0.0037426985240664023 0.0 0.0
0.0 0.00027343188961494744 0.0 0.567489264567981 0.0 0.026258402080459712 0.02625840208045792 0.02625840208045791 0.02625840208045792 1.5524735590319512 0.0 -5.610407561290742e-06 0.0037426985235757765 0.0 0.0
0.0 0.00036636534781559366 0.0 0.571353378495762 0.0 0.026264596554678696 0.026264596554678717 0.026264596554459663 0.026264596554636352 1.5524735588948966 0.0 -5.602146496546657e-06 0.0037426988862132807 0.0 0.0
0.0 0.00046160748881073874 0.0 0.5753135209834773 0.0 0.026270944997457194 0.026270944997455664 0.026270944997457205 0.026270944997415117 1.55247355903048 0.0 -5.610210320827291e-06 0.0037426985288332524 0.0 0.0
0.0 0.0005582934843326228 0.0 0.579333681153473 0.0 0.026277389639198172 0.026277389639198203 0.026277389639201218 0.026277389639161125 1.5524735590302343 0.0 -5.610190731903872e-06 0.003742698529678882 0.0 0.0
0.0 0.0006555327940796017 0.0 0.5833768478839271 0.0 0.026283871162400697 0.026283871162400708 0.0262838711624007 0.026283871162363408 1.5524735590299275 0.0 -5.6101610565683865e-06 0.0037426985306957435 0.0 0.0
0.0 0.0007525074745650249 0.0 0.5874090114614681 0.0 0.02629033504624583 0.02629033504624585 0.026290335046736973 0.026290335047011865 1.552473559029622 0.0 -5.6101338312988894e-06 0.003742698531666184 0.0 0.0
0.0 0.0008483278531138688 0.0 0.5913931624111874 0.0 0.026296721948945223 0.026296721948945233 0.02629672194894965 0.026296721948913113 1.5524735588948966 0.0 -5.602146496542941e-06 0.0037426988862132807 0.0 0.0
0.0 0.0009421265468152828 0.0 0.5952932872404789 0.0 0.02630297417747562 0.026302974177474285 0.0263029741774743 0.0263029741774449 1.5524735590292995 0.0 -5.610152907862501e-06 0.0037426985324768643 0.0 0.0
0.0 0.0010330869365168898 0.0 0.599075379418353 0.0 0.02630903717603152 0.02630903717603152 0.026309037176556 0.026309037176556 1.5524735590294014 0.0 -5.610221133908204e-06 0.00374269853190531 0.0 0.0
0.0 0.0011202944041030654 0.0 0.6027014268472988 0.0 0.02631485002251088 0.026314850022510838 0.026314850022122575 0.02631485002251185 1.5524735590297087 0.0 -5.610318032965559e-06 0.003742698530607407 0.0 0.0
0.0 0.001202931393499927 0.0 0.6061374179224869 0.0 0.0263203581830632 0.026320358183063206 0.02632035818264248 0.02632035818306321 1.5524735588948966 0.0 -5.60214649652634e-06 0.0037426988862132816 0.0 0.0
0.0 0.0012801065773984978 0.0 0.6093463453173269 0.0 0.026325502362979203 0.02632550236297921 0.026325502362979196 0.026325502362796602 1.552473559029638 0.0 -5.6103729419369714e-06 0.0037426985302941 0.0 0.0
0.0 0.0013509791699986792 0.0 0.6122931959041905 0.0 0.026330226402301496 0.026330226402301166 0.026330226402302013 0.02633022640230117 1.5524735590294474 0.0 -5.610376251424326e-06 0.003742698530656735 0.0 0.0
0.0 0.0014146827160980047 0.0 0.6149419608515552 0.0 0.026334472586017416 0.026334472586017402 0.02633447258601661 0.0263344725860166 1.5524735590295817 0.0 -5.6104068745999795e-06 0.0037426985299158833 0.0 0.0
0.0 0.0014703752050197036 0.0 0.6172576297025612 0.0 0.026338184789764185 0.026338184789764175 0.02633818478976418 0.026338184789764178 1.552473559029826 0.0 -5.6103961372396785e-06 0.0037426985288425297 0.0 0.0
0.0 0.0015171669053399939 0.0 0.6192031889868417 0.0 0.02634130367077713 0.026341303670777104 0.0263413036703188 0.0263413036707771 1.5524735588948966 0.0 -5.602146496500914e-06 0.0037426988862132825 0.0 0.0
0.0 0.0015542150364249504 0.0 0.6207436335924997 0.0 0.02634377312806543 0.026343773128065448 0.02634377312759968 0.026343773128062332 1.5524735588948966 0.0 -5.6021464964836704e-06 0.0037426988862132816 0.0 0.0
0.0 0.0015806535331520152 0.0 0.621842953156713 0.0 0.026345535433409135 0.026345535433409138 0.026345535433409156 0.02634553543340916 1.5524735590291763 0.0 -5.610157235933023e-06 0.0037426985305824634 0.0 0.0
0.0 0.0016012228598928134 0.0 0.6226981977220164 0.0 0.02634690645244134 0.026346906452441345 0.026346906451965788 0.026346906452440776 1.5524735588948966 0.0 -5.602146496435224e-06 0.003742698886213281 0.0 0.0
0.0 0.0016211659031433485 0.0 0.6235274392664749 0.0 0.026348235800654873 0.026348235800654873 0.02634823580065426 0.026348235800654863 1.5524735590287457 0.0 -5.610078679904045e-06 0.0037426985318316374 0.0 0.0
0.0 0.0016404597993456053 0.0 0.6243296707635435 0.0 0.026349521842517248 0.02634952184251726 0.026349521842516658 0.02634952184251668 1.5524735590284582 0.0 -5.610026170488569e-06 0.0037426985327136497 0.0 0.0
0.0 0.0016590560363615246 0.0 0.6251028940967145 0.0 0.02635076138178231 0.026350761381782325 0.026350761381781735 0.026350761381782335 1.5524735590290288 0.0 -5.6102187580474116e-06 0.0037426985305645186 0.0 0.0
0.0 0.0016768824409134817 0.0 0.6258441079787345 0.0 0.02635194960754537 0.026351949607545368 0.026351949607545364 0.02635194960754538 1.5524735590287964 0.0 -5.610159601695584e-06 0.0037426985312666366 0.0 0.0
0.0 0.0016939149762362072 0.0 0.6265523122908848 0.0 0.026353084899781814 0.026353084899781797 0.026353084899794915 0.026353084899781807 1.5524735588821161 0.0 -5.6099899262480635e-06 0.0037426987349998965 0.0 0.0
0.0 0.001710105471431163 0.0 0.6272255065412463 0.0 0.026354164100967595 0.0263541641009676 0.0263541641009676 0.02635416410096759 1.5524735590280552 0.0 -5.609999070334051e-06 0.0037426985336385635 0.0 0.0
0.0 0.001725381827361812 0.0 0.6278606898862742 0.0 0.026355182354090595 0.026355182354090585 0.02635518235409058 0.026355182354090578 1.5524735591220207 0.0 -5.609715922441603e-06 0.00374269853101063 0.0 0.0
0.0 0.001739719934635641 0.0 0.6284568618680995 0.0 0.026356138065864603 0.026356138065864593 0.026356138065864603 0.026356138065872482 1.5524735591212386 0.0 -5.609616945849476e-06 0.00374269853237379 0.0 0.0
0.0 0.0017530716786317755 0.0 0.6290120223422662 0.0 0.026357028029888305 0.026357028029888305 0.0263570280298883 0.026357028029888298 1.5524735590285854 0.0 -5.610200369057726e-06 0.003742698531432532 0.0 0.0
0.0 0.0017653649209516309 0.0 0.6295231697657448 0.0 0.02635784744051984 0.02635784744051984 0.026357847440519843 0.02635784744051983 1.552473559028152 0.0 -5.610080861282346e-06 0.003742698532873137 0.0 0.0
0.0 0.001776575590633455 0.0 0.6299893042187984 0.0 0.026358594691669103 0.02635859469166907 0.026358594691669082 0.026358594691669103 1.5524735590274592 0.0 -5.60993814862082e-06 0.0037426985352120314 0.0 0.0
0.0 0.001786655566545061 0.0 0.6304084252434061 0.0 0.026359266576497117 0.02635926657649712 0.026359266576497693 0.026359266576497103 1.552473559027942 0.0 -5.610050906359988e-06 0.003742698533445318 0.0 0.0
0.0 0.0017955330902657664 0.0 0.6307775295920819 0.0 0.02635985827486012 0.02635985827486017 0.026359858274344772 0.02635985827482457 1.5524735588948966 0.0 -5.602146496440201e-06 0.003742698886213282 0.0 0.0
0.0 0.0018031828823852024 0.0 0.6310956235238933 0.0 0.02636036821081165 0.02636036821081168 0.026360368210812238 0.026360368210812196 1.5524735590274905 0.0 -5.609966042453016e-06 0.003742698534886801 0.0 0.0
0.0 0.0018095580464609093 0.0 0.6313607000797908 0.0 0.026360793149843863 0.026360793149843877 0.026360793149843856 0.026360793149849907 1.5524735590277865 0.0 -5.610038546273821e-06 0.003742698533793924 0.0 0.0
0.0 0.0018145860066599892 0.0 0.6315697604676123 0.0 0.02636112829052644 0.026361128290526434 0.026361128290527 0.02636112829052645 1.5524735590279808 0.0 -5.610094088748805e-06 0.003742698533075144 0.0 0.0
0.0 0.0018182427103456869 0.0 0.6317218042585642 0.0 0.026361372028950274 0.026361372028950274 0.026361372028950274 0.02636137202895511 1.552473559026864 0.0 -5.6098668837072536e-06 0.003742698536947718 0.0 0.0
0.0 0.0018204800312211537 0.0 0.631814831108768 0.0 0.026361521158578864 0.026361521158578854 0.02636152115858279 0.026361521158579416 1.5524735590270047 0.0 -5.6098926597907646e-06 0.003742698536441065 0.0 0.0
0.0 0.001821225804822621 0.0 0.6318458400578445 0.0 0.026361570868372 0.026361570868372017 0.026361570868368413 0.026361570868368416 1.55247355902705 0.0 -5.6099011083975825e-06 0.003742698536275729 0.0 0.0
