0.0 -0.0009066626934537191 0.0 0.48221468075772383 0.0 0.014239874396420823 0.014239874397242237 0.014239874433115062 0.01423987443374307 1.5524735600317061 0.0 -5.602149530771474e-06 0.0037426988862086464 0.0 0.0
0.0 -0.000946758108317853 0.0 0.48243944521229487 0.0 0.014861090779486113 0.014861090779486105 0.014861090779488577 0.014861090779488599 1.5524735588653036 0.0 -5.60998935111974e-06 0.003742698619444869 0.0 0.0
0.0 -0.0009868902124366649 0.0 0.48266420008790695 0.0 0.015482810027050663 0.015482810027050662 0.015482810026744743 0.015482810026734328 1.5524735590187015 0.0 -5.610045916749944e-06 0.0037426985460933784 0.0 0.0
0.0 -0.0010270110027203428 0.0 0.4828909479275495 0.0 0.01610503229361302 0.016105032293613025 0.016105032288653072 0.016105032288659095 1.552473559031453 0.0 -5.609832530431265e-06 0.0037426985196130982 0.0 0.0
0.0 -0.0010671629666484097 0.0 0.48311868488325005 0.0 0.016728006094439574 0.016728006094439578 0.016728006091246 0.016728006091242573 1.5524735589453253 0.0 -5.609896137825668e-06 0.003742698591670009 0.0 0.0
0.0 -0.001107333379205273 0.0 0.48334641812527956 0.0 0.017351230243937584 0.017351230243937577 0.017351230243937588 0.01735123024068883 1.5524735590290335 0.0 -5.60995528578695e-06 0.003742698532335996 0.0 0.0
0.0 -0.0011474867962907008 0.0 0.4835771409987535 0.0 0.017975208597851074 0.01797520859785108 0.017975208597852625 0.017975208594182158 1.5524735587294414 0.0 -5.610022327303874e-06 0.0037426986532798708 0.0 0.0
0.0 -0.0011876343133249518 0.0 0.4838088582093744 0.0 0.018599439713484583 0.018599439713484576 0.018599439713126793 0.018599439713126786 1.5524735588948966 0.0 -5.602146496372061e-06 0.0037426988862132825 0.0 0.0
0.0 -0.0012277896115275519 0.0 0.48404256891201114 0.0 0.019224423617185002 0.019224423617185037 0.019224423617006558 0.01922442361717847 1.5524735591254466 0.0 -5.6094272435734666e-06 0.0037426985221293897 0.0 0.0
0.0 -0.0012679148546054747 0.0 0.48427827458593714 0.0 0.0198496604032532 0.019849660403253196 0.019849660402820112 0.01984966040324847 1.552473558852401 0.0 -5.609935677660589e-06 0.003742698621827068 0.0 0.0
0.0 -0.0013080232154592496 0.0 0.4845169697965164 0.0 0.020475652763641165 0.020475652763641165 0.020475652763242366 0.020475652766627817 1.5524735590176137 0.0 -5.609997535239544e-06 0.0037426985472592687 0.0 0.0
0.0 -0.001348101491257276 0.0 0.4847576596320674 0.0 0.02110189806778481 0.021101898067784827 0.02110189806783034 0.021101898067830336 1.5524735588948966 0.0 -5.602146496368057e-06 0.0037426988862132816 0.0 0.0
0.0 -0.0013881447816070053 0.0 0.48500134500023717 0.0 0.02172864824920243 0.02172864824920243 0.021728648249198235 0.021728648249198155 1.5524735588948966 0.0 -5.602146496381511e-06 0.0037426988862132825 0.0 0.0
0.0 -0.001428153086702692 0.0 0.4852480258537605 0.0 0.022355903327344676 0.022355903327344676 0.022355903327344682 0.02235590332735201 1.5524735590281564 0.0 -5.6099191732521535e-06 0.003742698534227063 0.0 0.0
0.0 -0.0014681256349376682 0.0 0.4854976980014644 0.0 0.022983662608004638 0.02298366260800464 0.02298366260800464 0.022983662608016434 1.552473558673619 0.0 -5.609992364742335e-06 0.0037426986625211166 0.0 0.0
0.0 -0.0015080388940119022 0.0 0.48575136382154643 0.0 0.023611929641611535 0.023611929641611535 0.023611929641600478 0.023611929641601474 1.5524735589833805 0.0 -5.610055607960994e-06 0.00374269857016483 0.0 0.0
0.0 -0.0015478983521826127 0.0 0.48600802661384895 0.0 0.024240451020618902 0.0242404510206189 0.024240451020861857 0.02424045102062935 1.5524735590312542 0.0 -5.609851006893135e-06 0.0037426985257152574 0.0 0.0
0.0 -0.0015877167822513282 0.0 0.48626867942202484 0.0 0.024869728414199852 0.024869728414199897 0.024869728414738758 0.02486972841421436 1.5524735588051988 0.0 -5.6099248845578495e-06 0.0037426986323078775 0.0 0.0
0.0 -0.0016274150000414474 0.0 0.48653433371534294 0.0 0.02549901464141574 0.025499014641415744 0.025499014641394625 0.025499014637936652 1.552473559011313 0.0 -5.609994049202876e-06 0.0037426985524099798 0.0 0.0
0.0 -0.0016670718469695195 0.0 0.48680397570793543 0.0 0.026129057024130545 0.026129057024130143 0.026129057023806437 0.026129057024130535 1.5524735588948966 0.0 -5.602146496368906e-06 0.003742698886213282 0.0 0.0
0.0 -0.001707366754686384 0.0 0.4870844394085684 0.0 0.02677136887496961 0.026771368874969607 0.02677136887551357 0.026771368874969625 1.5524735588948966 0.0 -5.602146496384249e-06 0.003742698886213283 0.0 0.0
0.0 -0.0017488735683870934 0.0 0.48738158036604434 0.0 0.027435711302388744 0.027435711302388758 0.02743571130238875 0.027435711302388723 1.5524735590202423 0.0 -5.609948789375225e-06 0.0037426985444835347 0.0 0.0
0.0 -0.0017912247756252644 0.0 0.4876984551935664 0.0 0.028118088538828183 0.028118088538831815 0.028118088538148626 0.028118088538205008 1.5524735590324659 0.0 -5.610031560147476e-06 0.003742698516602338 0.0 0.0
0.0 -0.0018340835668202342 0.0 0.4880361298202819 0.0 0.028814251143505228 0.02881425114350523 0.028814251144113283 0.028814251147226588 1.5524735588390295 0.0 -5.609855483371825e-06 0.003742698622560059 0.0 0.0
0.0 -0.0018770719577447784 0.0 0.48839965842893723 0.0 0.029520707659727016 0.029520707659713652 0.02952070766025824 0.029520707660255954 1.5524735590035719 0.0 -5.609951208903995e-06 0.0037426985581245588 0.0 0.0
0.0 -0.001919876799586329 0.0 0.4887891046361123 0.0 0.030233206511642196 0.030233206511642213 0.030233206511819478 0.030233206511642165 1.5524735590322272 0.0 -5.610052373947473e-06 0.0037426985222482165 0.0 0.0
0.0 -0.0019621312287131623 0.0 0.48920752905523385 0.0 0.03094775138723726 0.03094775138723726 0.030947751387256056 0.03094775138723727 1.5524735586463378 0.0 -5.609899154560818e-06 0.0037426986633236877 0.0 0.0
0.0 -0.0020035348121781177 0.0 0.4896559863809997 0.0 0.031660595550926166 0.031660595550926235 0.03166059555093389 0.031660595550939995 1.5524735588948966 0.0 -5.6021464964134506e-06 0.003742698886213282 0.0 0.0
0.0 -0.0020437272430306143 0.0 0.4901365470834018 0.0 0.03236748941490771 0.032367489414907705 0.032367489414917135 0.03236748941490722 1.5524735590257392 0.0 -5.609873254128873e-06 0.003742698538255758 0.0 0.0
0.0 -0.0020824609019210326 0.0 0.49064726432211775 0.0 0.03306442861361238 0.03306442861361238 0.03306442861363171 0.03306442861361236 1.552473558370241 0.0 -5.610017829667412e-06 0.00374269870580803 0.0 0.0
0.0 -0.002119436133912187 0.0 0.4911891964854995 0.0 0.03374766767926691 0.03374766767926691 0.03374766767926691 0.03374766767596304 1.552473558876167 0.0 -5.609888446089599e-06 0.0037426986096658573 0.0 0.0
0.0 -0.00215441182957619 0.0 0.4917594067313443 0.0 0.03441294822278416 0.034412948222784165 0.034412948225701435 0.03441294822278417 1.5524735590211813 0.0 -5.610039921392996e-06 0.0037426985419815257 0.0 0.0
0.0 -0.002187226430621189 0.0 0.49235394602208077 0.0 0.03505676375354037 0.03505676375354037 0.03505676376253739 0.03505676375320926 1.552473559031858 0.0 -5.609928714862941e-06 0.0037426985171895495 0.0 0.0
0.0 -0.0022176871698763308 0.0 0.49296787697839556 0.0 0.035674855656855915 0.035674855656855915 0.03567485565616438 0.03567485565687407 1.5524735589260135 0.0 -5.610093280173823e-06 0.003742698590956442 0.0 0.0
0.0 -0.0022456806391038917 0.0 0.4935952499835249 0.0 0.03626371438178916 0.03626371438178915 0.036263714381557545 0.03626371438468838 1.5524735590312897 0.0 -5.609993682130889e-06 0.003742698526177674 0.0 0.0
0.0 -0.0022711413683698238 0.0 0.4942281153310403 0.0 0.03681982547364551 0.03681982547364551 0.036819825472903654 0.036819825476248624 1.5524735586269542 0.0 -5.609795955303912e-06 0.0037426988326116476 0.0 0.0
0.0 -0.002294009843114414 0.0 0.494857526910477 0.0 0.03733942566877816 0.03733942566877816 0.03733942566877817 0.03733942566878772 1.5524735590279222 0.0 -5.610061175799041e-06 0.003742698533050222 0.0 0.0
0.0 -0.002314305435186722 0.0 0.49547352634728287 0.0 0.037819496462255096 0.037819496462255096 0.037819496461494365 0.037819496462273325 1.5524735587723375 0.0 -5.609963527947973e-06 0.0037426986327374506 0.0 0.0
0.0 -0.0023320167367634217 0.0 0.4960651670785992 0.0 0.03825627161382983 0.038256271613829815 0.038256271613605564 0.038256271613802365 1.5524735590318626 0.0 -5.6101112304902e-06 0.003742698524138037 0.0 0.0
0.0 -0.002347253440011409 0.0 0.49661948403135603 0.0 0.03864697838607034 0.03864697838607035 0.038646978385374856 0.038646978386053396 1.5524735588948966 0.0 -5.6021464964096414e-06 0.003742698886213283 0.0 0.0
0.0 -0.0023604048568180128 0.0 0.49713939109356026 0.0 0.03899787306725917 0.03899787306725916 0.0389978730672532 0.038997873067181846 1.552473559031482 0.0 -5.609865110980757e-06 0.0037426985184033697 0.0 0.0
0.0 -0.002371984372309602 0.0 0.49763473113793893 0.0 0.03931922319036781 0.03931922319036782 0.03931922319036782 0.039319223190375646 1.5524735590287562 0.0 -5.610001444992206e-06 0.0037426985320106686 0.0 0.0
0.0 -0.00238224449104494 0.0 0.49810645008893584 0.0 0.03961478080348629 0.03961478080348629 0.039614780803486474 0.0396147808035059 1.5524735589505207 0.0 -5.609859439578891e-06 0.003742698583435747 0.0 0.0
0.0 -0.002391376548312417 0.0 0.4985565001203717 0.0 0.039887800046928656 0.039887800046928656 0.03988780004692957 0.03988780004692838 1.5524735590383765 0.0 -5.60997847472512e-06 0.0037426985093776764 0.0 0.0
0.0 -0.0023995236504703813 0.0 0.4989888333875902 0.0 0.04014153735250448 0.04014153735250446 0.04014153735250447 0.04014153735254079 1.552473559031559 0.0 -5.609825208508033e-06 0.0037426985215127224 0.0 0.0
0.0 -0.0024068827502992636 0.0 0.4994044054368222 0.0 0.04037899494237963 0.04037899494237964 0.04037899494237976 0.040378994942367956 1.5524735590230003 0.0 -5.609938949550333e-06 0.0037426985405517505 0.0 0.0
0.0 -0.0024135730024833386 0.0 0.4998081689392994 0.0 0.04060343189178116 0.04060343189178116 0.040603431888352234 0.040603431888359263 1.5524735593109216 0.0 -5.610041641347226e-06 0.003742698443430297 0.0 0.0
0.0 -0.0024197186593395907 0.0 0.500204077740716 0.0 0.04081785340596175 0.04081785340596175 0.0408178534027555 0.0408178534027633 1.5524735588948966 0.0 -5.602146496386158e-06 0.0037426988862132807 0.0 0.0
0.0 -0.002425440034960999 0.0 0.5005970912484666 0.0 0.04102551964780304 0.04102551964780304 0.04102551966406962 0.04102551965576515 1.5524735590321046 0.0 -5.609988994814165e-06 0.003742698516424365 0.0 0.0
0.0 -0.002430842354017124 0.0 0.5009911627632778 0.0 0.04122918689054855 0.041229186890548546 0.04122918688686696 0.041229186886941785 1.5524735590310759 0.0 -5.609825491653962e-06 0.0037426985268667417 0.0 0.0
0.0 -0.00243595450081062 0.0 0.5013942519705316 0.0 0.04143186837589591 0.04143186837589591 0.04143186837236891 0.041431868372951194 1.5524735590144194 0.0 -5.609935843618372e-06 0.0037426985486301487 0.0 0.0
0.0 -0.0024409012637806355 0.0 0.5018103149967869 0.0 0.041636571432137746 0.041636571432137746 0.041636571435465994 0.04163657143211873 1.5524735592244343 0.0 -5.6100417376257885e-06 0.003742698455964642 0.0 0.0
0.0 -0.002445674226657881 0.0 0.5022473164434654 0.0 0.041845808106029 0.041845808106029 0.04184580810841229 0.04184580810602428 1.5524735590447805 0.0 -5.609892201692375e-06 0.0037426985060478144 0.0 0.0
0.0 -0.0024503444842341954 0.0 0.5027122099909193 0.0 0.04206284117005287 0.04206284117005286 0.04206284116150841 0.04206284117032983 1.5524735590322585 0.0 -5.610018688953687e-06 0.0037426985159296163 0.0 0.0
0.0 -0.0024549333984972173 0.0 0.5032109632746802 0.0 0.04228993027904934 0.04228993027904941 0.04228993028257437 0.042289930279044284 1.5524735590295033 0.0 -5.609883511965526e-06 0.0037426985313249884 0.0 0.0
0.0 -0.0024594026151104 0.0 0.5037535361237222 0.0 0.0425298418592574 0.0425298418592574 0.04252984186444143 0.042529841859240525 1.5524735588948966 0.0 -5.602146496415994e-06 0.003742698886213282 0.0 0.0
0.0 -0.002463726469984772 0.0 0.5043479033611433 0.0 0.042784839177193806 0.042784839177193806 0.04278483917719378 0.04278483917719378 1.5524735590643846 0.0 -5.609919350967838e-06 0.003742698495977146 0.0 0.0
0.0 -0.002467841472977401 0.0 0.5050050184540545 0.0 0.043057690046952014 0.04305769004695204 0.04305769003572803 0.04305769004660652 1.5524735588948966 0.0 -5.60214649642864e-06 0.0037426988862132816 0.0 0.0
0.0 -0.0024716430257528572 0.0 0.5057338700963079 0.0 0.043349909351615985 0.04334990935161599 0.04334990935208784 0.04334990935161599 1.552473559025715 0.0 -5.610025000733331e-06 0.0037426985362293695 0.0 0.0
0.0 -0.0024749830383658054 0.0 0.5065474217526842 0.0 0.04366376796846599 0.043663767968465994 0.043663767968462164 0.04366376796846218 1.5524735589029148 0.0 -5.6099782681315205e-06 0.0037426985966283193 0.0 0.0
0.0 -0.002477681067388924 0.0 0.5074646249521089 0.0 0.04400304763546318 0.04400304763546317 0.044003047632359744 0.04400304762880633 1.5524735590319099 0.0 -5.609952030064937e-06 0.003742698516995958 0.0 0.0
0.0 -0.0024794961190945345 0.0 0.5084954804235016 0.0 0.04436776365564703 0.04436776365564703 0.04436776365567266 0.04436776365815814 1.5524735588948966 0.0 -5.602146496384727e-06 0.0037426988862132786 0.0 0.0
0.0 -0.002480069240063437 0.0 0.5096450426129747 0.0 0.04475467383449166 0.04475467383449166 0.04475467383446586 0.04475467383948321 1.5524735588948966 0.0 -5.60214649646023e-06 0.003742698886213284 0.0 0.0
0.0 -0.0024791185449969336 0.0 0.5109143642334933 0.0 0.04516027925407265 0.04516027925407271 0.04516027925379414 0.045160279254798555 1.5524735591276724 0.0 -5.609622477561907e-06 0.0037426985165322224 0.0 0.0
0.0 -0.002476319024000412 0.0 0.5123054980459244 0.0 0.04558083235817441 0.04558083235817441 0.045580832358911486 0.04558083236204956 1.5524735589553416 0.0 -5.610164636105024e-06 0.003742698576416778 0.0 0.0
0.0 -0.002471389155339159 0.0 0.5138194985843022 0.0 0.046012834687485876 0.04601283468748586 0.04601283468748587 0.04601283468737874 1.552473559032939 0.0 -5.610266308463436e-06 0.0037426985133602883 0.0 0.0
0.0 -0.002464010207088489 0.0 0.5154574261820424 0.0 0.046452286762671144 0.04645228676267115 0.04645228676331418 0.046452286762706546 1.5524735590069214 0.0 -5.610196600695707e-06 0.0037426985508947704 0.0 0.0
0.0 -0.0024539240479867362 0.0 0.5172193310760721 0.0 0.04689568831726145 0.04689568831726145 0.04689568831726616 0.04689568831726218 1.5524735588948966 0.0 -5.602146496484267e-06 0.0037426988862132807 0.0 0.0
0.0 -0.0024408851885946528 0.0 0.5191032795682755 0.0 0.04733903544322767 0.04733903544322767 0.04733903544326813 0.04733903544325146 1.5524735590265772 0.0 -5.610314789912448e-06 0.003742698533167837 0.0 0.0
0.0 -0.0024246828388404616 0.0 0.5211073165935342 0.0 0.047778823875586816 0.047778823875586816 0.04777882387560831 0.04777882387558679 1.552473558738966 0.0 -5.6103187145290206e-06 0.003742698631140236 0.0 0.0
0.0 -0.0024050766067992254 0.0 0.523228507315731 0.0 0.048210799819812335 0.048210799819812335 0.04821079981981233 0.04821079981982405 1.5524735590329466 0.0 -5.610331459011478e-06 0.003742698519973865 0.0 0.0
0.0 -0.0023819412430494073 0.0 0.5254628932640228 0.0 0.04863195473113213 0.04863195473113214 0.04863195473113213 0.04863195473115224 1.5524735588948966 0.0 -5.6021464964941245e-06 0.003742698886213283 0.0 0.0
0.0 -0.0023551516165512105 0.0 0.5278035390774549 0.0 0.04903827717032289 0.049038277170319444 0.04903827760326844 0.049038277603270106 1.5524735590328522 0.0 -5.610387513902432e-06 0.003742698513539275 0.0 0.0
0.0 -0.0023246484337201977 0.0 0.5302444779207164 0.0 0.0494270076666901 0.0494270076666901 0.04942700766475166 0.0494270076647321 1.5524735590108487 0.0 -5.610333755658617e-06 0.0037426985472685716 0.0 0.0
0.0 -0.0022903907807118825 0.0 0.5327767612072201 0.0 0.04979463077098798 0.04979463077098798 0.049794630770987454 0.049794630772723426 1.552473559052094 0.0 -5.610381990246287e-06 0.0037426984965408753 0.0 0.0
0.0 -0.0022523685132455253 0.0 0.535392428555851 0.0 0.05013838323982449 0.05013838323982448 0.050138383239824516 0.050138383255392875 1.5524735590332503 0.0 -5.6103491888520775e-06 0.0037426985157214426 0.0 0.0
0.0 -0.0022107102442868623 0.0 0.5380785128510479 0.0 0.05045574394376343 0.05045574394376344 0.05045574394376343 0.05045574394410084 1.5524735590013945 0.0 -5.610393408168058e-06 0.0037426985538722792 0.0 0.0
0.0 -0.002165490822224532 0.0 0.5408250459644162 0.0 0.05074444669557139 0.05074444669557139 0.050744446695101864 0.05074444669510186 1.5524735590682452 0.0 -5.6103802900478065e-06 0.003742698488677007 0.0 0.0
0.0 -0.0021168940505814668 0.0 0.5436190497841029 0.0 0.05100272002474367 0.05100272002474525 0.05100272002740401 0.0510027200266055 1.5524735590328245 0.0 -5.61036807394671e-06 0.0037426985136148495 0.0 0.0
0.0 -0.0020651459139595725 0.0 0.5464465405536896 0.0 0.05122904149541386 0.05122904149541386 0.051229041495413845 0.051229041495414025 1.5524735588948966 0.0 -5.602146496493093e-06 0.0037426988862132807 0.0 0.0
0.0 -0.0020072367910683336 0.0 0.5494624227572074 0.0 0.05143341105983353 0.05143341105983353 0.05143341105983354 0.05143341105983356 1.5524735590064835 0.0 -5.610369691705412e-06 0.003742698551567494 0.0 0.0
0.0 -0.001940072372582715 0.0 0.5528036891034854 0.0 0.0516187991436827 0.051618799143703174 0.05161879914368259 0.05161879914370318 1.552473559156629 0.0 -5.610318431645481e-06 0.003742698464819462 0.0 0.0
0.0 -0.0018640484880381486 0.0 0.5564264648804941 0.0 0.05177613304881594 0.051776133048836374 0.05177613304881492 0.05177613304883751 1.552473559054593 0.0 -5.610360221590006e-06 0.0037426984966427304 0.0 0.0
0.0 -0.0017798299301285468 0.0 0.5602848234451483 0.0 0.05189933873839263 0.05189933873839263 0.05189933873839153 0.051899338738438494 1.5524735590336103 0.0 -5.610192476927797e-06 0.003742698515424957 0.0 0.0
0.0 -0.0016883007813140274 0.0 0.5643298143277853 0.0 0.051984336916013334 0.05198433691601336 0.051984336898168906 0.05198433691702976 1.5524735590309313 0.0 -5.610166855708458e-06 0.003742698520015447 0.0 0.0
0.0 -0.0015906639375911035 0.0 0.5685114211657681 0.0 0.052031047352803964 0.052031047352803964 0.05203104737223807 0.05203104737290868 1.5524735590306644 0.0 -5.610087035142801e-06 0.0037426985215709353 0.0 0.0
0.0 -0.0014881845769121888 0.0 0.5727816104708348 0.0 0.052040893293617774 0.052040893307872135 0.05204089338443405 0.05204089339223248 1.5524735590317305 0.0 -5.610289824941006e-06 0.003742698517479308 0.0 0.0
0.0 -0.0013823674335055388 0.0 0.5770922922169424 0.0 0.05201854859353251 0.05201854860161163 0.05201854860395849 0.05201854860423485 1.5524735590312522 0.0 -5.610205146977038e-06 0.003742698519458375 0.0 0.0
0.0 -0.0012747001683714068 0.0 0.5813983733007173 0.0 0.05196944160883941 0.05196944199771529 0.051969441607788415 0.05196944199666374 1.5524735590305305 0.0 -5.610086028435388e-06 0.0037426985208535595 0.0 0.0
0.0 -0.0011667328921254935 0.0 0.58565673654715 0.0 0.05190050507964475 0.05190050508086678 0.05190050508066192 0.05190050507956512 1.552473559282015 0.0 -5.610012664206566e-06 0.0037426982987808746 0.0 0.0
0.0 -0.00106002789893414 0.0 0.5898252603930163 0.0 0.05181917212941613 0.05181917212941613 0.05181917212941613 0.05181917212944505 1.5524735588948966 0.0 -5.602146496525671e-06 0.003742698886213281 0.0 0.0
0.0 -0.0009561069805484258 0.0 0.5938628197294205 0.0 0.05173262848119307 0.05173262848119308 0.051732628480891024 0.051732628480910044 1.55247355906935 0.0 -5.610225976357386e-06 0.0037426984926632522 0.0 0.0
0.0 -0.0008564155814367698 0.0 0.5977283106107987 0.0 0.05164705923502136 0.05164705923502136 0.05164705923472168 0.05164705923473437 1.5524735591257433 0.0 -5.610250383422758e-06 0.0037426984737887387 0.0 0.0
0.0 -0.0007623399354145466 0.0 0.6013816357251529 0.0 0.05156815116876131 0.05156815116876131 0.05156815116848145 0.051568151168488834 1.5524735592208223 0.0 -5.6103091871858186e-06 0.0037426984509578557 0.0 0.0
0.0 -0.0006751906982702309 0.0 0.6047797246182627 0.0 0.051499585187513075 0.051499585187513075 0.05149958518725367 0.051499585187253685 1.5524735589806182 0.0 -5.610229243974005e-06 0.003742698567505362 0.0 0.0
0.0 -0.0005960955675306933 0.0 0.6078825339385391 0.0 0.05144354865039245 0.05144354865038759 0.05144354865032606 0.051443548650326645 1.5524735588948966 0.0 -5.6021464965070265e-06 0.0037426988862132742 0.0 0.0
0.0 -0.000526187469295498 0.0 0.6106460358856852 0.0 0.05140097054695807 0.05140097054695809 0.05140097054695808 0.05140097054695653 1.5524735588948966 0.0 -5.602146496500934e-06 0.0037426988862132734 0.0 0.0
0.0 -0.00046648818983017256 0.0 0.6130262272081604 0.0 0.05137128174971456 0.05137128174971575 0.05137128174954328 0.051371281749573665 1.5524735597649741 0.0 -5.610309795127101e-06 0.003742698376407151 0.0 0.0
0.0 -0.00041784130114866407 0.0 0.6149811248672031 0.0 0.051352160291081646 0.05135216029108172 0.051352160290946754 0.05135216029094602 1.5524735590232608 0.0 -5.6103114662188735e-06 0.0037426985369795446 0.0 0.0
0.0 -0.0003811403191293156 0.0 0.6164667522519843 0.0 0.05134128955689247 0.05134128955689247 0.05134128955677843 0.05134128955677837 1.5524735590246925 0.0 -5.610233640820567e-06 0.0037426985355247353 0.0 0.0
0.0 -0.00035106815954111736 0.0 0.6176912330452 0.0 0.051334751013533395 0.0513347510135334 0.0513347510134315 0.051334751013429825 1.5524735590255168 0.0 -5.61027232725498e-06 0.003742698534498153 0.0 0.0
0.0 -0.00032178158333342035 0.0 0.6188906690665003 0.0 0.0513306727577647 0.0513306727577647 0.05133067275769766 0.051330672757683646 1.5524735590256893 0.0 -5.610113577578585e-06 0.0037426985350085262 0.0 0.0
0.0 -0.00029336968444008976 0.0 0.6200590700137681 0.0 0.05132829505606215 0.05132829505606215 0.05132829505599202 0.051328295056012024 1.5524735590260554 0.0 -5.610152849843983e-06 0.0037426985343125625 0.0 0.0
0.0 -0.000265904636989037 0.0 0.6211934349033046 0.0 0.05132761309756324 0.05132761309756324 0.051327613097524545 0.051327613097504235 1.5524735590261947 0.0 -5.610182516940372e-06 0.0037426985339842614 0.0 0.0
0.0 -0.00023946425461677596 0.0 0.6222897663267064 0.0 0.051328370430429586 0.051328370430429586 0.05132837043040582 0.05132837043038195 1.5524735590261445 0.0 -5.6102028718078086e-06 0.0037426985339491865 0.0 0.0
0.0 -0.0002141079361690851 0.0 0.6233440706271631 0.0 0.051330060565204276 0.051330060565204276 0.05133006056516591 0.05133006056516822 1.5524735590259686 0.0 -5.610214164329875e-06 0.003742698534114069 0.0 0.0
0.0 -0.00018991349560119457 0.0 0.6243523504003262 0.0 0.05133242704997302 0.05133242704997362 0.05133242704994924 0.051332427049949246 1.552473559025695 0.0 -5.61021634216419e-06 0.003742698534429868 0.0 0.0
0.0 -0.0001669771615951282 0.0 0.6253106044909812 0.0 0.05133546347036049 0.05133546347036049 0.051335463470344476 0.051335463470371795 1.5524735590253211 0.0 -5.610208779416331e-06 0.0037426985348981284 0.0 0.0
0.0 -0.00014537674841639303 0.0 0.6262148354890864 0.0 0.05133891337477107 0.05133891337477107 0.05133891337477046 0.05133891337479278 1.55247355902486 0.0 -5.610190052197716e-06 0.003742698535503134 0.0 0.0
0.0 -0.0001251900694015762 0.0 0.6270610459828335 0.0 0.05134252031142771 0.051342520311427706 0.0513425203114548 0.05134252031143979 1.5524735590243277 0.0 -5.610157842788152e-06 0.0037426985362649713 0.0 0.0
0.0 -0.00010648929662864517 0.0 0.6278462350999235 0.0 0.05134627946954135 0.05134627946954135 0.051346279469566034 0.05134627946958116 1.5524735590236929 0.0 -5.6101091982369824e-06 0.0037426985372623267 0.0 0.0
0.0 -8.939999205667475e-05 0.0 0.6285644026454319 0.0 0.05134993118937756 0.05134993118937756 0.051349931189352285 0.05134993118936199 1.5524735588948966 0.0 -5.602146496418146e-06 0.003742698886213282 0.0 0.0
0.0 -7.395295226781283e-05 0.0 0.6292135584127996 0.0 0.0513532222283626 0.05135322222836263 0.05135322222841204 0.051353222228412085 1.5524735590221024 0.0 -5.609946491789045e-06 0.0037426985403758383 0.0 0.0
0.0 -6.0267366621560304e-05 0.0 0.6297886945694801 0.0 0.05135614456719165 0.051356144567191654 0.05135614456724101 0.05135614456724096 1.5524735590222454 0.0 -5.610096807434663e-06 0.0037426985388340495 0.0 0.0
0.0 -4.845824500547501e-05 0.0 0.63028580796063 0.0 0.051358941829180646 0.051358941829180646 0.0513589418292338 0.05135894182924217 1.5524735590213343 0.0 -5.609967204532861e-06 0.0037426985409084535 0.0 0.0
0.0 -3.856092864690793e-05 0.0 0.630701905673099 0.0 0.051361109129189224 0.05136110912918933 0.05136110912925414 0.05136110912926225 1.552473559021419 0.0 -5.610076225499595e-06 0.0037426985398035417 0.0 0.0
0.0 -3.069006010079878e-05 0.0 0.631032982370014 0.0 0.0513628900901061 0.051362890090106104 0.05136289009017961 0.05136289009017958 1.5524735590203862 0.0 -5.609900351721407e-06 0.0037426985425952704 0.0 0.0
0.0 -2.496592990093412e-05 0.0 0.6312740369851219 0.0 0.05136427669467474 0.05136427669467475 0.05136427669474816 0.05136427669474816 1.5524735590204803 0.0 -5.609964737315743e-06 0.0037426985417431287 0.0 0.0
0.0 -2.146634735590889e-05 0.0 0.6314210719642926 0.0 0.05136501249079974 0.051365012490799736 0.051365012490873094 0.05136501249087308 1.552473559020526 0.0 -5.610004546428062e-06 0.0037426985412908503 0.0 0.0
0.0 -2.028153588523491e-05 0.0 0.6314710804763782 0.0 0.051365342709228504 0.05136534270922911 0.05136534270922905 0.05136534270923966 1.5524735588948966 0.0 -5.60214649641371e-06 0.0037426988862132816 0.0 0.0
