0.0 0.002683467138746871 0.0 0.6295378036659964 0.0 0.013835183630228344 0.013835183632534291 0.01383518369113058 0.013835183736635339 1.552473560259994 0.0 -5.602150140306234e-06 0.003742698886208116 0.0 0.0
0.0 0.0026249116128794162 0.0 0.6270413887647756 0.0 0.013810926235029693 0.0138109262350297 0.01381092623501357 0.013810926235013454 1.552473559399345 0.0 -5.609161456162235e-06 0.0037426984885016805 0.0 0.0
0.0 0.0025663011733437235 0.0 0.6245449602371969 0.0 0.013787420746160958 0.013787420746161086 0.013787420746144577 0.013787420746144573 1.5524735594349102 0.0 -5.6088262006554076e-06 0.0037426984886836105 0.0 0.0
0.0 0.0025076113290384344 0.0 0.6220475206509798 0.0 0.013764664812141291 0.013764664812141388 0.013764664812110633 0.013764664812125014 1.5524735598314097 0.0 -5.6091616030983415e-06 0.0037426984649684748 0.0 0.0
0.0 0.0024488294421475755 0.0 0.6195500619783634 0.0 0.01374315871034811 0.01374315871034811 0.013743158710339385 0.013743158710331493 1.5524735601328712 0.0 -5.609252268364313e-06 0.0037426984503391293 0.0 0.0
0.0 0.0023898945975364618 0.0 0.6170515770134893 0.0 0.013723401345926993 0.013723401345926992 0.013723401345910845 0.013723401345916677 1.5524735604726774 0.0 -5.6091618657678935e-06 0.003742698439867863 0.0 0.0
0.0 0.0023308251873039535 0.0 0.6145520690447915 0.0 0.01370514269673886 0.01370514269673886 0.013705142696730383 0.013705142696722477 1.5524735608606133 0.0 -5.609251835467349e-06 0.0037426984253976603 0.0 0.0
0.0 0.0022715716372704443 0.0 0.6120525238333674 0.0 0.013689384422382413 0.013689384422382414 0.013689384422366746 0.013689384422366746 1.552473561246344 0.0 -5.609162001529345e-06 0.0037426984162775238 0.0 0.0
0.0 0.0022121284214725 0.0 0.6095519442335968 0.0 0.01367587326133168 0.013675873261331848 0.013675873261298635 0.013675873261306646 1.5524735608895648 0.0 -5.608820670340053e-06 0.0037426984272734332 0.0 0.0
0.0 0.002152458367380313 0.0 0.6070503236061792 0.0 0.013665113814862804 0.013665113814862797 0.013665113814852671 0.013665113814834283 1.5524735617032368 0.0 -5.609079671678753e-06 0.003742698590975571 0.0 0.0
0.0 0.0020925489690172255 0.0 0.6045486539327593 0.0 0.013657603580813988 0.013657603580813991 0.013657603580798844 0.013657603580798844 1.5524735622311978 0.0 -5.60924963317426e-06 0.003742698389570715 0.0 0.0
0.0 0.0020323761881004686 0.0 0.6020459354694031 0.0 0.013653341768714015 0.013653341768714022 0.013653341768680737 0.013653341768694982 1.552473562380198 0.0 -5.609160471899732e-06 0.0037426983883394934 0.0 0.0
0.0 0.00197192735259359 0.0 0.5995431604005682 0.0 0.01365282829336588 0.013652828293365879 0.013652828293335419 0.013652828293343586 1.552473561476558 0.0 -5.608815297340888e-06 0.0037426984110269616 0.0 0.0
0.0 0.0019111595213558408 0.0 0.597039325612633 0.0 0.013656317501613667 0.013656317501613741 0.013656317501614649 0.013656317501614655 1.5524735622826638 0.0 -5.609158005484964e-06 0.003742698390602153 0.0 0.0
0.0 0.0018500603929001412 0.0 0.594535422968717 0.0 0.013664305128075966 0.013664305128076112 0.013664305128062612 0.0136643051280543 1.5524735620198984 0.0 -5.609242637497029e-06 0.003742698394707628 0.0 0.0
0.0 0.001788629823136697 0.0 0.592031453126243 0.0 0.013676793179096258 0.013676793179096258 0.013676793179083688 0.013676793179083688 1.5524735616260663 0.0 -5.609154362629307e-06 0.0037426984064383886 0.0 0.0
0.0 0.0017268309522042722 0.0 0.5895274080654408 0.0 0.013694281825501493 0.013694281825501493 0.013694281825488944 0.01369428182548887 1.5524735611515328 0.0 -5.609237539424931e-06 0.003742698417267634 0.0 0.0
0.0 0.0016646700471070512 0.0 0.5870242826136548 0.0 0.013717019642347707 0.013717019642347715 0.013717019642335107 0.01371701964232469 1.552473558894897 0.0 -5.602146496231901e-06 0.0037426988862132634 0.0 0.0
0.0 0.001602102860902861 0.0 0.584521078812503 0.0 0.013745263782500735 0.013745263782500728 0.013745263782485561 0.013745263782485626 1.5524735597979895 0.0 -5.6088057039713185e-06 0.003742698468258501 0.0 0.0
0.0 0.001539118280290254 0.0 0.5820187835172929 0.0 0.013779508508338482 0.013779508508338482 0.013779508508303487 0.013779508508319483 1.5524735594982026 0.0 -5.6087239560698746e-06 0.003742698486485825 0.0 0.0
0.0 0.0014759987751414676 0.0 0.5795284053357251 0.0 0.013819523823172818 0.013819523823172822 0.01381952382316268 0.013819523823153617 1.5524735593584769 0.0 -5.6092314439975865e-06 0.0037426984901412505 0.0 0.0
0.0 0.0014130417654387635 0.0 0.5770569728294604 0.0 0.01386356992685815 0.013863569926858155 0.013863569926849074 0.01386356992684907 1.5524735591597203 0.0 -5.609151329564351e-06 0.003742698508862341 0.0 0.0
0.0 0.0013502490283926346 0.0 0.5746014976240671 0.0 0.013910642255455524 0.013910642255455522 0.013910642255459462 0.013910642255454258 1.5524735588948966 0.0 -5.602146496255243e-06 0.003742698886213281 0.0 0.0
0.0 0.0012876762310323664 0.0 0.5721590118369358 0.0 0.013958985912813655 0.013958985912813651 0.013958985912777699 0.01395898591280815 1.5524735590324958 0.0 -5.609165625137757e-06 0.003742698530558511 0.0 0.0
0.0 0.0012253146716165067 0.0 0.5697245296693193 0.0 0.014007092331098318 0.01400709233109837 0.01400709233676069 0.014007092331103182 1.5524735591182126 0.0 -5.608841673727897e-06 0.003742698527906581 0.0 0.0
0.0 0.0011631654524643517 0.0 0.5672950681502221 0.0 0.014053956579751802 0.014053956579751897 0.014053956579750516 0.014053956579750311 1.5524735590274932 0.0 -5.609185741238233e-06 0.003742698533218575 0.0 0.0
0.0 0.001101237218265162 0.0 0.5648656512726883 0.0 0.01409782038007797 0.014097820380077957 0.014097820380077728 0.014097820380304231 1.5524735590280963 0.0 -5.609293490077246e-06 0.0037426985319619285 0.0 0.0
0.0 0.001039555522358695 0.0 0.5624342939745638 0.0 0.014137680370022842 0.014137680370022873 0.014137680370015171 0.014137680370015188 1.552473559027737 0.0 -5.609207653997885e-06 0.0037426985346248904 0.0 0.0
0.0 0.0009781105652006332 0.0 0.5599960169018023 0.0 0.014172028292696636 0.014172028292696632 0.014172028292752064 0.014172028292691291 1.5524735588882572 0.0 -5.609229007786943e-06 0.003742698727691839 0.0 0.0
0.0 0.0009169462730032128 0.0 0.5575488386307081 0.0 0.014199610789921503 0.014199610789921517 0.014199610789798367 0.014199610789798355 1.5524735590277574 0.0 -5.609226288064221e-06 0.0037426985369007587 0.0 0.0
0.0 0.0008560900661198341 0.0 0.555087785299925 0.0 0.014218419489113671 0.014218419489113659 0.014218419489117465 0.01421841948911745 1.5524735588948966 0.0 -5.602146496231163e-06 0.0037426988862132816 0.0 0.0
0.0 0.0007955664414424791 0.0 0.5526108776680552 0.0 0.014227451091923004 0.014227451091922997 0.014227451091915222 0.014227451091915241 1.5524735590276373 0.0 -5.609235543722893e-06 0.003742698538266744 0.0 0.0
0.0 0.0007354700040706437 0.0 0.5501151425052039 0.0 0.014224450401325212 0.014224450401325235 0.014224450401315208 0.014224450401315036 1.5524735590272793 0.0 -5.609152162027126e-06 0.0037426985394739625 0.0 0.0
0.0 0.0006758627674191441 0.0 0.5475986033605167 0.0 0.014207913999494507 0.014207913999494505 0.014207913999486631 0.01420791399948659 1.5524735590277252 0.0 -5.609230552955396e-06 0.003742698537275001 0.0 0.0
0.0 0.0006168439616553594 0.0 0.5450592902374122 0.0 0.014175838377519802 0.014175838377519791 0.014175838377507652 0.014175838377817999 1.5524735590274223 0.0 -5.609142655146329e-06 0.0037426985371699834 0.0 0.0
0.0 0.0005585552405420838 0.0 0.5424962359471981 0.0 0.014125971592192012 0.014125971592192048 0.014125971592181291 0.0141259715921813 1.552473559027683 0.0 -5.609209078908883e-06 0.0037426985342993396 0.0 0.0
0.0 0.000501114238779185 0.0 0.5399074740245433 0.0 0.014056060097344593 0.014056060097344628 0.014056060096910976 0.014056060096910898 1.5524735590279404 0.0 -5.609287810873448e-06 0.0037426985315242452 0.0 0.0
0.0 0.0004447716463516324 0.0 0.537295046419561 0.0 0.013963356692912696 0.013963356692912697 0.01396335669290899 0.013963356692909 1.5524735590315608 0.0 -5.609172974096953e-06 0.003742698530962634 0.0 0.0
0.0 0.0003897172025784053 0.0 0.5346599866987338 0.0 0.013845613017351968 0.01384561301735197 0.013845613017348659 0.013845613017348607 1.5524735592336398 0.0 -5.609233893709556e-06 0.003742698500200411 0.0 0.0
0.0 0.0003362566450913579 0.0 0.5320043484913418 0.0 0.013699334601366913 0.013699334601366913 0.013699334601361923 0.01369933460136192 1.5524735610913036 0.0 -5.609132103435904e-06 0.0037426984214674114 0.0 0.0
0.0 0.0002829560048551117 0.0 0.5292472128385629 0.0 0.013517403124039663 0.013517403124039743 0.013517403124037666 0.013517403124050217 1.5524735710562763 0.0 -5.609183852203366e-06 0.00374269825463433 0.0 0.0
0.0 0.00022834239459809024 0.0 0.5263225829474538 0.0 0.013298153687570143 0.013298153687570148 0.013298153687642587 0.013298153687564075 1.5524735590262941 0.0 -5.609175420418541e-06 0.003742698544023191 0.0 0.0
0.0 0.00017232524219571466 0.0 0.5232543315242894 0.0 0.01305069263664507 0.013050692636645062 0.013050692636591019 0.013050692637881774 1.5524735592702361 0.0 -5.60921339069809e-06 0.0037426983187784884 0.0 0.0
0.0 0.00011433932543649054 0.0 0.5200592644573476 0.0 0.012788276500033348 0.01278827650003335 0.012788276500031956 0.012788276500031953 1.5524735595405423 0.0 -5.608712578659061e-06 0.00374269848607835 0.0 0.0
0.0 5.343191935830554e-05 0.0 0.516748138295238 0.0 0.012527449999537088 0.012527449999537055 0.012527449999537319 0.0125274499994546 1.5524735728532777 0.0 -5.609130082839052e-06 0.003742698246937322 0.0 0.0
0.0 -1.152595826599997e-05 0.0 0.5133316702590933 0.0 0.012287155045968542 0.012287155045978548 0.012287155046290688 0.012287155054144416 1.5524735590262912 0.0 -5.609087814926507e-06 0.0037426985440990636 0.0 0.0
0.0 -8.173198431416718e-05 0.0 0.5098235533859972 0.0 0.012088247445364698 0.012088247445396404 0.012088247445280722 0.012088247477018841 1.5524735590271765 0.0 -5.609111598164473e-06 0.0037426985349190054 0.0 0.0
0.0 -0.00015805172228181398 0.0 0.5062524788719762 0.0 0.011951999928958438 0.011951999928960866 0.011951999928952465 0.011951999931025787 1.5524735590393766 0.0 -5.6090879424341034e-06 0.0037426985297223042 0.0 0.0
0.0 -0.00024090555418147672 0.0 0.5026611612958504 0.0 0.011898234508725644 0.011898234508725024 0.011898234508749989 0.011898234508215864 1.5524735591154681 0.0 -5.609098443809792e-06 0.0037426985168612743 0.0 0.0
0.0 -0.0003299691351325263 0.0 0.49911337362008174 0.0 0.011943555902221136 0.011943555902222376 0.011943555902222382 0.011943555904051405 1.55247355904555 0.0 -5.609093674374864e-06 0.003742698528011931 0.0 0.0
0.0 -0.00042401923045098347 0.0 0.49569198030136036 0.0 0.012098599162574697 0.012098599162603096 0.012098599162665567 0.012098599194145921 1.5524735590271532 0.0 -5.609100629859731e-06 0.0037426985352540694 0.0 0.0
0.0 -0.0005208339002977505 0.0 0.4924969719120369 0.0 0.012366024963120836 0.012366024963122516 0.012366024963210709 0.012366024966638188 1.5524735588948966 0.0 -5.602146496205764e-06 0.0037426988862132825 0.0 0.0
0.0 -0.000617485322951521 0.0 0.4896264974661834 0.0 0.012738239256667928 0.012738239256665373 0.01273823925679852 0.012738239256533898 1.5524735588948966 0.0 -5.602146496246735e-06 0.003742698886213283 0.0 0.0
0.0 -0.0007104711833213876 0.0 0.48717284556350143 0.0 0.013197886934539068 0.013197886934539056 0.013197886934540246 0.013197886934690038 1.5524735590272876 0.0 -5.60913880733331e-06 0.003742698538290953 0.0 0.0
0.0 -0.0007963416150734168 0.0 0.48519942294547214 0.0 0.0137188148695808 0.013718814869580799 0.013718814869584872 0.013718814869797055 1.552473559027933 0.0 -5.608898358211041e-06 0.0037426986001663203 0.0 0.0
0.0 -0.000872101626257891 0.0 0.4837317271205689 0.0 0.01426855874634228 0.01426855874634229 0.01426855874634453 0.014268558746358358 1.5524735591198104 0.0 -5.609049244299698e-06 0.003742698534035725 0.0 0.0
0.0 -0.0009356966408854512 0.0 0.48274927258004047 0.0 0.014812328911746445 0.014812328911746447 0.014812328911752631 0.014812328911752614 1.5524735588980776 0.0 -5.609487337403945e-06 0.003742698616258016 0.0 0.0
0.0 -0.000986292338897428 0.0 0.4821915100183969 0.0 0.01531877373391478 0.015318773733914768 0.015318773733647848 0.0153187737336455 1.5524735590284513 0.0 -5.609628201556129e-06 0.0037426985359504767 0.0 0.0
0.0 -0.0010241852479854713 0.0 0.48196381677650885 0.0 0.015760735890710843 0.01576073589071084 0.01576073589037505 0.015760735890371733 1.5524735589299374 0.0 -5.60985641806096e-06 0.003742698598716876 0.0 0.0
0.0 -0.0010507552483976698 0.0 0.4819524372757895 0.0 0.016119530583385906 0.01611953058338621 0.01611953057905622 0.01611953057906023 1.5524735590315717 0.0 -5.609848676999519e-06 0.0037426985196367824 0.0 0.0
0.0 -0.0010700826044193728 0.0 0.4820669558021296 0.0 0.016421016844268978 0.01642101684426964 0.0164210168410372 0.01642101684103353 1.5524735590242653 0.0 -5.609880192414729e-06 0.0037426985411408644 0.0 0.0
0.0 -0.0010853654131515948 0.0 0.4822818366426763 0.0 0.01670041174419925 0.016700411744199166 0.01670041174419917 0.01670041174049995 1.5524735599578523 0.0 -5.609488016045496e-06 0.003742698434466863 0.0 0.0
0.0 -0.0010969570612786186 0.0 0.4825800864722536 0.0 0.016956933026157795 0.016956933026157795 0.01695693302614837 0.016956933024843444 1.5524735590369128 0.0 -5.610018006481257e-06 0.0037426985120908004 0.0 0.0
0.0 -0.0011052130911546687 0.0 0.48294769703234763 0.0 0.017190813125015282 0.01719081312501528 0.01719081312501171 0.01719081312135104 1.5524735590315755 0.0 -5.609846167289645e-06 0.0037426985224773223 0.0 0.0
0.0 -0.001110555153046835 0.0 0.48336865651639255 0.0 0.017402524852606637 0.01740252485260665 0.01740252485260608 0.0174025248493156 1.5524735590259902 0.0 -5.609961683826899e-06 0.0037426985377257455 0.0 0.0
0.0 -0.0011132611197313207 0.0 0.48383295457361647 0.0 0.017592558475712526 0.017592558475712523 0.017592558475714348 0.017592558475714358 1.5524735622176182 0.0 -5.610085898272946e-06 0.003742698344216 0.0 0.0
0.0 -0.0011137287145159551 0.0 0.48432856483431236 0.0 0.017762376133828764 0.017762376133830204 0.01776237613383026 0.01776237613042986 1.5524735589241623 0.0 -5.609953126165117e-06 0.003742698599007728 0.0 0.0
0.0 -0.0011121958584017165 0.0 0.4848494673747281 0.0 0.017913237656606396 0.017913237656606393 0.017913237656606396 0.01791323765660639 1.552473559054599 0.0 -5.6100879174868305e-06 0.003742698504357205 0.0 0.0
0.0 -0.0011089649409936804 0.0 0.4853876369793449 0.0 0.01804662351935049 0.018046623519350508 0.018046623519420536 0.01804662351934995 1.5524735590320458 0.0 -5.609965402762675e-06 0.003742698516180262 0.0 0.0
0.0 -0.001104205891274075 0.0 0.48593905785578423 0.0 0.018163527781244717 0.018163527781244727 0.018163527781244762 0.018163527781250084 1.5524735590328538 0.0 -5.610111781501626e-06 0.003742698516692808 0.0 0.0
0.0 -0.0010981254186789085 0.0 0.4864997060111766 0.0 0.01826544421063496 0.018265444210634963 0.018265444210634967 0.01826544421062425 1.5524735590317282 0.0 -5.609997230197108e-06 0.0037426985243308552 0.0 0.0
0.0 -0.0010908637182459754 0.0 0.4870675624787949 0.0 0.018353619786922765 0.018353619786922754 0.018353619786922563 0.01835361978688184 1.552473559029625 0.0 -5.610144845136992e-06 0.003742698529934973 0.0 0.0
0.0 -0.001082518503072428 0.0 0.4876416116348682 0.0 0.01842905305546761 0.018429053055467565 0.01842905305546757 0.018429053055467565 1.5524735590238776 0.0 -5.610036721353262e-06 0.003742698539956939 0.0 0.0
0.0 -0.001073121876110028 0.0 0.48822284281936573 0.0 0.018492507753314538 0.018492507753314465 0.018492507752919364 0.018492507753310156 1.552473565178357 0.0 -5.609926918049402e-06 0.003742698273774538 0.0 0.0
0.0 -0.0010627269630732411 0.0 0.48881124467618603 0.0 0.018544705980373298 0.01854470598037333 0.018544705979990656 0.018544705980371612 1.5524735631358475 0.0 -5.610082792820894e-06 0.0037426983151670726 0.0 0.0
0.0 -0.0010513110314066987 0.0 0.4894078173227112 0.0 0.018585666959872963 0.018585666959872963 0.018585666959871027 0.018585666959871027 1.5524735619216223 0.0 -5.609973378164021e-06 0.003742698350551129 0.0 0.0
0.0 -0.0010388199448817872 0.0 0.49001555818470127 0.0 0.018615640582767417 0.018615640582767413 0.018615640582419154 0.018615640582420424 1.5524735589886263 0.0 -5.610135135026279e-06 0.0037426985673702884 0.0 0.0
0.0 -0.0010252303472562028 0.0 0.49063546729191865 0.0 0.018634637483589296 0.018634637483589303 0.018634637483589338 0.018634637483595073 1.5524735589819538 0.0 -5.610038069766817e-06 0.0037426985721228465 0.0 0.0
0.0 -0.001010444350526748 0.0 0.4912685600695141 0.0 0.01864165681961397 0.01864165681961389 0.018641656819260465 0.01864165681961034 1.5524735607272027 0.0 -5.609934013196856e-06 0.003742698391489533 0.0 0.0
0.0 -0.000994334019793425 0.0 0.4919178487412723 0.0 0.018635946703568274 0.018635946703568277 0.018635946703214917 0.01863594670356542 1.5524735608316158 0.0 -5.610108085297489e-06 0.0037426983837930894 0.0 0.0
0.0 -0.000977572553130411 0.0 0.4925553226844644 0.0 0.018617461702846207 0.018617461702846276 0.018617461702844312 0.018617461702844312 1.5524735588948972 0.0 -5.602146496413242e-06 0.0037426988862132547 0.0 0.0
0.0 -0.0009610321204936205 0.0 0.49315393590238005 0.0 0.018589166160606185 0.018589166160606182 0.018589166160606185 0.01858916616060618 1.5524735589952798 0.0 -5.6099069932653844e-06 0.0037426985658781894 0.0 0.0
0.0 -0.0009447624739194968 0.0 0.4937176531798759 0.0 0.018553063390015497 0.018553063390015504 0.01855306339001671 0.018553063390016732 1.5524735590049332 0.0 -5.610061262614999e-06 0.0037426985574872678 0.0 0.0
0.0 -0.0009287966353988248 0.0 0.4942504512709771 0.0 0.01851091000258269 0.018510910002582672 0.018510910002581586 0.018510910002582672 1.5524735590126122 0.0 -5.609934185836442e-06 0.0037426985528015893 0.0 0.0
0.0 -0.0009131553930720648 0.0 0.49475531265193995 0.0 0.01846397274681331 0.018463972746813308 0.01846397274642926 0.0184639727468103 1.552473565136962 0.0 -5.609617485602899e-06 0.0037426982756800582 0.0 0.0
0.0 -0.0008978075370876317 0.0 0.49523721756596173 0.0 0.018413474573443403 0.01841347457344355 0.018413474573134726 0.01841347457344154 1.5524735588949088 0.0 -5.6021464964213085e-06 0.0037426988862131532 0.0 0.0
0.0 -0.0008826601958011131 0.0 0.4957001716664807 0.0 0.018359457150298297 0.018359457150298297 0.01835945714998873 0.018359457150306274 1.5524735588949203 0.0 -5.602146496473986e-06 0.0037426988862131008 0.0 0.0
0.0 -0.0008676470898485807 0.0 0.4961491629484496 0.0 0.018302666862588756 0.01830266686258876 0.01830266686240336 0.01830266686240337 1.5524735588948966 0.0 -5.602146496326609e-06 0.00374269888621328 0.0 0.0
0.0 -0.0008527148281095564 0.0 0.49658719070946217 0.0 0.01824335857463793 0.018243358574637884 0.018243358574637894 0.018243358574637932 1.5524735590321639 0.0 -5.610027304720695e-06 0.0037426985222888307 0.0 0.0
0.0 -0.0008377239755564156 0.0 0.497019255714658 0.0 0.018181290234685343 0.01818129023468532 0.018181290234690266 0.01818129023467222 1.5524735590317624 0.0 -5.609872631654565e-06 0.0037426985214912027 0.0 0.0
0.0 -0.000822578660907931 0.0 0.4974493613551054 0.0 0.01811646827859623 0.018116468278596223 0.018116468278585627 0.01811646827861304 1.552473559127115 0.0 -5.609545457199055e-06 0.0037426985139725082 0.0 0.0
0.0 -0.0008071826976736396 0.0 0.4978815090746903 0.0 0.018048899102244508 0.018048899102244442 0.01804889910220356 0.018048899102203492 1.5524735590326564 0.0 -5.61010455084725e-06 0.0037426985139648494 0.0 0.0
0.0 -0.0007914213907416578 0.0 0.4983197031962615 0.0 0.01797833910179993 0.017978339101799926 0.017978339101742437 0.01797833910168732 1.5524735590325232 0.0 -5.609954956614497e-06 0.0037426985153140684 0.0 0.0
0.0 -0.0007751981658221033 0.0 0.4987679431456767 0.0 0.017904794667359437 0.017904794667359437 0.017904794667188466 0.017904794667188462 1.5524735588948966 0.0 -5.602146496425757e-06 0.003742698886213281 0.0 0.0
0.0 -0.0007583995010826073 0.0 0.499230240106108 0.0 0.01782802252492075 0.01782802252492075 0.017828022524700227 0.01782802252470118 1.5524735591886312 0.0 -5.609929707333885e-06 0.0037426984835691127 0.0 0.0
0.0 -0.0007408799679712745 0.0 0.4997125895347867 0.0 0.01774803243467836 0.017748032434678405 0.017748032434439818 0.017748032434439807 1.5524735595947525 0.0 -5.61006129753299e-06 0.003742698446470242 0.0 0.0
0.0 -0.0007225678036088946 0.0 0.5002179941584453 0.0 0.017664829861622003 0.017664829861622006 0.017664829861622006 0.017664829861622 1.552473560576209 0.0 -5.609927689934196e-06 0.0037426984008706718 0.0 0.0
0.0 -0.0007033074544764587 0.0 0.5007544491617658 0.0 0.017578928622783225 0.01757892862278323 0.01757892862278323 0.017578928622783277 1.5524735626015962 0.0 -5.610077027945514e-06 0.0037426983340801048 0.0 0.0
0.0 -0.0006830625865956572 0.0 0.501324947421995 0.0 0.017490820628993892 0.0174908206289939 0.017490820628993892 0.017490820625692648 1.5524735590163519 0.0 -5.609961822139695e-06 0.003742698549141465 0.0 0.0
0.0 -0.0006616860821536577 0.0 0.5019394736355275 0.0 0.01740179003964779 0.017401790039647806 0.01740179003964833 0.0174017900368267 1.5524735590267054 0.0 -5.610124742480121e-06 0.003742698535273163 0.0 0.0
0.0 -0.0006392157150593981 0.0 0.5026010057524094 0.0 0.017313334882529303 0.017313334882529306 0.0173133348825293 0.01731333487966961 1.5524735590308476 0.0 -5.610037329097098e-06 0.003742698527476976 0.0 0.0
0.0 -0.0006156826751711916 0.0 0.5033105329968711 0.0 0.017226206878745192 0.017226206878745095 0.017226206878745105 0.017226206875731204 1.5524735590320247 0.0 -5.609958205924362e-06 0.003742698522248843 0.0 0.0
0.0 -0.000591245571272345 0.0 0.5040660324846474 0.0 0.017141903049396206 0.017141903049396234 0.01714190304932026 0.017141903052159943 1.5524735590330316 0.0 -5.6101565145346045e-06 0.0037426985151810745 0.0 0.0
0.0 -0.0005659465012946047 0.0 0.5048664975937376 0.0 0.017060671812875988 0.01706067181287696 0.017060671812894758 0.01706067183504692 1.5524735588948966 0.0 -5.602146496432277e-06 0.003742698886213282 0.0 0.0
0.0 -0.0005398842932117418 0.0 0.5057109199159622 0.0 0.016983511777380448 0.01698351177738046 0.01698351177735573 0.01698351177802396 1.5524735590325767 0.0 -5.610067923530931e-06 0.003742698513736409 0.0 0.0
0.0 -0.00051315407237947 0.0 0.5065952915990296 0.0 0.016910416517623195 0.016910416517623195 0.016910416517623195 0.016910416515289392 1.552473559059139 0.0 -5.610037690665607e-06 0.0037426985040667116 0.0 0.0
0.0 -0.0004858167125196161 0.0 0.5075186049209831 0.0 0.016841884358170207 0.016841884358170096 0.01684188435805933 0.016841884354477903 1.5524735588948966 0.0 -5.602146496413984e-06 0.0037426988862132803 0.0 0.0
0.0 -0.00045794557363886793 0.0 0.5084778655371675 0.0 0.016777911505985576 0.01677791150598557 0.016777911505985572 0.016777911502912947 1.552473559455937 0.0 -5.61000679350499e-06 0.003742698458908603 0.0 0.0
0.0 -0.00042956303154297493 0.0 0.5094720644570954 0.0 0.01671849378668779 0.01671849378668779 0.01671849378657457 0.016718493781659415 1.5524735588948968 0.0 -5.6021464964479544e-06 0.0037426988862132734 0.0 0.0
0.0 -0.00040076727008926167 0.0 0.5104972094062638 0.0 0.016663630886475284 0.016663630886475284 0.016663630886472883 0.016663630882055757 1.5524735608722928 0.0 -5.610259280025613e-06 0.003742698387169388 0.0 0.0
0.0 -0.0003715247229577717 0.0 0.5115523020760965 0.0 0.01661255946761545 0.01661255946761545 0.01661255946749796 0.016612559462121493 1.552473558894898 0.0 -5.602146496468819e-06 0.0037426988862132413 0.0 0.0
0.0 -0.0003418970936336491 0.0 0.5126333580907988 0.0 0.016564783792612774 0.016564783792612777 0.01656478378914906 0.016564783789227433 1.5524735590035366 0.0 -5.610056152460281e-06 0.0037426985587976423 0.0 0.0
0.0 -0.0003118518244042806 0.0 0.5137393816741768 0.0 0.016519548633805156 0.01651954863380518 0.016519548630446735 0.016519548630522407 1.5524735590126713 0.0 -5.610084492158599e-06 0.0037426985512888466 0.0 0.0
0.0 -0.0002814302585888087 0.0 0.5148663850902008 0.0 0.01647609740867941 0.0164760974086794 0.01647609740557564 0.01647609740556523 1.5524735590193615 0.0 -5.610117596523674e-06 0.0037426985445911123 0.0 0.0
0.0 -0.000250560607938582 0.0 0.5160143835926738 0.0 0.016433454886442773 0.01643345488644276 0.016433454886372156 0.016433454882201184 1.552473571782683 0.0 -5.610174238265399e-06 0.0037426981771123678 0.0 0.0
0.0 -0.00021922262554440524 0.0 0.5171793954294649 0.0 0.01639003966260935 0.01639003966260935 0.01639003966041991 0.01639003966042936 1.5524735588948966 0.0 -5.602146496403136e-06 0.003742698886213282 0.0 0.0
0.0 -0.0001873974887636053 0.0 0.5183594426717478 0.0 0.016344923161769238 0.016344923161769248 0.01634492316042727 0.016344923160428147 1.5524735590304457 0.0 -5.610236606056249e-06 0.003742698527762796 0.0 0.0
0.0 -0.00015502548516348189 0.0 0.5195515435500896 0.0 0.01629632536486611 0.016296325364866096 0.01629632536507777 0.016296325365077358 1.5524735590321632 0.0 -5.610278315833293e-06 0.00374269852297672 0.0 0.0
0.0 -0.00012205738059980696 0.0 0.5207547149237556 0.0 0.01624324452834818 0.016243244528348178 0.016243244526449565 0.01624324452645161 1.5524735590324723 0.0 -5.610092387192957e-06 0.0037426985211459563 0.0 0.0
0.0 -8.846614055330592e-05 0.0 0.5219639856209752 0.0 0.0161836723295016 0.01618367232950165 0.01618367232975385 0.016183672329754185 1.5524735590330134 0.0 -5.610145935914431e-06 0.003742698516997029 0.0 0.0
0.0 -5.4154047708550066e-05 0.0 0.5231803707628566 0.0 0.016116610220833345 0.01611661022083333 0.016116610228117403 0.016116610227976353 1.5524735590331549 0.0 -5.610198541560981e-06 0.003742698513802323 0.0 0.0
0.0 -1.9048929392340344e-05 0.0 0.5244068712149771 0.0 0.016042062959075416 0.016042062959075398 0.016042063087615674 0.01604206308729693 1.5524735590331618 0.0 -5.6102502114745005e-06 0.00374269851204468 0.0 0.0
0.0 1.6890195827621947e-05 0.0 0.525647476883661 0.0 0.015960787260586008 0.01596078726058601 0.015960787261378763 0.01596078726122042 1.5524735590372454 0.0 -5.610300682737981e-06 0.0037426985088177575 0.0 0.0
0.0 5.363212927731694e-05 0.0 0.526903176710015 0.0 0.015873534787409844 0.01587353478740984 0.015873534784498183 0.015873534784502055 1.5524735591132761 0.0 -5.610133591820476e-06 0.003742698492312792 0.0 0.0
0.0 9.11994049089358e-05 0.0 0.528177957120773 0.0 0.015781312634536394 0.015781312634536398 0.015781312630799543 0.015781312630817883 1.552473559502477 0.0 -5.610200417465171e-06 0.0037426984543122675 0.0 0.0
0.0 0.00012960887214715606 0.0 0.5294748076023597 0.0 0.015684876775023678 0.01568487677502368 0.01568487677064349 0.015684876770649246 1.552473560739592 0.0 -5.610268334443297e-06 0.0037426983954795567 0.0 0.0
0.0 0.00016888297004434764 0.0 0.5307977143242287 0.0 0.015585235528653174 0.01558523552865312 0.01558523552376019 0.01558523552368646 1.5524735637209826 0.0 -5.610337930035065e-06 0.0037426983146194985 0.0 0.0
0.0 0.00020900882527814788 0.0 0.5321506557056044 0.0 0.015483877130230634 0.01548387713023062 0.015483877130401778 0.015483877130408588 1.5524735590188623 0.0 -5.6102010178402405e-06 0.003742698544479152 0.0 0.0
0.0 0.000250007170615282 0.0 0.5335376183484023 0.0 0.01538183232659767 0.015381832326597657 0.015381832326597391 0.01538183232660209 1.5524735590287386 0.0 -5.610286408631426e-06 0.003742698531002879 0.0 0.0
0.0 0.00029182761641214576 0.0 0.5349625730991867 0.0 0.015281098634996904 0.015281098634996923 0.015281098635227346 0.015281098635203388 1.552473559032171 0.0 -5.610157021611231e-06 0.0037426985229353084 0.0 0.0
0.0 0.0003344619151073639 0.0 0.5364304931063069 0.0 0.015183434327233703 0.015183434327233717 0.015183434327233717 0.015183434327233517 1.5524735588948966 0.0 -5.602146496465865e-06 0.003742698886213282 0.0 0.0
0.0 0.00037781538524736796 0.0 0.5379443523095532 0.0 0.015091094605752883 0.01509109460575323 0.015091094605726788 0.015091094605725691 1.5524735590334882 0.0 -5.610363473398795e-06 0.003742698511791231 0.0 0.0
0.0 0.00042180723737096046 0.0 0.5395091016132044 0.0 0.015006837840501924 0.015006837840501918 0.015006837840419524 0.01500683784040294 1.5524735588948966 0.0 -5.60214649646995e-06 0.003742698886213282 0.0 0.0
0.0 0.0004662687515258839 0.0 0.5411277025119325 0.0 0.014933919424647878 0.014933919424647876 0.014933919424812786 0.01493391942485489 1.5524735590487515 0.0 -5.610199877249824e-06 0.003742698505489174 0.0 0.0
0.0 0.0005110394602712291 0.0 0.5428040968147888 0.0 0.014875846335435443 0.014875846335435443 0.014875846335645867 0.014875846335652547 1.5524735591221483 0.0 -5.610340851498063e-06 0.0037426984896030977 0.0 0.0
0.0 0.0005558063431060144 0.0 0.5445382206287557 0.0 0.014836868791787961 0.014836868791787961 0.014836868792080214 0.014836868792095264 1.5524735588948966 0.0 -5.602146496471782e-06 0.003742698886213279 0.0 0.0
0.0 0.000600199889924143 0.0 0.5463300061086541 0.0 0.014821988609503641 0.014821988609503645 0.014821988609769408 0.014821988609774461 1.5524735593091445 0.0 -5.61024819440754e-06 0.003742698470041223 0.0 0.0
0.0 0.0006437015619813585 0.0 0.5481753588831283 0.0 0.01483694882521527 0.014836948825215268 0.014836948825211955 0.014836948825220273 1.552473559240879 0.0 -5.61040119636699e-06 0.003742698475362623 0.0 0.0
0.0 0.0006856769091242051 0.0 0.5500661867086203 0.0 0.014887737914629284 0.01488773791462907 0.014887737914629067 0.014887737914637078 1.5524735588948966 0.0 -5.602146496495671e-06 0.0037426988862132807 0.0 0.0
0.0 0.0007253260805085275 0.0 0.5519913847325968 0.0 0.014981590047728892 0.014981590047728892 0.014981590047841857 0.01498159004772506 1.5524735590337666 0.0 -5.610376344560478e-06 0.003742698510275116 0.0 0.0
0.0 0.0007618402868764001 0.0 0.5539378409978323 0.0 0.015125234948543523 0.015125234948543991 0.01512523494861828 0.015125234948603405 1.5524735590335719 0.0 -5.610368796188082e-06 0.0037426985126383368 0.0 0.0
0.0 0.0007947094854707576 0.0 0.5558935094093841 0.0 0.015321653841368294 0.015321653841368297 0.015321653841705585 0.01532165384171017 1.552473559031603 0.0 -5.610362879488742e-06 0.0037426985246112677 0.0 0.0
0.0 0.0008233367724347938 0.0 0.5578373628118517 0.0 0.015572063230405796 0.015572063230405792 0.01557206323082194 0.015572063230831839 1.5524735588948966 0.0 -5.602146496486982e-06 0.0037426988862132816 0.0 0.0
0.0 0.0008472342433692117 0.0 0.5597484058288714 0.0 0.01587617951610338 0.015876179516103227 0.01587617951098306 0.01587617951099265 1.5524735591619447 0.0 -5.609880888884439e-06 0.0037426984962002185 0.0 0.0
0.0 0.0008660128183266313 0.0 0.5616096282649462 0.0 0.01623372512539482 0.016233725125394862 0.016233725129196647 0.016233725128888134 1.5524735588948966 0.0 -5.602146496476699e-06 0.0037426988862132816 0.0 0.0
0.0 0.0008793669044982567 0.0 0.5634030601771552 0.0 0.01664292111983289 0.016642921119832895 0.01664292111674496 0.016642921116755655 1.552473558981342 0.0 -5.610273919238361e-06 0.0037426985706251023 0.0 0.0
0.0 0.0008870712781090679 0.0 0.5651147130897486 0.0 0.01710224496490508 0.017102244964905037 0.01710224496492439 0.017102244996591576 1.5524735590335175 0.0 -5.610393896557917e-06 0.0037426985121184306 0.0 0.0
0.0 0.000889063545482865 0.0 0.5667336274443399 0.0 0.017608928301730126 0.01760892830173014 0.01760892830172841 0.017608928299160966 1.5524735589912333 0.0 -5.610337010954268e-06 0.0037426985644681498 0.0 0.0
0.0 0.0008854202989144011 0.0 0.5682538463718697 0.0 0.018159961344958543 0.01815996134495855 0.018159961344958543 0.018159961344958512 1.5524735590333685 0.0 -5.6102382942671265e-06 0.0037426985149250948 0.0 0.0
0.0 0.0008762719884476918 0.0 0.5696724103633983 0.0 0.01875258845805543 0.01875258845805549 0.01875258845805549 0.018752588458055504 1.5524735589261616 0.0 -5.61032608389629e-06 0.0037426985945545345 0.0 0.0
0.0 0.0008619545376274351 0.0 0.5709933668335956 0.0 0.019383566213981976 0.019383566213946078 0.019383566213981455 0.019383566213937664 1.5524735588948966 0.0 -5.602146496379054e-06 0.0037426988862132786 0.0 0.0
0.0 0.0008428803186180034 0.0 0.5722247701319404 0.0 0.020049906457818303 0.020049906457818203 0.020049906456914734 0.020049906408637304 1.5524735590331509 0.0 -5.6102297162845775e-06 0.003742698512274294 0.0 0.0
0.0 0.0008196266644807595 0.0 0.5733806660374902 0.0 0.0207483810572249 0.02074838105722492 0.020748381057656414 0.020748381061141102 1.552473558922763 0.0 -5.610266699550081e-06 0.0037426985954934168 0.0 0.0
0.0 0.0007928768425247316 0.0 0.5744811038427596 0.0 0.021476272306858318 0.02147627230685832 0.02147627230723844 0.021476272307229465 1.552473559017563 0.0 -5.610283881039643e-06 0.0037426985447216897 0.0 0.0
0.0 0.0007634773761075565 0.0 0.5755521360276373 0.0 0.022230620900342717 0.022230620900342727 0.022230620900342744 0.022230620900395338 1.552473559033163 0.0 -5.610295086348039e-06 0.0037426985186578424 0.0 0.0
0.0 0.0007324007365488172 0.0 0.5766258128762498 0.0 0.023008727046142426 0.023008727046142426 0.02300872704614003 0.02300872704614789 1.5524735584728042 0.0 -5.609984144908694e-06 0.0037426988724755467 0.0 0.0
0.0 0.0007008059136803607 0.0 0.5777411910354435 0.0 0.023807654993191443 0.02380765499319145 0.023807654993183987 0.02380765499318389 1.5524735588673733 0.0 -5.610115064218579e-06 0.003742698613750222 0.0 0.0
0.0 0.0006701552376967964 0.0 0.5789453512831281 0.0 0.024622977807453525 0.024622977807453525 0.0246229778070915 0.024622977807465578 1.5524735589766179 0.0 -5.61016288884855e-06 0.0037426985722441774 0.0 0.0
0.0 0.0006420254904049397 0.0 0.5802893795736748 0.0 0.025450026725601035 0.025450026725601024 0.025450026725602065 0.025450026723215585 1.5524735590196348 0.0 -5.610238712933124e-06 0.0037426985425862208 0.0 0.0
0.0 0.0006183644382173285 0.0 0.5818314050345392 0.0 0.026281393689974435 0.02628139368997444 0.02628139368967721 0.02628139369001122 1.552473559032197 0.0 -5.610338176757914e-06 0.003742698522890473 0.0 0.0
0.0 0.0005998598601340081 0.0 0.5837806001129545 0.0 0.02717667278809829 0.027176672788098287 0.02717667278812273 0.02717667278810057 1.552473558179315 0.0 -5.610336353507393e-06 0.0037426987364207287 0.0 0.0
0.0 0.0005881400972851734 0.0 0.5863304024158826 0.0 0.028177434567711265 0.028177434567711265 0.02817743456771125 0.02817743456774258 1.5524735581523414 0.0 -5.610405639791771e-06 0.003742698738891291 0.0 0.0
0.0 0.0005858653803870558 0.0 0.5894893155265124 0.0 0.02925018473425964 0.029250184734259648 0.02925018473387845 0.02925018473811715 1.5524735578742173 0.0 -5.610382029116304e-06 0.0037426987717463474 0.0 0.0
0.0 0.0005940678968888378 0.0 0.5932187295245925 0.0 0.030368106644868477 0.030368106644868484 0.030368106644477116 0.030368106644477103 1.5524735573092787 0.0 -5.610188092366534e-06 0.0037426988269413067 0.0 0.0
0.0 0.0006120881136084572 0.0 0.5974378848926472 0.0 0.03151356756984911 0.03151356756984912 0.03151356756950569 0.0315135675698491 1.5524735563563679 0.0 -5.610079504205732e-06 0.003742698900467111 0.0 0.0
0.0 0.000637637607257935 0.0 0.6020318430679391 0.0 0.032679889709530216 0.03267988970952982 0.032679889709529085 0.032679889709216654 1.5524735589255718 0.0 -5.6096943666508e-06 0.0037426985999223614 0.0 0.0
0.0 0.0006670322094754757 0.0 0.6068565228597987 0.0 0.03386983041838064 0.03386983041838064 0.03386983041837851 0.03386983041939823 1.5524735587276757 0.0 -5.609784705203519e-06 0.0037426986493228754 0.0 0.0
0.0 0.0006956191758461168 0.0 0.611749720018251 0.0 0.03509338623923409 0.035093386239233956 0.035093386241453244 0.03509338623923408 1.552473558227502 0.0 -5.609824546073556e-06 0.0037426987263082406 0.0 0.0
0.0 0.0007182933617445967 0.0 0.616534211899805 0.0 0.03636177424958266 0.03636177424958266 0.036361774249964965 0.03636177424956112 1.5524735569995944 0.0 -5.60992799434354e-06 0.003742698843615739 0.0 0.0
0.0 0.0007299342527847068 0.0 0.621026799966453 0.0 0.037684450558030574 0.037684450558030574 0.03768445055857416 0.037684450563997454 1.5524735540662955 0.0 -5.61014861878672e-06 0.0037426990220777658 0.0 0.0
0.0 0.0007261012264282902 0.0 0.6250444212087726 0.0 0.03906163892474124 0.03906163892474125 0.03906163892474125 0.039061638924760514 1.5524735582230984 0.0 -5.610122232560223e-06 0.0037426987209262124 0.0 0.0
0.0 0.0007036923968159807 0.0 0.6284222074711211 0.0 0.04048129635358147 0.04048129635358146 0.04048129635358391 0.040481296353559425 1.5524735557805398 0.0 -5.6103027453342904e-06 0.0037426989204859588 0.0 0.0
0.0 0.0006615662006475219 0.0 0.6310335079245203 0.0 0.041917239141233804 0.04191723914123379 0.04191723913757928 0.04191723913757927 1.5524735588948966 0.0 -5.602146496516393e-06 0.0037426988862132885 0.0 0.0
0.0 0.0006009062832318194 0.0 0.6328078958757765 0.0 0.043330075720861776 0.04333007572086177 0.04333007572556291 0.04333007572088159 1.552473556711428 0.0 -5.6103216431038566e-06 0.0037426988522595195 0.0 0.0
0.0 0.0005254832424567167 0.0 0.6337550895030167 0.0 0.04467158295522202 0.04467158295522202 0.044671582954846925 0.044671582955222035 1.552473558894896 0.0 -5.602146496430278e-06 0.0037426988862133553 0.0 0.0
0.0 0.00044116182539936157 0.0 0.6339688629335368 0.0 0.045892638178453626 0.045892638178453626 0.04589263817815431 0.045892638181402136 1.5524735585307767 0.0 -5.609902537406661e-06 0.003742698670797137 0.0 0.0
0.0 0.00035521967974305914 0.0 0.6336169211803866 0.0 0.0469492585357308 0.0469492585357308 0.04694925853545879 0.04694925853571643 1.5524735583614688 0.0 -5.6098045832824654e-06 0.0037426986947126034 0.0 0.0
0.0 0.00027559067401870005 0.0 0.6329278305643972 0.0 0.04780855493455143 0.04780855493455144 0.04780855493454053 0.04780855493455151 1.5524735586733542 0.0 -5.609586109204214e-06 0.0037426986504477764 0.0 0.0
0.0 0.00020964243533706925 0.0 0.6321469596568957 0.0 0.04845091635120287 0.048450916351202716 0.048450916351017184 0.04845091635118846 1.5524735588948966 0.0 -5.602146496280335e-06 0.0037426988862132794 0.0 0.0
0.0 0.00016386887460536907 0.0 0.6315085583354563 0.0 0.04886496555066786 0.04886496555066787 0.04886496554840069 0.048864965548411465 1.5524735590367325 0.0 -5.60976054124712e-06 0.0037426985129479125 0.0 0.0
0.0 0.0001313413110008389 0.0 0.6310102146456994 0.0 0.04914446567377422 0.049144465673774215 0.049144465670831784 0.049144465670793454 1.5524735590303687 0.0 -5.609604816147638e-06 0.003742698526992842 0.0 0.0
0.0 0.00010146817238295 0.0 0.6305193789756568 0.0 0.049390221912160075 0.049390221912160075 0.04939022190948799 0.049390221909498176 1.5524735590158132 0.0 -5.6097641313841105e-06 0.0037426985488122184 0.0 0.0
0.0 7.411905205777581e-05 0.0 0.6300390108220407 0.0 0.04960498984450546 0.04960498984450546 0.04960498984450546 0.04960498984305604 1.552473559180495 0.0 -5.609609960981199e-06 0.0037426984683168107 0.0 0.0
0.0 4.9149359817325464e-05 0.0 0.6295760486330417 0.0 0.049793030440424636 0.04979303044042462 0.0497930304404209 0.04979303043806914 1.5524735590495444 0.0 -5.609776248183157e-06 0.0037426985037793356 0.0 0.0
0.0 2.6338423854937233e-05 0.0 0.6291304452224764 0.0 0.0499573449165473 0.04995734491654733 0.04995734491649503 0.04995734491236046 1.5524735588948966 0.0 -5.6021464963408454e-06 0.0037426988862132816 0.0 0.0
0.0 5.45741426790541e-06 0.0 0.6287041492183426 0.0 0.050101686891428174 0.05010168689142631 0.05010168689142632 0.05010168688448411 1.5524735588948966 0.0 -5.602146496373295e-06 0.003742698886213281 0.0 0.0
0.0 -1.378117024468859e-05 0.0 0.628295111310869 0.0 0.05022930361349702 0.05022930361349703 0.05022930361351104 0.05022930361056333 1.5524735590301098 0.0 -5.609692104624025e-06 0.003742698530906509 0.0 0.0
0.0 -3.1621657020150316e-05 0.0 0.6279022820532247 0.0 0.050343193890022 0.050343193890022 0.050343193890022 0.05034319388679207 1.552473559023387 0.0 -5.609866290121255e-06 0.0037426985401008053 0.0 0.0
0.0 -4.843535087170139e-05 0.0 0.6275186202686798 0.0 0.05044609691223059 0.05044609691223059 0.05044609691223059 0.050446096909577846 1.5524735590012775 0.0 -5.609759740305274e-06 0.0037426985587057106 0.0 0.0
0.0 -6.453953097724519e-05 0.0 0.6271400798327057 0.0 0.050541007298759266 0.05054100729875927 0.0505410072987863 0.05054100729879027 1.5524735592729533 0.0 -5.609638077844881e-06 0.0037426984499971737 0.0 0.0
0.0 -8.024975661389835e-05 0.0 0.6267596288040318 0.0 0.05062991234106181 0.05062991234106181 0.05062991234106368 0.050629912338239325 1.5524735588939804 0.0 -5.609828689869594e-06 0.003742698598002629 0.0 0.0
0.0 -9.597216639747381e-05 0.0 0.6263672283879407 0.0 0.05071504853277395 0.05071504853277395 0.05071504853277372 0.05071504853277498 1.5524735588948966 0.0 -5.602146496289969e-06 0.003742698886213278 0.0 0.0
0.0 -0.00011201069365660406 0.0 0.6259548601545891 0.0 0.05079790211933227 0.05079790211933227 0.05079790211933667 0.050797902119341716 1.5524735590481238 0.0 -5.6098750533417646e-06 0.0037426985025605024 0.0 0.0
0.0 -0.0001287577862466224 0.0 0.6255114883500678 0.0 0.05088020585234633 0.05088020585234632 0.05088020585235033 0.05088020585235498 1.552473559034757 0.0 -5.60975247346782e-06 0.0037426985148057276 0.0 0.0
0.0 -0.00014653898473260913 0.0 0.6250251020213098 0.0 0.050962440634286114 0.050962440634276386 0.0509624406346546 0.050962440634286094 1.5524735588948966 0.0 -5.602146496333511e-06 0.003742698886213281 0.0 0.0
0.0 -0.00016568088503452036 0.0 0.6244836965415699 0.0 0.051045087333915204 0.05104508733391521 0.051045087333956206 0.05104508733415462 1.5524735590309264 0.0 -5.609743668140882e-06 0.0037426985206464305 0.0 0.0
0.0 -0.00018648800256598286 0.0 0.6238722723737149 0.0 0.05112737174008593 0.051127371740085914 0.0511273717400734 0.05112737174009433 1.5524735591260048 0.0 -5.609411356526472e-06 0.003742698518310044 0.0 0.0
0.0 -0.0002092107422649592 0.0 0.6231758480191302 0.0 0.05120776955073529 0.051207769550735284 0.05120776955072624 0.05120776955073544 1.5524735588948966 0.0 -5.602146496342165e-06 0.0037426988862132816 0.0 0.0
0.0 -0.0002339900252373703 0.0 0.6223794700977994 0.0 0.05128325632513377 0.051283256325133766 0.05128325632510954 0.051283256325109515 1.5524735590278496 0.0 -5.609711374741726e-06 0.0037426985360137213 0.0 0.0
0.0 -0.0002608541729007782 0.0 0.6214681955352536 0.0 0.05134930727299182 0.05134930727299185 0.05134930727295353 0.051349307272957265 1.5524735590215109 0.0 -5.6097375465524166e-06 0.0037426985438444734 0.0 0.0
0.0 -0.0002887147003761144 0.0 0.6204621558722178 0.0 0.051397703239823005 0.051397703239823005 0.05139770323977649 0.051397703239775376 1.5524735590129854 0.0 -5.60973523213145e-06 0.003742698551245719 0.0 0.0
0.0 -0.0003163670418355359 0.0 0.6193954396327961 0.0 0.051423249019843104 0.051423249019843104 0.051423249019760496 0.051423249019759934 1.5524735595593582 0.0 -5.609708872153759e-06 0.003742698408667977 0.0 0.0
0.0 -0.00034340321083865295 0.0 0.618275097537558 0.0 0.051422703242991974 0.051422703242991696 0.05142270324289917 0.05142270324289927 1.552473559561012 0.0 -5.609671244528446e-06 0.0037426984096081578 0.0 0.0
0.0 -0.00036945935404538837 0.0 0.6171101620434548 0.0 0.05139408002371958 0.05139408002371947 0.05139408002365175 0.05139408002365107 1.5524735590987804 0.0 -5.6091905919147616e-06 0.0037426985539454802 0.0 0.0
0.0 -0.00039411663411966386 0.0 0.615909677346504 0.0 0.0513346455163687 0.0513346455163687 0.051334645516278206 0.05133464551627819 1.5524735590222245 0.0 -5.609556311997099e-06 0.003742698545900569 0.0 0.0
0.0 -0.0004169445362611229 0.0 0.6146846799825347 0.0 0.05124216592881142 0.051242165928811416 0.05124216592872022 0.051242165928709456 1.552473559028269 0.0 -5.6094774464704006e-06 0.003742698537311599 0.0 0.0
0.0 -0.0004374957859953854 0.0 0.6134491966003469 0.0 0.051115163486841635 0.05111516348684163 0.05111516348673227 0.05111516348673227 1.552473559028828 0.0 -5.609391400634037e-06 0.00374269853109851 0.0 0.0
0.0 -0.0004553046912191248 0.0 0.6122172576317344 0.0 0.05095191038501694 0.05095191038501362 0.05095191038497643 0.050951910384974784 1.5524735590304817 0.0 -5.6096532681131e-06 0.003742698521671921 0.0 0.0
0.0 -0.0004700400722147588 0.0 0.6110018702992356 0.0 0.050752177489849414 0.05075217748984931 0.050752177489733576 0.05075217748972988 1.5524735590606284 0.0 -5.609582326164889e-06 0.003742698502298271 0.0 0.0
0.0 -0.00048129151347611705 0.0 0.6098170537661181 0.0 0.05051498749913235 0.050514987499132344 0.05051498749899329 0.050514987498993295 1.5524735593269972 0.0 -5.609517943276247e-06 0.0037426984450824137 0.0 0.0
0.0 -0.0004887589081870151 0.0 0.6086768045694405 0.0 0.05024086140092446 0.05024086140092447 0.05024086140092536 0.05024086139999436 1.5524735590283227 0.0 -5.609472544251172e-06 0.0037426985371602833 0.0 0.0
0.0 -0.0004921905517876273 0.0 0.6075931186989297 0.0 0.04993032016425898 0.04993032016425958 0.0499303201642752 0.049930320163626155 1.5524735590297736 0.0 -5.6094417529779e-06 0.0037426985259521855 0.0 0.0
0.0 -0.0004914379237787875 0.0 0.6065759803048896 0.0 0.049584629784621144 0.04958462978462112 0.04958462978462 0.049584629784375764 1.552473559209878 0.0 -5.609433425424125e-06 0.0037426984675369254 0.0 0.0
0.0 -0.0004863761422425539 0.0 0.605634371223611 0.0 0.04920505384094958 0.04920505384094958 0.04920505383753383 0.04920505383759704 1.5524735588948966 0.0 -5.602146496307516e-06 0.003742698886213282 0.0 0.0
0.0 -0.0004770390283494507 0.0 0.6047722724371888 0.0 0.04879335011839012 0.04879335011839012 0.04879335011746972 0.048793350117469714 1.5524735590488707 0.0 -5.609504542996094e-06 0.00374269851020092 0.0 0.0
0.0 -0.00046350644051299157 0.0 0.6039916522484329 0.0 0.048351273472254444 0.04835127347225445 0.04835127347107578 0.04835127347107562 1.5524735600009112 0.0 -5.609576162787409e-06 0.003742698375267396 0.0 0.0
0.0 -0.00044606429320587676 0.0 0.6032874774382819 0.0 0.04788106072396355 0.04788106072396355 0.04788106072396355 0.0478810607239627 1.552473559034835 0.0 -5.6096748183793104e-06 0.003742698516309138 0.0 0.0
0.0 -0.0004249496041998342 0.0 0.6026537275993411 0.0 0.047383959653791295 0.0473839596537913 0.047383959653793654 0.047383959653791864 1.552473559881939 0.0 -5.609780463788181e-06 0.0037426983800977493 0.0 0.0
0.0 -0.00040062186026694615 0.0 0.6020773688896295 0.0 0.04686194294858017 0.046861942948580176 0.046861942948585394 0.046861942948585415 1.5524735590368957 0.0 -5.6096093321407676e-06 0.0037426985158573274 0.0 0.0
0.0 -0.0003736973985544658 0.0 0.601537372954309 0.0 0.04631648462335856 0.04631648462335855 0.046316484623358654 0.04631648462335587 1.5524735603634816 0.0 -5.609748443939034e-06 0.0037426983461644227 0.0 0.0
0.0 -0.00034209260530526463 0.0 0.6009694607440272 0.0 0.04569796361910275 0.04569796361910275 0.04569796361910275 0.0456979636190987 1.5524735588948966 0.0 -5.602146496328613e-06 0.0037426988862132803 0.0 0.0
0.0 -0.00030342546049580855 0.0 0.6003432669704629 0.0 0.044963845072925314 0.04496384507292531 0.044963845073018684 0.044963845072925376 1.55247356595358 0.0 -5.609698996402718e-06 0.003742698121742806 0.0 0.0
0.0 -0.00025790095458372634 0.0 0.5996836272853804 0.0 0.04412513514650745 0.04412513514650735 0.04412513514657692 0.044125135148822936 1.552473562886735 0.0 -5.609795866266804e-06 0.003742698223954962 0.0 0.0
0.0 -0.00020603304680416671 0.0 0.5990073615008358 0.0 0.04319438679565124 0.043194386795651254 0.04319438679569444 0.0431943867968653 1.5524735620299808 0.0 -5.609590014859432e-06 0.0037426982706888798 0.0 0.0
0.0 -0.00014842249745410536 0.0 0.5983252967642738 0.0 0.04218336752114543 0.04218336752114543 0.0421833675211643 0.04218336752114542 1.5524735624097392 0.0 -5.609693447789174e-06 0.0037426982535725298 0.0 0.0
0.0 -8.589384125208801e-05 0.0 0.5976412467665305 0.0 0.04110458592909214 0.04110458592909215 0.04110458593133279 0.041104585929096424 1.5524735641806011 0.0 -5.6097912425232904e-06 0.003742698189016883 0.0 0.0
0.0 -1.9528969029968504e-05 0.0 0.5969490163676975 0.0 0.03997076811175145 0.03997076811175118 0.03997076810970546 0.039970768109705734 1.552473558894901 0.0 -5.602146496333377e-06 0.00374269888621317 0.0 0.0
0.0 4.942015264516066e-05 0.0 0.5962364141991582 0.0 0.03879495679016612 0.03879495679016612 0.03879495679016612 0.038794956790167895 1.5524735777022984 0.0 -5.6097001640587096e-06 0.0037426979082053574 0.0 0.0
0.0 0.00011953099068135053 0.0 0.5954842264915562 0.0 0.037590254054683775 0.037590254054683775 0.037590254054683775 0.03759025405467728 1.5524735588949676 0.0 -5.6021464956386255e-06 0.0037426988862131424 0.0 0.0
0.0 0.00018936038492936837 0.0 0.5946732587380928 0.0 0.03636999464225657 0.03636999464225657 0.03636999464225665 0.03636999464224764 1.5524735609821108 0.0 -5.609805506413625e-06 0.003742698330618377 0.0 0.0
0.0 0.0002574365561525169 0.0 0.5937832960240502 0.0 0.03514761365002894 0.035147613650028935 0.03514761365019083 0.03514761365092664 1.5524735656959396 0.0 -5.609534221197464e-06 0.0037426981832115163 0.0 0.0
0.0 0.0003222463125598447 0.0 0.5927941250373561 0.0 0.03393708662789815 0.033937086627898155 0.033937086628079 0.0339370866278876 1.5524735759875703 0.0 -5.6095601045111045e-06 0.0037426979840789964 0.0 0.0
0.0 0.0003824879296080137 0.0 0.5916935361345909 0.0 0.03275214946441741 0.032752149464417415 0.03275214946516715 0.0327521494644197 1.552473593414746 0.0 -5.609565690587614e-06 0.003742697767533725 0.0 0.0
0.0 0.00043701887794029523 0.0 0.5904763147870447 0.0 0.03160668099965439 0.03160668099964581 0.03160668099965201 0.03160668099950283 1.5524735588951015 0.0 -5.602146495972568e-06 0.0037426988862130717 0.0 0.0
0.0 0.00048493887112297836 0.0 0.5891482586973423 0.0 0.030514861459355672 0.030514861459340858 0.03051486145934086 0.030514861459060138 1.5524735588948968 0.0 -5.602146496343521e-06 0.003742698886213267 0.0 0.0
0.0 0.000525704112787578 0.0 0.587726177226606 0.0 0.029489656011409054 0.029489656011409054 0.029489656011128698 0.029489656011406757 1.5524735606442328 0.0 -5.609515421252357e-06 0.00374269837557496 0.0 0.0
0.0 0.0005590631458139146 0.0 0.5862368902148869 0.0 0.02854335211866476 0.028543352118664763 0.028543352118318387 0.028543352118316417 1.5524735600232205 0.0 -5.608927504917235e-06 0.003742698421757043 0.0 0.0
0.0 0.0005852393706360344 0.0 0.5847232477739942 0.0 0.02768702518370907 0.027687025183708962 0.027687025183412175 0.02768702518404706 1.5524735593606869 0.0 -5.609515987630437e-06 0.003742698463601889 0.0 0.0
0.0 0.0006047310347033539 0.0 0.5832351220729055 0.0 0.026930322281587163 0.026930322281587166 0.026930322281283944 0.026930322281013646 1.5524735924129047 0.0 -5.609426295908926e-06 0.0037426978588769723 0.0 0.0
0.0 0.0006183632609830574 0.0 0.5818314048995862 0.0 0.026281409331673562 0.02628140933167355 0.02628140933135519 0.026281409331670915 1.5524735670474659 0.0 -5.6095648164538545e-06 0.003742698199584864 0.0 0.0
0.0 0.0006279636525509129 0.0 0.5804696677992693 0.0 0.025701359652562743 0.025701359652562736 0.025701359652227165 0.025701359652562726 1.5524735588948966 0.0 -5.602146496302717e-06 0.0037426988862132773 0.0 0.0
0.0 0.0006351237584144167 0.0 0.5790805640532396 0.0 0.02514557004667504 0.025145570046675052 0.025145570046357934 0.025145570046677578 1.552473576457353 0.0 -5.60966825746402e-06 0.0037426980476094073 0.0 0.0
0.0 0.0006404946414266634 0.0 0.5776831291202297 0.0 0.02461145472999769 0.02461145472999769 0.02461145472999769 0.024611454729463102 1.5524735600232797 0.0 -5.609503330035481e-06 0.0037426984203166812 0.0 0.0
0.0 0.0006447227071845174 0.0 0.576295416339851 0.0 0.0240961384604066 0.024096138460406574 0.024096138460311313 0.024096138460406653 1.5524735590285634 0.0 -5.609380507315835e-06 0.003742698530336823 0.0 0.0
0.0 0.0006482756222577779 0.0 0.5749314556890742 0.0 0.023597866999581912 0.023597866999582013 0.023597866999214723 0.02359786699960391 1.5524735600636013 0.0 -5.609150221129745e-06 0.003742698422268644 0.0 0.0
0.0 0.0006515899665678461 0.0 0.573603280652657 0.0 0.02311465186748696 0.023114651867486954 0.02311465186748698 0.023114651867557255 1.5524735590292422 0.0 -5.609477290028674e-06 0.003742698528447172 0.0 0.0
0.0 0.0006550719939135376 0.0 0.5723209257004134 0.0 0.02264426423755159 0.022644264237551594 0.022644264237556482 0.022644264237556475 1.5524735588948968 0.0 -5.602146496293073e-06 0.0037426988862132708 0.0 0.0
0.0 0.0006589928909432616 0.0 0.5710934087619871 0.0 0.022185966628439434 0.022185966628439444 0.02218596662843492 0.022185966628420862 1.552473558894925 0.0 -5.602146496338005e-06 0.0037426988862130765 0.0 0.0
0.0 0.0006635894305570165 0.0 0.5699267482888599 0.0 0.02173851845736446 0.021738518457364273 0.021738518457384563 0.021738518456940206 1.5524735588948966 0.0 -5.602146496268742e-06 0.003742698886213277 0.0 0.0
0.0 0.0006690589119284607 0.0 0.5688269595809776 0.0 0.021301204866388923 0.021301204866388954 0.02130120486638634 0.021301204866386342 1.552473572148115 0.0 -5.609576241535032e-06 0.003742698148906128 0.0 0.0
0.0 0.0006755653195999033 0.0 0.567799044602035 0.0 0.020873456895816822 0.02087345689581682 0.02087345689582059 0.02087345689581314 1.5524735588948966 0.0 -5.6021464963238734e-06 0.003742698886213281 0.0 0.0
0.0 0.000683148678651688 0.0 0.5668450130802625 0.0 0.02045536600361931 0.020455366003619222 0.02045536600396553 0.020455366003955925 1.5524735648400532 0.0 -5.6095681187454544e-06 0.003742698281839276 0.0 0.0
0.0 0.000691886753740258 0.0 0.5659678591023459 0.0 0.0200468773322385 0.020046877332237766 0.02004687733167695 0.02004687734416518 1.5524735590299574 0.0 -5.60960391569193e-06 0.0037426985240093555 0.0 0.0
0.0 0.000701824512092658 0.0 0.5651695856758564 0.0 0.019648030668533583 0.019648030668533586 0.01964803066888744 0.0196480306702802 1.5524735603452373 0.0 -5.609668853260788e-06 0.0037426984116266738 0.0 0.0
0.0 0.0007128384758789734 0.0 0.5644481774732314 0.0 0.01925984624317609 0.019259846243175994 0.019259846243531033 0.019259846245376824 1.552473580674224 0.0 -5.609796820949426e-06 0.0037426980529193027 0.0 0.0
0.0 0.0007249251461403311 0.0 0.5638046238933689 0.0 0.018882706505544664 0.018882706505544668 0.018882706505544668 0.018882706505527064 1.5524735588948966 0.0 -5.602146496382751e-06 0.0037426988862132807 0.0 0.0
0.0 0.0007380068541899636 0.0 0.5632369283793548 0.0 0.018516992299822316 0.018516992299822364 0.018516992300183915 0.018516992299808643 1.5524735639735239 0.0 -5.609696942392774e-06 0.003742698307266602 0.0 0.0
0.0 0.0007519017547868869 0.0 0.5627410639922465 0.0 0.018163876138862674 0.018163876138862688 0.018163876139104935 0.01816387613910508 1.5524735590316618 0.0 -5.609843407423443e-06 0.003742698521348296 0.0 0.0
0.0 0.0007665463855398135 0.0 0.5623160252940698 0.0 0.01782388573582923 0.017823885735829232 0.017823885736159548 0.01782388573616272 1.5524735591896552 0.0 -5.609716608471625e-06 0.0037426984882479902 0.0 0.0
0.0 0.0007817465980046539 0.0 0.5619567959492668 0.0 0.017498015747200755 0.017498015747200654 0.017498015747200658 0.017498015747201622 1.5524735657330504 0.0 -5.609911129349384e-06 0.0037426982701227315 0.0 0.0
0.0 0.000797226435325417 0.0 0.5616563508823857 0.0 0.01718771686231528 0.017187716862315277 0.017187716862315298 0.01718771685974643 1.5524735591252863 0.0 -5.609380605422348e-06 0.0037426985207318015 0.0 0.0
0.0 0.0008124040202670299 0.0 0.5613936698131967 0.0 0.016893994539518262 0.016893994539518262 0.01689399453951486 0.016893994537841527 1.5524735590700423 0.0 -5.609742177394838e-06 0.003742698507012067 0.0 0.0
0.0 0.0008268540713202872 0.0 0.5611487577960927 0.0 0.016616058962641532 0.01661605896264153 0.01661605896264153 0.0166160589597508 1.5524735619297834 0.0 -5.609955767997779e-06 0.0037426983596676898 0.0 0.0
0.0 0.0008402779038951814 0.0 0.5609076182173045 0.0 0.016353370877874893 0.0163533708778749 0.01635337087476095 0.016353370874770897 1.5524735590285865 0.0 -5.609892679953645e-06 0.0037426985337719195 0.0 0.0
0.0 0.0008525441275333816 0.0 0.5606602708409846 0.0 0.016104430901070513 0.016104430901070502 0.0161044308960284 0.01610443089612596 1.5524735590314656 0.0 -5.6098229510818666e-06 0.0037426985197487636 0.0 0.0
0.0 0.000863486278338451 0.0 0.5603967275893307 0.0 0.01586821726654391 0.015868217266543905 0.015868217263617024 0.01586821726363231 1.552473559164067 0.0 -5.609305593428892e-06 0.003742698504395504 0.0 0.0
0.0 0.0008730388828419314 0.0 0.5601119986997793 0.0 0.01564397669009233 0.015643976690092324 0.01564397668725503 0.015643976687267934 1.5524735616409115 0.0 -5.609947375588724e-06 0.00374269837275113 0.0 0.0
0.0 0.0008811911353144208 0.0 0.5598011049961782 0.0 0.01543021573967877 0.015430215739678775 0.015430215737280787 0.01543021573728786 1.5524735742931064 0.0 -5.609890548724275e-06 0.003742698165827703 0.0 0.0
0.0 0.0008878594445904807 0.0 0.5594580553064519 0.0 0.015226100389973553 0.015226100389973542 0.01522610039027872 0.015226100390287427 1.5524735590309613 0.0 -5.609764864045533e-06 0.0037426985262081058 0.0 0.0
0.0 0.0008929784676885157 0.0 0.559078854769379 0.0 0.01503120851324328 0.015031208513129979 0.015031208513133672 0.015031208513006563 1.5524735588948966 0.0 -5.602146496398557e-06 0.0037426988862132816 0.0 0.0
0.0 0.0008964658476598969 0.0 0.5586585154743519 0.0 0.014845002573336439 0.014845002573336376 0.014845002573708407 0.014845002573717162 1.5524735592032324 0.0 -5.609822376681205e-06 0.0037426984874599227 0.0 0.0
0.0 0.0008982390924485321 0.0 0.5581920369872043 0.0 0.014666976744615602 0.014666976744615534 0.014666976745132681 0.014666976745140765 1.5524735608193043 0.0 -5.609240586951301e-06 0.0037426984128644705 0.0 0.0
0.0 0.0008980935869206507 0.0 0.5576724101364163 0.0 0.014497610950572157 0.014497610950572162 0.014497610950567499 0.014497610950583176 1.5524735588949146 0.0 -5.6021464964169725e-06 0.003742698886213144 0.0 0.0
0.0 0.0008958223213423008 0.0 0.5570926314034012 0.0 0.01433740367423359 0.01433740367423358 0.014337403674213654 0.014337403674213656 1.5524735590279146 0.0 -5.609651125565351e-06 0.0037426985372725203 0.0 0.0
0.0 0.0008911533725863961 0.0 0.5564466666621156 0.0 0.01418809221406272 0.01418809221406273 0.014188092214062226 0.01418809221406223 1.552473559031119 0.0 -5.609761300953762e-06 0.003742698524165544 0.0 0.0
0.0 0.0008837097771794229 0.0 0.555726478168272 0.0 0.014052164124472435 0.014052164124471633 0.014052164124480194 0.014052164124480262 1.5524735590314738 0.0 -5.609842447369277e-06 0.003742698518451824 0.0 0.0
0.0 0.0008731021618224706 0.0 0.5549250188854994 0.0 0.013932608672982464 0.013932608672982464 0.013932608672972104 0.013932608672976438 1.5524735590484555 0.0 -5.6095936552057435e-06 0.0037426985169670825 0.0 0.0
0.0 0.0008588475250795631 0.0 0.5540382090978727 0.0 0.013834670624951268 0.013834670624951268 0.013834670624943321 0.013834670624946855 1.552473559285272 0.0 -5.609630246670153e-06 0.0037426984859388534 0.0 0.0
0.0 0.0008404430118884282 0.0 0.5530649510019904 0.0 0.013764849636170595 0.013764849636170534 0.013764849636162346 0.013764849636159314 1.552473559880864 0.0 -5.609638706285635e-06 0.0037426984504505406 0.0 0.0
0.0 0.0008174012759389446 0.0 0.5520101223641334 0.0 0.013731404113940677 0.013731404113940632 0.013731404113926697 0.013731404113932578 1.552473560396749 0.0 -5.609620644307642e-06 0.0037426984301235852 0.0 0.0
0.0 0.0007902100584593587 0.0 0.5509176197049264 0.0 0.0137421545674092 0.013742154567409102 0.013742154567401497 0.013742154567404475 1.5524735602106723 0.0 -5.609588864103224e-06 0.003742698438059716 0.0 0.0
0.0 0.0007601018879623824 0.0 0.5498394542977553 0.0 0.01379743483617867 0.013797434836178672 0.013797434836171478 0.013797434836168318 1.5524735595363082 0.0 -5.609561022377189e-06 0.0037426984704793595 0.0 0.0
0.0 0.0007278990704922759 0.0 0.5488006783518937 0.0 0.013894285962113243 0.013894285962113243 0.013894285962107207 0.013894285962104158 1.5524735590934249 0.0 -5.609547253810309e-06 0.0037426985090845922 0.0 0.0
0.0 0.000694316838174362 0.0 0.547820347770096 0.0 0.014029238153270706 0.014029238153269443 0.01402923815325699 0.01402923815391636 1.5524735588948966 0.0 -5.6021464963252626e-06 0.003742698886213282 0.0 0.0
0.0 0.0006600521355573946 0.0 0.5469145370378308 0.0 0.014198065855666965 0.014198065855666958 0.0141980658556597 0.01419806585565973 1.5524735590299348 0.0 -5.609585200280778e-06 0.0037426985288412096 0.0 0.0
0.0 0.0006256412612292555 0.0 0.5460933028381063 0.0 0.014396784323460433 0.014396784323460426 0.014396784323452426 0.014396784323452419 1.5524735590247505 0.0 -5.6096442380148165e-06 0.003742698543384354 0.0 0.0
0.0 0.0005915463057433716 0.0 0.5453637092824272 0.0 0.014621411945575773 0.01462141194557578 0.014621411945578406 0.014621411945582833 1.5524735629924815 0.0 -5.6097310302433856e-06 0.0037426983510664923 0.0 0.0
0.0 0.0005581602763505187 0.0 0.5447298151084436 0.0 0.014867931311700059 0.014867931311700054 0.014867931311700312 0.014867931311707694 1.5524735588948966 0.0 -5.6021464963776075e-06 0.00374269888621328 0.0 0.0
0.0 0.0005256715990224944 0.0 0.5441896750385097 0.0 0.015133111960357937 0.015133111960357963 0.015133111960418865 0.015133111960426802 1.5524735590305434 0.0 -5.609671297293584e-06 0.0037426985240597704 0.0 0.0
0.0 0.0004942916388990224 0.0 0.5437413346077211 0.0 0.015413442372281844 0.015413442372281837 0.015413442372574955 0.015413442372582525 1.5524735590246006 0.0 -5.609837264865274e-06 0.003742698541201299 0.0 0.0
0.0 0.0004640596555627667 0.0 0.543378831611529 0.0 0.015706415122722264 0.015706415122722275 0.01570641512102172 0.01570641512102781 1.5524735603299062 0.0 -5.609727632437355e-06 0.003742698422710231 0.0 0.0
0.0 0.0004348886135334081 0.0 0.5430931896678357 0.0 0.0160102579015628 0.0160102579015636 0.01601025790373793 0.016010257903962773 1.5524735590319267 0.0 -5.609929221484162e-06 0.003742698516840759 0.0 0.0
0.0 0.0004066903364430347 0.0 0.5428754324680503 0.0 0.01632321360905982 0.016323213609059802 0.016323213606144648 0.01632321360589739 1.5524735590297114 0.0 -5.609871492460208e-06 0.0037426985312824642 0.0 0.0
0.0 0.0003792202909524359 0.0 0.5427115746776979 0.0 0.01664400698505613 0.016644006985056126 0.016644006982603637 0.016644006982349226 1.5524735589792338 0.0 -5.609827159640566e-06 0.0037426985767124625 0.0 0.0
0.0 0.00035218411513027257 0.0 0.5425886162949147 0.0 0.016972367422658757 0.01697236742265875 0.01697236742274725 0.016972367421250273 1.5524735590323213 0.0 -5.609787581541752e-06 0.0037426985182647016 0.0 0.0
0.0 0.0003252521770634273 0.0 0.5424905639449727 0.0 0.017307518870766994 0.01730751887076699 0.017307518870997275 0.017307518868113735 1.5524735590294896 0.0 -5.609759041117144e-06 0.003742698532427076 0.0 0.0
0.0 0.00029790648785332394 0.0 0.542397404404826 0.0 0.01764992933558427 0.017649929335584267 0.017649929335807384 0.017649929332473762 1.5524735589768137 0.0 -5.610012203970672e-06 0.003742698575234983 0.0 0.0
0.0 0.00026970271744671806 0.0 0.5422891392854854 0.0 0.01799906696142849 0.017999066961428497 0.017999066961398594 0.017999066961399652 1.552473559032135 0.0 -5.609977883146603e-06 0.0037426985157916364 0.0 0.0
0.0 0.00024013005346432473 0.0 0.5421437660453907 0.0 0.018354646134723932 0.01835464613472393 0.018354646134916632 0.018354646134916646 1.552473559028625 0.0 -5.609937906725314e-06 0.00374269853324776 0.0 0.0
0.0 0.00020852766695432113 0.0 0.5419322838363393 0.0 0.01871612023032051 0.018716120230320515 0.01871612023051278 0.01871612023051282 1.5524735589453174 0.0 -5.60988390858865e-06 0.0037426985912187025 0.0 0.0
0.0 0.00017406745312285147 0.0 0.5416286438964072 0.0 0.01908619843029284 0.019086198430292127 0.019086198430292117 0.019086198430283526 1.5524735590312342 0.0 -5.609794276340588e-06 0.003742698520038813 0.0 0.0
0.0 0.00013627099243028722 0.0 0.5412198087278609 0.0 0.019467109738870492 0.0194671097388705 0.019467109738870496 0.019467109738865528 1.552473559016904 0.0 -5.609671345307884e-06 0.003742698552427758 0.0 0.0
0.0 9.532386580411565e-05 0.0 0.5407028299976826 0.0 0.01985534916575878 0.01985534916575878 0.019855349165854283 0.019855349167954135 1.5524735590977556 0.0 -5.6098120776173165e-06 0.0037426984980775367 0.0 0.0
0.0 5.144035484398778e-05 0.0 0.5400797398206638 0.0 0.020248669118968624 0.020248669118968637 0.020248669118975392 0.020248669123249106 1.5524735588948966 0.0 -5.602146496337456e-06 0.003742698886213281 0.0 0.0
0.0 4.882792817702034e-06 0.0 0.539351593574671 0.0 0.020643821056786697 0.020643821056786693 0.020643821056895804 0.020643821059050358 1.5524735589729335 0.0 -5.609709750872596e-06 0.0037426985809574883 0.0 0.0
0.0 -4.409857748710862e-05 0.0 0.5385234126145619 0.0 0.02103906286900114 0.021039062869001108 0.021039062869001125 0.021039062869296934 1.552473559030914 0.0 -5.609756794364609e-06 0.003742698520347326 0.0 0.0
0.0 -9.521238859199106e-05 0.0 0.5376012306428443 0.0 0.02143240356517871 0.02143240356517871 0.021432403565178674 0.02143240356517698 1.5524735590190535 0.0 -5.6094570017257484e-06 0.0037426985532899933 0.0 0.0
0.0 -0.0001481313403996305 0.0 0.536594070932046 0.0 0.021822357485366126 0.021822357485366126 0.021822357485366126 0.021822357485336848 1.5524735588948966 0.0 -5.602146496306244e-06 0.0037426988862132807 0.0 0.0
0.0 -0.00020254751483360286 0.0 0.5355109587514236 0.0 0.02220768885702472 0.022207688857024725 0.02220768885702442 0.022207688857078856 1.5524735588948966 0.0 -5.60214649630092e-06 0.003742698886213281 0.0 0.0
0.0 -0.0002581594421409507 0.0 0.5343629047391433 0.0 0.022587915186776865 0.02258791518677686 0.022587915186778367 0.022587915186791416 1.5524735589873424 0.0 -5.609373859262931e-06 0.0037426985787754486 0.0 0.0
0.0 -0.0003147259027307664 0.0 0.5331599079228732 0.0 0.022963052699000487 0.022963052699000484 0.022963052699001157 0.02296305269900118 1.5524735590314334 0.0 -5.609636705243684e-06 0.0037426985215335217 0.0 0.0
0.0 -0.00037195849461292015 0.0 0.5319139735097203 0.0 0.023333120424703858 0.02333312042470384 0.023333120424713884 0.023333120424704083 1.552473559026913 0.0 -5.609555985605164e-06 0.0037426985401175896 0.0 0.0
0.0 -0.000429586958941967 0.0 0.5306371013361626 0.0 0.02369838757072701 0.023698387570727012 0.02369838757072488 0.023698387570724972 1.5524735589404364 0.0 -5.609461889778398e-06 0.0037426985986419234 0.0 0.0
0.0 -0.0004873963202456597 0.0 0.5293412798956804 0.0 0.0240598740032246 0.024059874003224648 0.02405987400326642 0.02405987400322393 1.5524735590282994 0.0 -5.6093582906893604e-06 0.0037426985302820895 0.0 0.0
0.0 -0.0005451162619350465 0.0 0.5280385090324697 0.0 0.024417848508307798 0.024417848508307836 0.024417848508307836 0.024417848508309952 1.5524735590208607 0.0 -5.609592618776256e-06 0.0037426985488607694 0.0 0.0
0.0 -0.0006025742586730465 0.0 0.5267397729209329 0.0 0.024773579411444722 0.024773579411444722 0.024773579411439914 0.02477357941078107 1.5524735591838386 0.0 -5.609487887665699e-06 0.0037426984884457366 0.0 0.0
0.0 -0.0006594939774668484 0.0 0.5254580659493795 0.0 0.025127586690507752 0.025127586690507766 0.02512758669081782 0.025127586686027648 1.5524735588948966 0.0 -5.602146496294976e-06 0.0037426988862132816 0.0 0.0
0.0 -0.0007157149224265252 0.0 0.5242023835123366 0.0 0.02548063582096168 0.02548063582096168 0.025480635820960953 0.025480635817587985 1.5524735588948966 0.0 -5.6021464963403076e-06 0.0037426988862132816 0.0 0.0
0.0 -0.0007709668075368331 0.0 0.52298472535753 0.0 0.025832995887965178 0.025832995887965178 0.025832995887967652 0.02583299588796764 1.5524735590829353 0.0 -5.6095661712587676e-06 0.003742698503842827 0.0 0.0
0.0 -0.0008250692145962711 0.0 0.5218140824271047 0.0 0.026185181069083064 0.026185181069083067 0.026185181069306313 0.026185181069078866 1.5524735590294967 0.0 -5.609509033002036e-06 0.003742698530390587 0.0 0.0
0.0 -0.0008787531683550992 0.0 0.520678363409354 0.0 0.026543173285233444 0.026543173285233437 0.026543173285233437 0.02654317328523481 1.552473558996948 0.0 -5.60946290766708e-06 0.003742698570712844 0.0 0.0
0.0 -0.0009328568459489399 0.0 0.5195594806609496 0.0 0.0269124445856693 0.0269124445856693 0.026912444585669503 0.02691244458566902 1.552473559036776 0.0 -5.609417105432597e-06 0.0037426985224822433 0.0 0.0
0.0 -0.0009872937660500099 0.0 0.5184564562601016 0.0 0.027291492932241833 0.027291492932241833 0.02729149293224183 0.02729149293224185 1.552473559117083 0.0 -5.608952867764826e-06 0.003742698540051129 0.0 0.0
0.0 -0.001041862915007723 0.0 0.517372317787859 0.0 0.02767857280266687 0.02767857280266687 0.027678572802666876 0.027678572802666872 1.5524735589435599 0.0 -5.609686034036972e-06 0.0037426985924175742 0.0 0.0
0.0 -0.0010964831220465904 0.0 0.5163050882049551 0.0 0.028071931177898773 0.028071931177898763 0.028071931177898784 0.02807193119157139 1.5524735588948966 0.0 -5.60214649634392e-06 0.003742698886213282 0.0 0.0
0.0 -0.0011510633362861668 0.0 0.5152547927697692 0.0 0.028470317416682808 0.02847031741668281 0.02847031741704013 0.02847031741919347 1.5524735590126737 0.0 -5.609645350744828e-06 0.003742698555841808 0.0 0.0
0.0 -0.0012055033369418801 0.0 0.5142194545996845 0.0 0.028871728237417592 0.028871728237405563 0.028871728237410434 0.028871728237410323 1.552473559049145 0.0 -5.609630297438394e-06 0.0037426985116119933 0.0 0.0
0.0 -0.0012596929555131376 0.0 0.5131990982751912 0.0 0.02927466323693522 0.029274663236945067 0.02927466323723647 0.029274663237252786 1.552473559029151 0.0 -5.6096239472214925e-06 0.003742698533830161 0.0 0.0
0.0 -0.001313569817298611 0.0 0.5121917457030827 0.0 0.029677618951575262 0.029677618951562918 0.029677618951562918 0.029677618951562998 1.5524735589386747 0.0 -5.609622912898109e-06 0.0037426985947398564 0.0 0.0
0.0 -0.0013670588234268276 0.0 0.5111944260027833 0.0 0.03007859073368477 0.0300785907336848 0.030078590733684796 0.030078590733506005 1.5524735590301058 0.0 -5.609619031236352e-06 0.003742698524055943 0.0 0.0
0.0 -0.0014200253642456917 0.0 0.5102081619442606 0.0 0.030476079426629343 0.03047607942662934 0.03047607942706681 0.030476079426626123 1.5524735590104375 0.0 -5.609623874963307e-06 0.0037426985577975022 0.0 0.0
0.0 -0.0014724308117895135 0.0 0.5092299730583624 0.0 0.030868580244280557 0.030868580244280557 0.030868580244280554 0.0308685802445838 1.5524735588948966 0.0 -5.602146496337425e-06 0.003742698886213281 0.0 0.0
0.0 -0.0015241713365551168 0.0 0.5082588915549212 0.0 0.03125434126603822 0.03125434126603823 0.031254341266038224 0.031254341266043865 1.5524735590296315 0.0 -5.609635873489815e-06 0.003742698532087585 0.0 0.0
0.0 -0.0015751297617324356 0.0 0.5072959301965755 0.0 0.031632113763615834 0.03163211376361584 0.03163211376361681 0.03163211376363051 1.5524735589585887 0.0 -5.609648508113943e-06 0.003742698585818421 0.0 0.0
0.0 -0.0016252625153154628 0.0 0.5063391092313743 0.0 0.03200064474663399 0.03200064474663399 0.032000644746633986 0.03200064474663399 1.552473559030239 0.0 -5.609657353487514e-06 0.0037426985228949335 0.0 0.0
0.0 -0.0016743981727398904 0.0 0.5053894589267061 0.0 0.0323579351204393 0.032357935120439316 0.032357935120442154 0.032357935120431794 1.5524735590252503 0.0 -5.609672767880542e-06 0.0037426985413865246 0.0 0.0
0.0 -0.0017224574141020404 0.0 0.5044479907871006 0.0 0.032703236279486646 0.032703236279486715 0.03270323627948758 0.03270323628004728 1.5524735587654241 0.0 -5.609594380577844e-06 0.0037426987994455168 0.0 0.0
0.0 -0.0017692576879666225 0.0 0.5035177282494707 0.0 0.033035053525867324 0.03303505352586732 0.03303505352614616 0.03303505352957571 1.5524735590305825 0.0 -5.609707521092244e-06 0.003742698521670238 0.0 0.0
0.0 -0.0018147248713203696 0.0 0.5025986841117088 0.0 0.03335238596490386 0.03335238596490386 0.03335238596449928 0.03335238596201124 1.5524735588948966 0.0 -5.602146496297915e-06 0.0037426988862132825 0.0 0.0
0.0 -0.00185866606800153 0.0 0.5016958810688825 0.0 0.03365424158816914 0.03365424158816913 0.03365424158816914 0.033654241587430675 1.5524735589405692 0.0 -5.6094457903554425e-06 0.003742698595892518 0.0 0.0
0.0 -0.0019006612363536184 0.0 0.5008183568144494 0.0 0.033937884857965804 0.033937884857965804 0.033937884859047585 0.03393788485797269 1.55247355903117 0.0 -5.609483159189313e-06 0.0037426985242754104 0.0 0.0
0.0 -0.0019404753861643692 0.0 0.4999751176344249 0.0 0.03420307967343678 0.03420307967343679 0.03420307967804856 0.03420307967343684 1.5524735588948966 0.0 -5.602146496320157e-06 0.003742698886213281 0.0 0.0
0.0 -0.001978396721985658 0.0 0.4991641183371129 0.0 0.03445307352107663 0.03445307352107663 0.034453073524456305 0.03445307352107558 1.5524735588948966 0.0 -5.602146496331296e-06 0.003742698886213282 0.0 0.0
0.0 -0.0020146816041956696 0.0 0.4983823206385217 0.0 0.03469036231085067 0.03469036231085067 0.0346903623108501 0.03469036231086644 1.5524735592121777 0.0 -5.609659306352047e-06 0.003742698471545953 0.0 0.0
0.0 -0.002049542758096522 0.0 0.4976276839331443 0.0 0.034917192086330893 0.03491719208633045 0.03491719208633045 0.034917192086345875 1.5524735588948966 0.0 -5.602146496357143e-06 0.003742698886213282 0.0 0.0
0.0 -0.002083280440771848 0.0 0.49689617419387805 0.0 0.035136307952043457 0.03513630795204345 0.03513630795259836 0.03513630795201721 1.5524735590295098 0.0 -5.609505531825582e-06 0.003742698528527775 0.0 0.0
0.0 -0.0021161668355144654 0.0 0.49618175716473617 0.0 0.03534945015194115 0.03534945015194114 0.03534945015158897 0.035349450151950554 1.5524735591149803 0.0 -5.609165177136637e-06 0.003742698542377605 0.0 0.0
0.0 -0.002148464289283397 0.0 0.49548040032839114 0.0 0.03555886255893301 0.035558862558932994 0.035558862558317084 0.03555886255895075 1.55247355898358 0.0 -5.609690162662907e-06 0.003742698572626617 0.0 0.0
0.0 -0.002180495276334075 0.0 0.49478705855445554 0.0 0.03576728778961603 0.035767287789616034 0.03576728778910424 0.03576728779224367 1.5524735588948966 0.0 -5.6021464963651316e-06 0.003742698886213281 0.0 0.0
0.0 -0.0022124675404443877 0.0 0.49409771461449503 0.0 0.03597621945692804 0.03597621945692249 0.03597621945692249 0.03597621945865939 1.5524735590295702 0.0 -5.609568012754934e-06 0.003742698524475963 0.0 0.0
0.0 -0.002244708563309056 0.0 0.49340632307426635 0.0 0.03618814835579665 0.03618814835579664 0.03618814835594181 0.036188148359606216 1.5524735590305134 0.0 -5.609663653191978e-06 0.00374269852728171 0.0 0.0
0.0 -0.00227746222781321 0.0 0.4927088548375947 0.0 0.03640506836960258 0.0364050683696026 0.03640506836909371 0.03640506837209321 1.5524735590200225 0.0 -5.6097523775989095e-06 0.003742698546509431 0.0 0.0
0.0 -0.0023110273443230694 0.0 0.4920012673719391 0.0 0.036629723970727376 0.036629723970727356 0.036629723970727356 0.03662972397075739 1.5524735593375893 0.0 -5.609097724320071e-06 0.0037426984664948155 0.0 0.0
0.0 -0.002345623366307113 0.0 0.491280530296186 0.0 0.036864109364993514 0.03686410936499352 0.036864109364993514 0.03686410936500045 1.55247355904266 0.0 -5.609622033968015e-06 0.0037426985132702063 0.0 0.0
0.0 -0.0023815250525450154 0.0 0.4905436010684097 0.0 0.037110971349513126 0.037110971349513105 0.03711097134951189 0.03711097134944153 1.5524735588878869 0.0 -5.609607865085598e-06 0.0037426987218914702 0.0 0.0
0.0 -0.002418945950813612 0.0 0.48978844347378253 0.0 0.037372556727225816 0.03737255672722582 0.03737255672677928 0.037372556727236494 1.5524735588948966 0.0 -5.602146496306726e-06 0.003742698886213282 0.0 0.0
0.0 -0.0024581448243427622 0.0 0.48901501124889835 0.0 0.037652365832060254 0.037652365832060254 0.03765236583206025 0.03765236583208367 1.552473558931195 0.0 -5.609539429163237e-06 0.0037426985963378255 0.0 0.0
0.0 -0.0024992751830211434 0.0 0.48822525756746377 0.0 0.03795315279573063 0.03795315279573064 0.037953152796360724 0.03795315279576166 1.5524735590306293 0.0 -5.609602052570172e-06 0.003742698522655117 0.0 0.0
0.0 -0.0025424801304969333 0.0 0.48742313479984 0.0 0.038278173978126336 0.038278173978126336 0.038278173977923775 0.03827817397812718 1.5524735588948966 0.0 -5.602146496343421e-06 0.0037426988862132816 0.0 0.0
0.0 -0.002587826044682371 0.0 0.4866165990837857 0.0 0.038630942803686244 0.038630942803686244 0.03863094280368623 0.03863094280366424 1.5524735589430374 0.0 -5.609721004644423e-06 0.00374269858873253 0.0 0.0
0.0 -0.00263532885038706 0.0 0.4858155924488299 0.0 0.03901497625348707 0.039014976253486475 0.03901497625849613 0.03901497625830416 1.5524735588948966 0.0 -5.602146496307229e-06 0.003742698886213281 0.0 0.0
0.0 -0.0026847436352049636 0.0 0.48503112269584736 0.0 0.03943054156399564 0.03943054156399565 0.03943054156399565 0.03943054156401254 1.5524735590134056 0.0 -5.609538451571572e-06 0.0037426985557047227 0.0 0.0
0.0 -0.002735756348279247 0.0 0.4842761852771806 0.0 0.03987765975427252 0.03987765975427252 0.03987765975427481 0.03987765975427691 1.5524735588948966 0.0 -5.6021464963339345e-06 0.0037426988862132816 0.0 0.0
0.0 -0.0027880965439354426 0.0 0.4835598023336462 0.0 0.04035559511622123 0.04035559511622122 0.04035559511622123 0.04035559511621192 1.5524735590241254 0.0 -5.609698518439928e-06 0.0037426985421831023 0.0 0.0
0.0 -0.0028413583422432363 0.0 0.48289499003022396 0.0 0.04086311764209421 0.0408631176420942 0.04086311764209421 0.04086311764206387 1.5524735586733291 0.0 -5.609494253372218e-06 0.0037426986567102682 0.0 0.0
0.0 -0.0028953610971645355 0.0 0.4822877598552199 0.0 0.041399738870603345 0.04139973887060335 0.041399738868218065 0.04139973886871742 1.552473559017987 0.0 -5.609615197283476e-06 0.00374269855013303 0.0 0.0
0.0 -0.002949735151456363 0.0 0.4817481407968724 0.0 0.041963722612896506 0.041963722612896506 0.04196372261470514 0.041963722612892176 1.552473559030959 0.0 -5.609747797425429e-06 0.0037426985200344036 0.0 0.0
0.0 -0.0030042441123263202 0.0 0.481282153324476 0.0 0.042553828820369316 0.04255382882036931 0.04255382882250559 0.04255382882034753 1.5524735589735823 0.0 -5.609612534565746e-06 0.0037426985770816967 0.0 0.0
0.0 -0.0030586813232267697 0.0 0.480893821139145 0.0 0.04316856400565117 0.04316856400565119 0.04316856400564447 0.0431685640056247 1.5524735590312735 0.0 -5.609786464547749e-06 0.0037426985238640945 0.0 0.0
0.0 -0.0031128271826744982 0.0 0.48058617503697276 0.0 0.043805931812365695 0.043805931812365695 0.04380593181236569 0.043805931812365695 1.5524735587362581 0.0 -5.6097035663748174e-06 0.0037426986399646447 0.0 0.0
0.0 -0.0031665360257312016 0.0 0.4803622308954571 0.0 0.04446493862559947 0.04446493862559947 0.04446493862621079 0.04446493862861763 1.5524735590027516 0.0 -5.609633469062545e-06 0.003742698561040793 0.0 0.0
0.0 -0.0032197085274246885 0.0 0.4802200181299738 0.0 0.04514357941223945 0.045143579412239426 0.04514357941027212 0.045143579416396885 1.552473559031732 0.0 -5.609870414281849e-06 0.0037426985209940097 0.0 0.0
0.0 -0.003272282230355204 0.0 0.4801575584933116 0.0 0.045840350322540344 0.045840350322540344 0.04584035032348864 0.045840350325612074 1.5524735586881564 0.0 -5.609422824433743e-06 0.003742698654927235 0.0 0.0
0.0 -0.003324237502459778 0.0 0.4801718702575902 0.0 0.0465539987686519 0.0465539987686519 0.04655399876943472 0.04655399876867413 1.5524735589667136 0.0 -5.6098574568622746e-06 0.003742698574971763 0.0 0.0
0.0 -0.003375607967184748 0.0 0.4802569738089581 0.0 0.04728301277353789 0.04728301277353783 0.04728301277353607 0.04728301277353609 1.552473559029245 0.0 -5.609878698552661e-06 0.0037426985315846865 0.0 0.0
0.0 -0.0034264938785065814 0.0 0.48040488555782856 0.0 0.04802612778874935 0.04802612778874935 0.048026127788747805 0.04802612778874801 1.5524735580760174 0.0 -5.60949201901637e-06 0.00374269872728172 0.0 0.0
0.0 -0.0034770754222192748 0.0 0.48060661080630157 0.0 0.04878283486823869 0.04878283486823869 0.0487828348682387 0.04878283486826892 1.552473558722421 0.0 -5.609976527680055e-06 0.003742698636056303 0.0 0.0
0.0 -0.003527476633459368 0.0 0.48085316518679877 0.0 0.0495518649872513 0.04955186498725137 0.049551864984174514 0.04955186498417443 1.5524735589598933 0.0 -5.609769679374671e-06 0.0037426985781835146 0.0 0.0
0.0 -0.003577973503467042 0.0 0.48113155272332053 0.0 0.05033269785326487 0.05033269785326486 0.05033269785326544 0.050332697849890286 1.5524735590247303 0.0 -5.609841224649679e-06 0.0037426985387627367 0.0 0.0
