0.0 -0.0026983231697899593 0.0 0.48161615095976573 0.0 0.03848968514534669 0.0384896851464834 0.038489685150113286 0.03848968515794306 1.5524735750900562 0.0 -5.60218787517706e-06 0.0037426988832919305 0.0 0.0
0.0 -0.002687351591849773 0.0 0.4816173897827702 0.0 0.038340383412977734 0.03834038341297774 0.03834038341297661 0.038340383413006496 1.5524735610889207 0.0 -5.6097132426887126e-06 0.0037426983232980754 0.0 0.0
0.0 -0.002675215739976414 0.0 0.4816198593935256 0.0 0.03817560456109018 0.038175604561090176 0.038175604561090176 0.038175604561153056 1.5524735590308698 0.0 -5.60971727076052e-06 0.003742698525486384 0.0 0.0
0.0 -0.0026620177722150645 0.0 0.4816215498639633 0.0 0.037996075874673324 0.03799607587467332 0.03799607587435798 0.03799607587444938 1.5524735590305907 0.0 -5.609717572095785e-06 0.0037426985216286743 0.0 0.0
0.0 -0.0026477885665466623 0.0 0.4816234501973607 0.0 0.03780254514153529 0.037802545141535235 0.03780254514153662 0.03780254514152107 1.5524735590653196 0.0 -5.609717428759284e-06 0.0037426985010658963 0.0 0.0
0.0 -0.0026325465786190567 0.0 0.4816255566549717 0.0 0.03759526291824287 0.03759526291824287 0.03759526291824183 0.037595262918217284 1.5524735594018133 0.0 -5.609716791147928e-06 0.00374269844206159 0.0 0.0
0.0 -0.002616365305425853 0.0 0.48162785422457 0.0 0.037375227397533024 0.037375227397533024 0.03737522739753303 0.03737522739754382 1.5524735590230476 0.0 -5.609721744200585e-06 0.0037426985434393005 0.0 0.0
0.0 -0.002599263343816467 0.0 0.4816303391803261 0.0 0.03714269072802319 0.037142690728023196 0.037142690728023196 0.0371426907279738 1.5524735590309076 0.0 -5.609721718437841e-06 0.0037426985237592547 0.0 0.0
0.0 -0.002581314286933361 0.0 0.48163299652544006 0.0 0.03689865232091798 0.03689865232091798 0.03689865232091592 0.03689865232091567 1.5524735590365577 0.0 -5.609722130724921e-06 0.0037426985152001603 0.0 0.0
0.0 -0.002562536206501831 0.0 0.4816358204059426 0.0 0.03664336218143944 0.036643362181439446 0.03664336218072707 0.03664336218146211 1.5524735588948966 0.0 -5.60214649635479e-06 0.0037426988862132777 0.0 0.0
0.0 -0.0025430040898402504 0.0 0.4816388021841808 0.0 0.03637782427289685 0.03637782427289685 0.03637782427289922 0.03637782427292734 1.5524735609555778 0.0 -5.609722458797817e-06 0.0037426983348230586 0.0 0.0
0.0 -0.002522728795215207 0.0 0.48164292822466115 0.0 0.03610252900526402 0.03610252900526402 0.036102529007678484 0.03610252901410626 1.5524735590308445 0.0 -5.609726800142822e-06 0.0037426985222432404 0.0 0.0
0.0 -0.0025017724436328247 0.0 0.4816471929645494 0.0 0.03581798614162064 0.03581798614162064 0.03581798614117809 0.03581798614326872 1.552473559061886 0.0 -5.609727342739321e-06 0.003742698502716141 0.0 0.0
0.0 -0.0024801900881106565 0.0 0.48165158513699025 0.0 0.035524943364381896 0.035524943364381896 0.03552494336357839 0.035524943365752626 1.552473559799758 0.0 -5.609727137869549e-06 0.0037426984072803674 0.0 0.0
0.0 -0.0024580182140898506 0.0 0.48165609720211744 0.0 0.03522389646569406 0.03522389646569406 0.03522389646576669 0.035223896465685293 1.5524735590306502 0.0 -5.6097323639996925e-06 0.0037426985279685803 0.0 0.0
0.0 -0.0024352883683283833 0.0 0.4816617182507807 0.0 0.03491560156901104 0.03491560156901104 0.03491560156902304 0.03491560156900396 1.552473559034979 0.0 -5.6097334995423886e-06 0.0037426985163820253 0.0 0.0
0.0 -0.0024120797990737357 0.0 0.48166743674473556 0.0 0.03460080653465423 0.03460080653465423 0.03460080653391025 0.034600806534679555 1.5524735594756716 0.0 -5.609733437816008e-06 0.0037426984371489573 0.0 0.0
0.0 -0.002388386307623357 0.0 0.4816742470940532 0.0 0.03427976043777094 0.03427976043777094 0.03427976044241592 0.03427976043777098 1.5524735588948966 0.0 -5.602146496358219e-06 0.0037426988862132816 0.0 0.0
0.0 -0.002364282807482322 0.0 0.4816821406502834 0.0 0.033953466043047664 0.03395346604304768 0.0339534660452234 0.03395346604303427 1.5524735590317706 0.0 -5.609741018037086e-06 0.003742698519212296 0.0 0.0
0.0 -0.0023398107220936387 0.0 0.4816901070602603 0.0 0.03362217163925867 0.03362217163925867 0.033622171640770006 0.033622171639258645 1.5524735594277344 0.0 -5.609741580318115e-06 0.003742698443119953 0.0 0.0
0.0 -0.0023137123397789193 0.0 0.48169939978365844 0.0 0.033269124031925876 0.03326912403192587 0.03326912403192587 0.03326912402853489 1.5524735590299483 0.0 -5.609748025615211e-06 0.003742698530946778 0.0 0.0
0.0 -0.0022848588943542264 0.0 0.48171124398421 0.0 0.032879324872276704 0.03287932487227671 0.032879324872276704 0.03287932487022783 1.552473559043012 0.0 -5.60975063178906e-06 0.0037426985111724447 0.0 0.0
0.0 -0.0022535380708320236 0.0 0.48172359039273743 0.0 0.03245602376288522 0.03245602376288522 0.03245602376288515 0.03245602376060647 1.552473560653134 0.0 -5.609753012139967e-06 0.003742698359384175 0.0 0.0
0.0 -0.0022199772446457764 0.0 0.48173838327564705 0.0 0.03200296509558997 0.03200296509559034 0.03200296509551851 0.03200296509559033 1.5524735590308802 0.0 -5.609760284066464e-06 0.0037426985206970268 0.0 0.0
0.0 -0.002184458676931466 0.0 0.48175456786754883 0.0 0.03152365720594233 0.03152365720594233 0.03152365720596268 0.031523657206663815 1.5524735588948968 0.0 -5.602146496362802e-06 0.003742698886213269 0.0 0.0
0.0 -0.0021472834505557024 0.0 0.48177109395515866 0.0 0.03102184595216111 0.031021845952161106 0.03102184595216107 0.031021845952159552 1.552473559030974 0.0 -5.609771158040602e-06 0.003742698520533554 0.0 0.0
0.0 -0.002108683922803627 0.0 0.4817889009327555 0.0 0.030501033404616802 0.030501033404616726 0.03050103340461673 0.03050103340534692 1.5524735588948968 0.0 -5.602146496365014e-06 0.0037426988862132647 0.0 0.0
0.0 -0.0020689670666079654 0.0 0.4818059420784584 0.0 0.029964716930505796 0.029964716930505796 0.029964716930534846 0.029964716930505796 1.5524735588948966 0.0 -5.602146496366875e-06 0.0037426988862132825 0.0 0.0
0.0 -0.0020283670545832295 0.0 0.4818231652713276 0.0 0.029416404057214064 0.029416404057214064 0.029416404057945936 0.029416404057215767 1.5524735618048862 0.0 -5.609787525271659e-06 0.0037426983168820046 0.0 0.0
0.0 -0.0019871818664529825 0.0 0.4818395075182738 0.0 0.028859827512718483 0.02885982751270531 0.028859827512710264 0.02885982751271047 1.5524735588948966 0.0 -5.602146496369039e-06 0.0037426988862132816 0.0 0.0
0.0 -0.0019456772591186515 0.0 0.48185392630289 0.0 0.028298252418245518 0.028298252418226075 0.028298252418226075 0.028298252418226158 1.5524735588948992 0.0 -5.602146496372789e-06 0.003742698886213208 0.0 0.0
0.0 -0.001904171546200339 0.0 0.4818653613225593 0.0 0.02773567275499021 0.027735672754990216 0.0277356727555538 0.027735672757940238 1.5524735592285674 0.0 -5.6098012189417855e-06 0.0037426984715930238 0.0 0.0
0.0 -0.0018628995332126623 0.0 0.4818747564325816 0.0 0.027175613969164437 0.027175613969164448 0.02717561396987656 0.027175613972424604 1.5524735715704758 0.0 -5.609823767534363e-06 0.0037426980965296003 0.0 0.0
0.0 -0.0018221192201626766 0.0 0.4818810618626468 0.0 0.02662125264719563 0.02662125264719563 0.02662125264778911 0.02662125264719563 1.5524735588948968 0.0 -5.602146496357578e-06 0.0037426988862132764 0.0 0.0
0.0 -0.001782155524830772 0.0 0.48188322234773473 0.0 0.026076660875709225 0.026076660875709264 0.026076660873640866 0.026076660875709225 1.5524735588948966 0.0 -5.6021464963725965e-06 0.003742698886213281 0.0 0.0
0.0 -0.0017432037746674877 0.0 0.48188219298141893 0.0 0.025544819464546675 0.025544819464546672 0.025544819464547636 0.02554481946454763 1.552473560695169 0.0 -5.609809848202232e-06 0.0037426983743860153 0.0 0.0
0.0 -0.0017055996214955806 0.0 0.4818769054525383 0.0 0.02502996772059409 0.025029967720594095 0.02502996772081145 0.025029967729044027 1.552473559031202 0.0 -5.609810951947189e-06 0.003742698519498848 0.0 0.0
0.0 -0.0016695654231689149 0.0 0.48186731700994984 0.0 0.02453511957420007 0.02453511957420007 0.02453511957418298 0.02453511957169723 1.5524735608175562 0.0 -5.609722116629154e-06 0.003742698563670129 0.0 0.0
0.0 -0.0016353466525824535 0.0 0.4818553681922896 0.0 0.024064264327059062 0.024064264327059052 0.02406426432420658 0.024064264326937458 1.5524735590312109 0.0 -5.609806837962578e-06 0.0037426985195577567 0.0 0.0
0.0 -0.0016032077293162263 0.0 0.4818400100594169 0.0 0.023620664221566973 0.023620664221566973 0.023620664222117116 0.023620664221583845 1.5524735601060784 0.0 -5.609801474596427e-06 0.003742698408939719 0.0 0.0
0.0 -0.0015717483450349437 0.0 0.48182152734827166 0.0 0.023185306380108357 0.023185306380108368 0.023185306380112763 0.023185306380086763 1.5524735590313155 0.0 -5.609799443581992e-06 0.0037426985234594533 0.0 0.0
0.0 -0.00153955108631573 0.0 0.4818002086915848 0.0 0.022738944778118105 0.02273894477811811 0.02273894477810461 0.022738944778103128 1.552473559355494 0.0 -5.609792143531088e-06 0.0037426984629503335 0.0 0.0
0.0 -0.00150682010350182 0.0 0.4817760130924123 0.0 0.022284351179441508 0.022284351179441508 0.02228435117942505 0.02228435117942504 1.5524735719916463 0.0 -5.609807602710801e-06 0.00374269813124388 0.0 0.0
0.0 -0.0014736802462301324 0.0 0.48175189941545166 0.0 0.021824206949305213 0.02182420694930521 0.02182420694930521 0.021824206949316187 1.5524735591309071 0.0 -5.609780842741452e-06 0.003742698491602154 0.0 0.0
0.0 -0.0014403538742028474 0.0 0.4817288202133215 0.0 0.02136185753376056 0.021361857533760614 0.02136185753376056 0.021361857533775997 1.5524735685711837 0.0 -5.609789156187317e-06 0.003742698194959195 0.0 0.0
0.0 -0.001406989369214824 0.0 0.4817087339926004 0.0 0.020899975990224043 0.020899975990224046 0.020899975989924578 0.020899975989924584 1.5524735590529064 0.0 -5.60977089054917e-06 0.003742698509477067 0.0 0.0
0.0 -0.0013737944631574469 0.0 0.4816916002510148 0.0 0.02044138117245865 0.020441381172458698 0.020441381171946733 0.02044138117194462 1.5524735656344313 0.0 -5.609774700077316e-06 0.003742698257039505 0.0 0.0
0.0 -0.001340955761487766 0.0 0.4816793681340323 0.0 0.019989269610328896 0.019989269610328878 0.019989269610328902 0.01998926961171913 1.5524735588948966 0.0 -5.60214649636371e-06 0.0037426988862132825 0.0 0.0
0.0 -0.0013086138049905776 0.0 0.48167400755365425 0.0 0.019546190357713187 0.019546190357713142 0.01954619035724747 0.019546190359426393 1.552473562526251 0.0 -5.609765936967056e-06 0.0037426983349931526 0.0 0.0
0.0 -0.0012770280958815281 0.0 0.48167446071031156 0.0 0.019115358920677793 0.0191153589206778 0.01911535892088039 0.019115358920715458 1.5524735588948966 0.0 -5.60214649636384e-06 0.0037426988862132825 0.0 0.0
0.0 -0.001246356199869935 0.0 0.4816826956340712 0.0 0.018699551168889036 0.018699551168889033 0.018699551168467093 0.01869955116888126 1.5524735599333408 0.0 -5.609766783196731e-06 0.0037426984312645007 0.0 0.0
0.0 -0.001216838519402192 0.0 0.4816986575713695 0.0 0.018302045634721816 0.018302045634721816 0.01830204563425744 0.01830204563471349 1.552473579579143 0.0 -5.609811564954799e-06 0.003742698075946684 0.0 0.0
0.0 -0.0011886987248060955 0.0 0.48172030724879505 0.0 0.01792522428001682 0.017925224280016822 0.017925224279799833 0.01792522427980075 1.5524735588948966 0.0 -5.602146496366768e-06 0.003742698886213281 0.0 0.0
0.0 -0.0011621442400718699 0.0 0.4817486076549909 0.0 0.017572215335867482 0.017572215335867482 0.017572215335867482 0.017572215335869355 1.5524735628357333 0.0 -5.609791891773353e-06 0.0037426983361040743 0.0 0.0
0.0 -0.0011374568118276544 0.0 0.4817815024990315 0.0 0.01724620363390048 0.017246203633900486 0.01724620363389906 0.017246203630449354 1.5524735590309484 0.0 -5.609799731190145e-06 0.003742698526699024 0.0 0.0
0.0 -0.0011148463426494295 0.0 0.4818179542471088 0.0 0.016949710197084703 0.01694971019708509 0.016949710196936182 0.016949710194710012 1.5524735588948966 0.0 -5.602146496372571e-06 0.0037426988862132816 0.0 0.0
0.0 -0.001094625124033064 0.0 0.48185491960802024 0.0 0.016685976154704643 0.01668597615470464 0.01668597615470658 0.016685976152312473 1.5524735604802018 0.0 -5.609819933081439e-06 0.003742698410907406 0.0 0.0
0.0 -0.001077019650242534 0.0 0.48189135086489754 0.0 0.016457763109613104 0.016457763109613093 0.016457763109614883 0.016457763107101408 1.55247356993378 0.0 -5.609848343492941e-06 0.0037426982129371276 0.0 0.0
0.0 -0.0010623192907391326 0.0 0.4819242037112929 0.0 0.016268011295568797 0.016268011295568797 0.016268011292173874 0.016268011292172237 1.552473559030912 0.0 -5.609841280569154e-06 0.003742698527252443 0.0 0.0
0.0 -0.0010507552483976698 0.0 0.4819524372757895 0.0 0.016119530583385906 0.01611953058338621 0.01611953057905622 0.01611953057906023 1.5524735590315717 0.0 -5.609848676999519e-06 0.0037426985196367824 0.0 0.0
0.0 -0.0010412153744572634 0.0 0.4819772727321719 0.0 0.0159975490557562 0.015997549055757575 0.01599754905545479 0.015997549055457975 1.552473559031426 0.0 -5.60985533313576e-06 0.0037426985183018355 0.0 0.0
0.0 -0.001032332812484712 0.0 0.48200296981769997 0.0 0.0158848206529453 0.0158848206529453 0.015884820650725964 0.015884820650720097 1.5524735590954233 0.0 -5.609861757115408e-06 0.003742698500077365 0.0 0.0
0.0 -0.0010240283024717733 0.0 0.48203054007014196 0.0 0.015780597442379734 0.015780597442379737 0.015780597439848058 0.01578059743984449 1.5524735595206982 0.0 -5.609868812314877e-06 0.003742698459270977 0.0 0.0
0.0 -0.0010162466690781817 0.0 0.48205999474306027 0.0 0.015684130260241343 0.015684130260241343 0.015684130257567073 0.015684130257560765 1.5524735607913547 0.0 -5.609877992120176e-06 0.0037426984013952482 0.0 0.0
0.0 -0.0010089076718529802 0.0 0.4820923431796782 0.0 0.015594663026480968 0.015594663026481043 0.015594663022503945 0.015594663022839841 1.5524735588948992 0.0 -5.602146496391974e-06 0.0037426988862132283 0.0 0.0
0.0 -0.001002000334276526 0.0 0.4821265990087703 0.0 0.015511703404920398 0.015511703404920387 0.015511703404604367 0.015511703404601597 1.552473559013793 0.0 -5.609898316432884e-06 0.003742698552543629 0.0 0.0
0.0 -0.0009954436584726444 0.0 0.48216376529559296 0.0 0.015434499491528619 0.015434499491528619 0.01543449949153077 0.015434499491527344 1.5524735588948966 0.0 -5.602146496392117e-06 0.003742698886213282 0.0 0.0
0.0 -0.0009891894723436225 0.0 0.48220286517259 0.0 0.015362049499272345 0.015362049499272334 0.015362049498983232 0.015362049498980965 1.5524735590285053 0.0 -5.60991820996468e-06 0.0037426985337517464 0.0 0.0
0.0 -0.000983199868368704 0.0 0.48224389981547644 0.0 0.015293853347487235 0.015293853347487231 0.01529385334722087 0.015293853347217187 1.552473559030932 0.0 -5.609929640224481e-06 0.0037426985273786707 0.0 0.0
0.0 -0.0009774199605642707 0.0 0.4822868825696333 0.0 0.015229160928339303 0.015229160928339286 0.015229160928109426 0.01522916092810812 1.552473559031914 0.0 -5.609941609456076e-06 0.003742698522606708 0.0 0.0
0.0 -0.0009717520316160338 0.0 0.4823328287161111 0.0 0.015166973695742344 0.015166973695742315 0.015166973695592308 0.01516697369557535 1.5524735590321832 0.0 -5.609954383601479e-06 0.003742698519187428 0.0 0.0
0.0 -0.0009661776666301881 0.0 0.48238174200036094 0.0 0.015107041612897191 0.015107041612897146 0.015107041612916504 0.01510704161291799 1.5524735590321772 0.0 -5.6099679422068756e-06 0.0037426985169808926 0.0 0.0
0.0 -0.0009606412556166607 0.0 0.48243363151634894 0.0 0.015048614551952545 0.015048614551951297 0.01504861455195252 0.015048614552077259 1.5524735588948966 0.0 -5.602146496406851e-06 0.0037426988862132816 0.0 0.0
0.0 -0.0009550458101079829 0.0 0.48248951683241226 0.0 0.014990693996196881 0.014990693996194687 0.014990693996194687 0.014990693996192923 1.5524735588948966 0.0 -5.602146496409919e-06 0.0037426988862132816 0.0 0.0
0.0 -0.0009493304467690801 0.0 0.48255040576264624 0.0 0.014932781507291453 0.014932781507291347 0.014932781507093854 0.014932781507092346 1.5524735590501566 0.0 -5.610013937557321e-06 0.003742698507724529 0.0 0.0
0.0 -0.0009434147582108287 0.0 0.48261730332654257 0.0 0.014874128428158414 0.014874128428158528 0.014874128428164766 0.014874128428163049 1.5524735588948966 0.0 -5.602146496362314e-06 0.0037426988862132807 0.0 0.0
0.0 -0.0009372393719689235 0.0 0.48269122594035896 0.0 0.014814237094447954 0.014814237094447952 0.014814237094161017 0.014814237094162385 1.5524735593642462 0.0 -5.609777701559855e-06 0.0037426984743527823 0.0 0.0
0.0 -0.0009306998238021822 0.0 0.48277417902372316 0.0 0.014752360311514567 0.01475236031151457 0.01475236031121546 0.014752360311213908 1.5524735599191977 0.0 -5.609801594241132e-06 0.0037426984414323035 0.0 0.0
0.0 -0.0009237299944001677 0.0 0.4828681690234036 0.0 0.014688251946617594 0.014688251946617596 0.014688251946305974 0.014688251946304643 1.552473561046253 0.0 -5.609829310033711e-06 0.0037426983983751415 0.0 0.0
0.0 -0.0009162081661583906 0.0 0.48297521151243916 0.0 0.01462091584272493 0.014620915842724897 0.01462091584241058 0.014620915842404214 1.5524735631475006 0.0 -5.60986223669687e-06 0.0037426983434403586 0.0 0.0
0.0 -0.0009083046522994528 0.0 0.4830942760748951 0.0 0.014552336617399084 0.014552336617399086 0.014552336617401405 0.014552336617401372 1.55247355900701 0.0 -5.609892722053012e-06 0.003742698558458524 0.0 0.0
0.0 -0.0009002344855150542 0.0 0.4832233265133614 0.0 0.014484781675799814 0.01448478167579983 0.014484781675800687 0.014484781675800931 1.5524735588948966 0.0 -5.602146496395838e-06 0.0037426988862132816 0.0 0.0
0.0 -0.0008920251677195717 0.0 0.4833613692293194 0.0 0.014418281321265275 0.01441828132126523 0.014418281320942883 0.014418281320938428 1.5524735795047706 0.0 -5.610003748731735e-06 0.003742698119042232 0.0 0.0
0.0 -0.0008836838887714604 0.0 0.483509390021785 0.0 0.014353277051380184 0.014353277051380195 0.014353277051055878 0.01435327705105242 1.5524735896532216 0.0 -5.6100687020493075e-06 0.003742698028586868 0.0 0.0
0.0 -0.0008751881844137127 0.0 0.48366739404499914 0.0 0.014289459282322045 0.014289459282322056 0.014289459282324285 0.014289459282324248 1.5524735590301615 0.0 -5.60977463840997e-06 0.0037426985301381513 0.0 0.0
0.0 -0.0008665905580430656 0.0 0.48383437674933993 0.0 0.014227216025894258 0.014227216025894378 0.014227216025893547 0.01422721602589349 1.5524735588948966 0.0 -5.6021464963750274e-06 0.0037426988862132803 0.0 0.0
0.0 -0.0008579244566090685 0.0 0.4840103362976399 0.0 0.014166987534105007 0.014166987534105092 0.014166987534104714 0.014166987534086828 1.5524735590317416 0.0 -5.609869722467581e-06 0.003742698520784861 0.0 0.0
0.0 -0.0008491647437515727 0.0 0.48419626663735893 0.0 0.014108775363144328 0.014108775363144319 0.014108775363157805 0.014108775363143854 1.5524735590319487 0.0 -5.60991910527593e-06 0.0037426985178658934 0.0 0.0
0.0 -0.0008403117777818279 0.0 0.4843921699210609 0.0 0.014052579529511515 0.014052579529511463 0.014052579529501206 0.014052579529501105 1.5524735590321093 0.0 -5.60997417793196e-06 0.0037426985160013662 0.0 0.0
0.0 -0.0008314501381313813 0.0 0.4845960358611241 0.0 0.013998896886389051 0.013998896886389075 0.013998896886473265 0.013998896886471941 1.5524735588948966 0.0 -5.60214649641644e-06 0.0037426988862132816 0.0 0.0
0.0 -0.0008225805570721316 0.0 0.4848078687782259 0.0 0.013947727464139564 0.013947727464139567 0.013947727464137322 0.013947727464140204 1.5524735588948966 0.0 -5.602146496373677e-06 0.003742698886213282 0.0 0.0
0.0 -0.0008137210840411251 0.0 0.4850276627816477 0.0 0.013899321285096284 0.013899321285096286 0.013899321285104703 0.013899321285104694 1.5524735588948966 0.0 -5.6021464963855925e-06 0.003742698886213281 0.0 0.0
0.0 -0.0008048905290796921 0.0 0.4852554162471582 0.0 0.013853928759241602 0.0138539287592416 0.013853928759243364 0.013853928759242148 1.5524735592169372 0.0 -5.609935865694043e-06 0.0037426984849204935 0.0 0.0
0.0 -0.0007961362540592737 0.0 0.4854891243965603 0.0 0.013811546398402283 0.013811546398402279 0.013811546398401413 0.013811546398403934 1.5524735594555066 0.0 -5.610000847446661e-06 0.0037426984647210425 0.0 0.0
0.0 -0.0007874581469498383 0.0 0.48572878709215545 0.0 0.013772172812555113 0.013772172812555114 0.013772172812548184 0.01377217281254827 1.5524735588948968 0.0 -5.602146496423533e-06 0.003742698886213271 0.0 0.0
0.0 -0.0007788945050424356 0.0 0.4859744033632251 0.0 0.013736312842664905 0.013736312842664914 0.0137363128426694 0.013736312842668423 1.552473560375726 0.0 -5.6098615084095396e-06 0.0037426984240262477 0.0 0.0
0.0 -0.0007704735700630464 0.0 0.48622396994562034 0.0 0.013703708506585735 0.013703708506585695 0.013703708506587637 0.013703708506587633 1.5524735610728964 0.0 -5.60992954008399e-06 0.003742698399100279 0.0 0.0
0.0 -0.00076221344205577 0.0 0.48647748304670824 0.0 0.013674605760883857 0.013674605760883854 0.013674605760884431 0.013674605760887453 1.552473558894898 0.0 -5.602146496411954e-06 0.003742698886213246 0.0 0.0
0.0 -0.0007541405508985627 0.0 0.48673394898470873 0.0 0.013649019742608324 0.013649019742608322 0.013649019742609661 0.013649019742604518 1.5524735628168405 0.0 -5.610072198782701e-06 0.003742698351253519 0.0 0.0
0.0 -0.0007463190326448042 0.0 0.4869913566434359 0.0 0.013627180310084565 0.013627180310084561 0.013627180310086714 0.01362718031008451 1.5524735637440403 0.0 -5.609872703392916e-06 0.003742698337102064 0.0 0.0
0.0 -0.0007389605575366674 0.0 0.48724170241618675 0.0 0.013609330189040026 0.013609330189040026 0.013609330189041842 0.013609330189041835 1.5524735646378942 0.0 -5.6099419447746955e-06 0.0037426983181623377 0.0 0.0
0.0 -0.000732256616468915 0.0 0.48747698379986815 0.0 0.013595443871595763 0.013595443871595765 0.01359544387160077 0.013595443871829 1.552473558998631 0.0 -5.610003399344834e-06 0.0037426985633037856 0.0 0.0
0.0 -0.0007261112918241709 0.0 0.48769821628417787 0.0 0.013584546562306208 0.013584546562306222 0.013584546562314493 0.013584546562539372 1.5524735590015244 0.0 -5.610062899147068e-06 0.0037426985606403983 0.0 0.0
0.0 -0.0007204147416370234 0.0 0.4879084079938683 0.0 0.013576131989597943 0.01357613198959793 0.013576131989599172 0.013576131989820878 1.5524735590023304 0.0 -5.609848327771142e-06 0.003742698562750741 0.0 0.0
0.0 -0.0007150591613703053 0.0 0.4881105676557009 0.0 0.013569720601045688 0.013569720601045684 0.013569720601047525 0.013569720601047528 1.5524735670529508 0.0 -5.6099118939276714e-06 0.0037426982794376354 0.0 0.0
0.0 -0.000709975693247151 0.0 0.4883066992205224 0.0 0.013565034796654097 0.013565034796654182 0.013565034796655709 0.013565034796655702 1.5524735673883996 0.0 -5.609966750038604e-06 0.0037426982727335203 0.0 0.0
0.0 -0.0007050788877535553 0.0 0.4884988085642026 0.0 0.013561575776514324 0.013561575776514323 0.013561575776518474 0.013561575776517747 1.5524735588949077 0.0 -5.602146496435773e-06 0.003742698886213176 0.0 0.0
0.0 -0.0007002774033109615 0.0 0.4886909038497698 0.0 0.013559400435848109 0.013559400435848112 0.013559400435849075 0.013559400435853622 1.5524735678088608 0.0 -5.610072499276299e-06 0.0037426982636683407 0.0 0.0
0.0 -0.0006955169266707523 0.0 0.48888497833261535 0.0 0.013558444150879381 0.01355844415087937 0.013558444150880455 0.013558444150880457 1.552473559006048 0.0 -5.609842487091843e-06 0.003742698560058305 0.0 0.0
0.0 -0.0006907111257805101 0.0 0.4890840395284719 0.0 0.013558513218332522 0.013558513218332529 0.013558513218333432 0.013558513218333436 1.5524735590063536 0.0 -5.609896175370343e-06 0.003742698559046533 0.0 0.0
0.0 -0.0006857878158774991 0.0 0.4892910882439497 0.0 0.013559612393487724 0.013559612393487762 0.013559612393489176 0.013559612393489174 1.5524735677801085 0.0 -5.609963889790636e-06 0.0037426982670971496 0.0 0.0
0.0 -0.0006806722248701053 0.0 0.4895091249832895 0.0 0.013561711936532281 0.01356171193653228 0.013561711936533398 0.013561711936533402 1.552473567630257 0.0 -5.6100239692749245e-06 0.003742698267550811 0.0 0.0
0.0 -0.0006753290693485981 0.0 0.4897411430187035 0.0 0.013565317611325123 0.013565317611325125 0.013565317611326198 0.013565317611529211 1.5524735590043743 0.0 -5.609802988657521e-06 0.0037426985619181787 0.0 0.0
0.0 -0.0006696714717186288 0.0 0.4899901476109087 0.0 0.013570233194133051 0.01357023319413305 0.013570233194134747 0.013570233194135549 1.5524735670076353 0.0 -5.60988120063188e-06 0.0037426982811723324 0.0 0.0
0.0 -0.0006636844492701322 0.0 0.4902581312936128 0.0 0.013576913012105556 0.013576913012105587 0.01357691301210768 0.013576913012106829 1.5524735665605875 0.0 -5.609952653973197e-06 0.0037426982856839028 0.0 0.0
0.0 -0.000657277608345064 0.0 0.4905480987396492 0.0 0.013585114454446854 0.013585114454446875 0.013585114454447426 0.013585114454652172 1.5524735590011896 0.0 -5.6100247507014295e-06 0.003742698561284234 0.0 0.0
0.0 -0.0006503762387460554 0.0 0.4908640476369157 0.0 0.013595135118185869 0.013595135118185869 0.013595135118187517 0.01359513511818752 1.5524735654123232 0.0 -5.609844154387918e-06 0.003742698307786012 0.0 0.0
0.0 -0.0006429291389381049 0.0 0.491207978294091 0.0 0.013606937147991546 0.01360693714799156 0.013606937147992257 0.013606937147992213 1.552473564754666 0.0 -5.609935340437935e-06 0.0037426983162333408 0.0 0.0
0.0 -0.000634846015850767 0.0 0.49158289550613343 0.0 0.013620279166681121 0.013620279166681121 0.013620279166681529 0.013620279166681517 1.5524735588963894 0.0 -5.610491433994432e-06 0.0037426985783633325 0.0 0.0
0.0 -0.0006260321875498077 0.0 0.4919928000723249 0.0 0.013635188754192932 0.013635188754192933 0.013635188754193443 0.013635188754379753 1.5524735589868996 0.0 -5.609874343265737e-06 0.003742698572355517 0.0 0.0
0.0 -0.0006153638649082296 0.0 0.49248669547567947 0.0 0.013652490562290712 0.013652490562290759 0.013652490562293635 0.013652490562296383 1.5524735626669037 0.0 -5.610009672820239e-06 0.0037426983560084584 0.0 0.0
0.0 -0.0006018181275088502 0.0 0.4931085865807232 0.0 0.013672739482577414 0.013672739482577414 0.013672739482577296 0.013672739482577302 1.5524735619569316 0.0 -5.610169121686879e-06 0.0037426983697031076 0.0 0.0
0.0 -0.00058540691874592 0.0 0.493856480185432 0.0 0.01369544085926463 0.013695440859264628 0.013695440859264635 0.013695440859264645 1.552473561282118 0.0 -5.61010579871134e-06 0.0037426983891044713 0.0 0.0
0.0 -0.0005661584603639566 0.0 0.4947253937532216 0.0 0.013719336611330974 0.013719336611330967 0.013719336611328594 0.013719336611328596 1.5524735607073352 0.0 -5.610071586247559e-06 0.003742698407595799 0.0 0.0
0.0 -0.0005440472084561052 0.0 0.4957133417008626 0.0 0.013743423412176443 0.013743423412176443 0.013743423412176348 0.013743423412178764 1.5524735602487876 0.0 -5.6100684502349775e-06 0.0037426984242415425 0.0 0.0
0.0 -0.0005191382038553574 0.0 0.496815333825999 0.0 0.013766943118824749 0.01376694311882475 0.013766943118824343 0.013766943118831226 1.552473559900324 0.0 -5.610095257142312e-06 0.003742698438624775 0.0 0.0
0.0 -0.0004914171835034219 0.0 0.498027391457476 0.0 0.013788389076517006 0.013788389076517006 0.01378838907651369 0.013788389076513701 1.5524735596546002 0.0 -5.610149139391221e-06 0.003742698450163674 0.0 0.0
0.0 -0.00046090107031462 0.0 0.49934652496311616 0.0 0.013807006315483874 0.01380700631548387 0.013807006315482916 0.013807006315482906 1.5524735594882084 0.0 -5.610225141700417e-06 0.003742698459016294 0.0 0.0
0.0 -0.0004276304200604641 0.0 0.5007687420599506 0.0 0.01382203758050376 0.013822037580503764 0.013822037580496122 0.013822037580533747 1.5524735588948966 0.0 -5.602146496477579e-06 0.0037426988862132764 0.0 0.0
0.0 -0.0003916715466502615 0.0 0.5022890595271609 0.0 0.01383272677368302 0.013832726773683022 0.013832726773684476 0.013832726773684413 1.5524735593156485 0.0 -5.61021387979908e-06 0.003742698471584252 0.0 0.0
0.0 -0.0003530825719345337 0.0 0.5039034768232565 0.0 0.013838565324608794 0.01383856532460879 0.013838565324607009 0.013838565324577872 1.5524735592856047 0.0 -5.610341627817908e-06 0.0037426984728700474 0.0 0.0
0.0 -0.0003118992625716163 0.0 0.5056090027838627 0.0 0.013839049020843468 0.013839049020843385 0.013839049020864276 0.013839049020841392 1.5524735592822667 0.0 -5.61028549955318e-06 0.00374269847360965 0.0 0.0
0.0 -0.0002682475091467764 0.0 0.5073996393380715 0.0 0.013833917958574467 0.013833917958574464 0.013833917958571059 0.013833917958571055 1.5524735592725678 0.0 -5.609788773022124e-06 0.003742698481752021 0.0 0.0
0.0 -0.00022223642570812165 0.0 0.509272378550286 0.0 0.013823668159735352 0.013823668159735354 0.01382366815973251 0.013823668159769077 1.5524735593688475 0.0 -5.610404057507243e-06 0.0037426984658892742 0.0 0.0
0.0 -0.00017398618869751158 0.0 0.511222218565807 0.0 0.013808290883304127 0.01380829088330413 0.013808290883300874 0.01380829088330079 1.552473559475729 0.0 -5.610397517412917e-06 0.0037426984583974333 0.0 0.0
0.0 -0.00012360584073067436 0.0 0.5132461511405096 0.0 0.013788281687951662 0.013788281687951822 0.013788281687947943 0.013788281687947941 1.5524735596521186 0.0 -5.610401895630079e-06 0.003742698447762407 0.0 0.0
0.0 -7.128933234841398e-05 0.0 0.5153391598388803 0.0 0.013764632759804378 0.01376463275980438 0.013764632759799986 0.013764632759800074 1.5524735599250343 0.0 -5.610415812997799e-06 0.0037426984339485746 0.0 0.0
0.0 -1.7140028471387745e-05 0.0 0.5174992328313477 0.0 0.013738091077434877 0.013738091077434882 0.013738091077429753 0.01373809107742984 1.55247356033152 0.0 -5.610436694650624e-06 0.0037426984169168977 0.0 0.0
0.0 3.857446171147887e-05 0.0 0.5197213386765809 0.0 0.013710648953634458 0.013710648953634464 0.013710648953626165 0.013710648953628666 1.5524735608861944 0.0 -5.61045976463936e-06 0.003742698397725488 0.0 0.0
0.0 9.568425213725029e-05 0.0 0.5220014615079875 0.0 0.013683300133417736 0.01368330013341774 0.013683300133386174 0.01368330013338617 1.552473561593205 0.0 -5.6103704067803165e-06 0.0037426983766808792 0.0 0.0
0.0 0.00016470114703058558 0.0 0.5247667727417238 0.0 0.013653479117372988 0.013653479117372986 0.013653479117408125 0.013653479117365913 1.5524735625947168 0.0 -5.610466727031408e-06 0.0037426983518796223 0.0 0.0
0.0 0.00025441575172420797 0.0 0.5283774008119934 0.0 0.013620003423101714 0.01362000342310171 0.01362000342302626 0.013620003423022064 1.5524735588949004 0.0 -5.60214649654606e-06 0.0037426988862132157 0.0 0.0
0.0 0.00036207007887400334 0.0 0.5327332490694906 0.0 0.01358747925038574 0.013587479250385745 0.01358747925038949 0.013587479250189128 1.5524735589990895 0.0 -5.6102297980010715e-06 0.0037426985649829246 0.0 0.0
0.0 0.000484862153731884 0.0 0.5377322162939536 0.0 0.013560486888393036 0.01356048688839304 0.013560486888397026 0.013560486888397017 1.5524735590049947 0.0 -5.610214179763831e-06 0.0037426985608755943 0.0 0.0
0.0 0.0006201166920785003 0.0 0.543272225255558 0.0 0.013541863169436334 0.013541863169436343 0.01354186316944376 0.01354186316915304 1.552473559007452 0.0 -5.609938446635783e-06 0.0037426985616418563 0.0 0.0
0.0 0.000765212499322068 0.0 0.5492512112447305 0.0 0.013533715852807684 0.013533715852807682 0.013533715852796772 0.01353371585279697 1.5524735697505325 0.0 -5.609140309457283e-06 0.003742698267718079 0.0 0.0
0.0 0.0009176070143568014 0.0 0.5555671323152228 0.0 0.013537089001125052 0.013537089001124844 0.013537089001110229 0.013537089001110433 1.5524735694395868 0.0 -5.608714856210513e-06 0.0037426982785718488 0.0 0.0
0.0 0.001074888819137051 0.0 0.562118966290049 0.0 0.013551572435226467 0.013551572435225739 0.013551572435237979 0.013551572435237977 1.5524735590028915 0.0 -5.609133195337728e-06 0.0037426985712359284 0.0 0.0
0.0 0.0012346630552557826 0.0 0.5688026902137006 0.0 0.01357553929911944 0.013575539299119447 0.013575539299133483 0.0135755392986718 1.5524735589953698 0.0 -5.608203081211818e-06 0.0037426985822801764 0.0 0.0
0.0 0.001394655614804677 0.0 0.5755183329639243 0.0 0.013607058670729033 0.013607058670729063 0.01360705867074124 0.013607058670741225 1.5524735588948966 0.0 -5.602146496463924e-06 0.003742698886213282 0.0 0.0
0.0 0.0015526122365295807 0.0 0.5821638582728799 0.0 0.013643224040687355 0.013643224040687348 0.013643224040821229 0.01364322404066992 1.5524735629089008 0.0 -5.608856417512419e-06 0.003742698378040684 0.0 0.0
0.0 0.0017062666036734158 0.0 0.5886373056001204 0.0 0.01368135375992473 0.01368135375992473 0.013681353759911318 0.013681353759911325 1.5524735615771 0.0 -5.6081210394165855e-06 0.003742698417106641 0.0 0.0
0.0 0.001853384769625774 0.0 0.5948366971054729 0.0 0.013718294780527948 0.013718294780527947 0.013718294780510345 0.013718294780510351 1.5524735606465225 0.0 -5.60907685746647e-06 0.003742698432282636 0.0 0.0
0.0 0.0019916654327314415 0.0 0.6006610118951619 0.0 0.013752134738877823 0.01375213473887782 0.013752134738865161 0.01375213473886515 1.5524735600454176 0.0 -5.609199809536477e-06 0.0037426984524883775 0.0 0.0
0.0 0.002118783888182139 0.0 0.6060082556177021 0.0 0.013780959632244648 0.013780959632244648 0.013780959632227273 0.013780959632227275 1.552473559683301 0.0 -5.609726318359006e-06 0.0037426984622935364 0.0 0.0
0.0 0.0022323470619014336 0.0 0.6107774007964699 0.0 0.013804107255348967 0.013804107255348965 0.013804107255331951 0.013804107255331946 1.5524735594719823 0.0 -5.609854311299051e-06 0.003742698472543102 0.0 0.0
0.0 0.0023298956017179435 0.0 0.6148654265870975 0.0 0.01382116229212118 0.013821162292121178 0.01382116229210371 0.013821162292103716 1.5524735593540115 0.0 -5.6102672925536595e-06 0.0037426984738140605 0.0 0.0
0.0 0.002408950036267496 0.0 0.618172284973387 0.0 0.013832964458781584 0.013832964458781584 0.013832964458694712 0.013832964458763836 1.5524735592877854 0.0 -5.610405374239339e-06 0.00374269847556888 0.0 0.0
0.0 0.0024669531999670273 0.0 0.6205939358226968 0.0 0.013840097060405806 0.013840097060405811 0.013840097060332212 0.013840097060387814 1.5524735592530488 0.0 -5.610431082551053e-06 0.003742698476754513 0.0 0.0
0.0 0.0025014073062942497 0.0 0.6220303319256563 0.0 0.013843649903954747 0.013843649903954744 0.013843649903936545 0.013843649903936538 1.5524735592356342 0.0 -5.610219775880744e-06 0.0037426984782727045 0.0 0.0
0.0 0.0025228535798867582 0.0 0.6229235822243906 0.0 0.01384558192772097 0.013845581927720974 0.013845581927702796 0.013845581927695465 1.5524735592272345 0.0 -5.610195450677489e-06 0.00374269847935001 0.0 0.0
0.0 0.0025435059644387486 0.0 0.6237838229871088 0.0 0.013847461035427973 0.013847461035428124 0.013847461035409847 0.013847461035409847 1.5524735592192447 0.0 -5.610162171751487e-06 0.003742698480535019 0.0 0.0
0.0 0.0025633347609074187 0.0 0.6246090573830437 0.0 0.013849033984082814 0.013849033984082956 0.013849033984072874 0.013849033984064885 1.5524735592126016 0.0 -5.610118523503128e-06 0.0037426984817843273 0.0 0.0
0.0 0.0025822974974605115 0.0 0.6253982813748227 0.0 0.013850549205816031 0.013850549205816033 0.013850549205790383 0.01385054920579807 1.5524735592062513 0.0 -5.610063229992499e-06 0.0037426984832572446 0.0 0.0
0.0 0.0026003885323804166 0.0 0.6261504986372814 0.0 0.013851755063439716 0.013851755063439719 0.01385175506342921 0.01385175506342921 1.5524735592030288 0.0 -5.610247862851224e-06 0.0037426984812637316 0.0 0.0
0.0 0.002617565391333714 0.0 0.6268647047209437 0.0 0.013852899984668475 0.013852899984668477 0.01385289998465813 0.013852899984658138 1.5524735591982788 0.0 -5.610183058280904e-06 0.0037426984824292285 0.0 0.0
0.0 0.0026337559042406695 0.0 0.6275378989469255 0.0 0.013853979161194787 0.013853979161194786 0.01385397916117671 0.013853979161176713 1.552473559193706 0.0 -5.610101328554253e-06 0.0037426984839865935 0.0 0.0
0.0 0.0026489789927252524 0.0 0.6281700829388225 0.0 0.013854742237320165 0.013854742237319955 0.01385474223731273 0.013854742237312718 1.5524735588948966 0.0 -5.602146496411994e-06 0.003742698886213279 0.0 0.0
0.0 0.002663172249813828 0.0 0.6287602555430066 0.0 0.013855688642396018 0.01385568864239633 0.013855688642377984 0.013855688642377984 1.552473559187978 0.0 -5.610158432615045e-06 0.0037426984838295294 0.0 0.0
0.0 0.0026763018525371865 0.0 0.6293054165313516 0.0 0.013856312530680865 0.013856312530680865 0.01385631253066272 0.013856312530662726 1.5524735591848682 0.0 -5.610039674357328e-06 0.003742698485893471 0.0 0.0
0.0 0.002688349390623198 0.0 0.6298055624666024 0.0 0.013856863955831421 0.013856863955831423 0.013856863955800122 0.013856863955800115 1.5524735588948966 0.0 -5.602146496445828e-06 0.0037426988862132794 0.0 0.0
0.0 0.002699222746493357 0.0 0.6302576951154183 0.0 0.013857589057938836 0.013857589057938678 0.013857589057920698 0.013857589057920843 1.55247355918035 0.0 -5.6100269166729875e-06 0.0037426984865996864 0.0 0.0
0.0 0.002708984337787119 0.0 0.6306628158816581 0.0 0.013857988453570806 0.013857988453570799 0.013857988453552756 0.01385798845355293 1.5524735591797905 0.0 -5.6101348410510265e-06 0.003742698485033884 0.0 0.0
0.0 0.002717524654415006 0.0 0.6310179182555707 0.0 0.013858557706479998 0.01385855770648 0.01385855770646242 0.013858557706462169 1.5524735591765069 0.0 -5.609963113314544e-06 0.0037426984882239695 0.0 0.0
0.0 0.0027248805217809434 0.0 0.6313230100956849 0.0 0.01385879674860471 0.013858796748604558 0.013858796748586505 0.01385879674858649 1.5524735591763867 0.0 -5.6100453953031125e-06 0.0037426984867344774 0.0 0.0
0.0 0.002730942942557599 0.0 0.631575082907843 0.0 0.013859200839618715 0.013859200839618552 0.013859200839591907 0.01385920083960039 1.5524735591755514 0.0 -5.610112739220027e-06 0.003742698485810529 0.0 0.0
0.0 0.0027357252032869563 0.0 0.631773141592007 0.0 0.01385926801311192 0.013859268013111695 0.013859268013092953 0.013859268013092948 1.5524735588948966 0.0 -5.602146496391415e-06 0.0037426988862132794 0.0 0.0
0.0 0.0027391889313666154 0.0 0.6319171852992521 0.0 0.013859499210487273 0.01385949921048728 0.0138594992104695 0.013859499210460945 1.5524735591731047 0.0 -5.60993703522172e-06 0.0037426984891552775 0.0 0.0
0.0 0.0027412819089010286 0.0 0.6320042104149606 0.0 0.013859638718029643 0.013859638718029638 0.013859638718011442 0.013859638718011633 1.5524735591728618 0.0 -5.609959994266881e-06 0.0037426984886963833 0.0 0.0
0.0 0.002741979568201295 0.0 0.6320332187858408 0.0 0.013859685220623915 0.013859685220623917 0.013859685220606007 0.013859685220605902 1.5524735591727803 0.0 -5.609967525077274e-06 0.0037426984885490515 0.0 0.0
