0.0 -0.0008658585658497217 0.0 0.48202091989207757 0.0 0.013619206145731977 0.013619206146605558 0.013619206187821389 0.01361920618066342 1.552473560465369 0.0 -5.602150688653408e-06 0.0037426988862076334 0.0 0.0
0.0 -0.0008636210177716775 0.0 0.4821139467087952 0.0 0.013619352220083382 0.013619352220083402 0.01361935222008586 0.013619352220084173 1.5524735588948966 0.0 -5.602146496390397e-06 0.003742698886213282 0.0 0.0
0.0 -0.000859983847480501 0.0 0.4822659890693053 0.0 0.013619855925708932 0.013619855925708895 0.013619855925710685 0.013619855925712751 1.5524735641118776 0.0 -5.609944392534681e-06 0.0037426983278596895 0.0 0.0
0.0 -0.0008549547735491876 0.0 0.4824750471837159 0.0 0.013620181137074173 0.013620181137074177 0.013620181137076876 0.013620181137076857 1.5524735588948966 0.0 -5.602146496410124e-06 0.003742698886213282 0.0 0.0
0.0 -0.000848599132076617 0.0 0.48274012225064045 0.0 0.013620865959342223 0.01362086595934222 0.013620865959344242 0.013620865959344291 1.5524735640695309 0.0 -5.610073675379906e-06 0.003742698325429943 0.0 0.0
0.0 -0.0008409478247158765 0.0 0.4830582117511405 0.0 0.0136213660407666 0.013621366040766606 0.01362136604076733 0.013621366040765208 1.5524735588948966 0.0 -5.602146496387555e-06 0.003742698886213282 0.0 0.0
0.0 -0.0008320894781459956 0.0 0.48342731668485706 0.0 0.013622207730159036 0.013622207730159036 0.01362220773016079 0.013622207730432143 1.5524735589914698 0.0 -5.6099871974381554e-06 0.003742698568136686 0.0 0.0
0.0 -0.0008220286525524944 0.0 0.4838464340800993 0.0 0.01362313933614674 0.013623139336146745 0.013623139336148463 0.013623139336142188 1.5524735639581178 0.0 -5.610101717096885e-06 0.003742698326952875 0.0 0.0
0.0 -0.0008108363891916551 0.0 0.4843125647733214 0.0 0.013624136512388092 0.013624136512388092 0.013624136512390321 0.013624136512387001 1.5524735638998235 0.0 -5.609958418740211e-06 0.003742698331552937 0.0 0.0
0.0 -0.0007985424008209957 0.0 0.48482371216898484 0.0 0.013624946340581036 0.013624946340581047 0.013624946340580923 0.013624946340823122 1.552473559077143 0.0 -5.609649027064656e-06 0.0037426985679328926 0.0 0.0
0.0 -0.0007852097863143843 0.0 0.48537886879530084 0.0 0.013626095743158042 0.013626095743158002 0.01362609574315997 0.013626095743160005 1.5524735638054943 0.0 -5.6099774234008766e-06 0.0037426983328939572 0.0 0.0
0.0 -0.0007708900878835996 0.0 0.4859750372198961 0.0 0.013627301398172812 0.01362730139817281 0.013627301398176118 0.013627301398168342 1.552473563757603 0.0 -5.610135228475535e-06 0.0037426983301841383 0.0 0.0
0.0 -0.000755632152911688 0.0 0.48661021673512955 0.0 0.013628569556826212 0.013628569556826209 0.013628569556827706 0.013628569556823879 1.5524735636911147 0.0 -5.6100410673241244e-06 0.0037426983335817343 0.0 0.0
0.0 -0.0007394416294634714 0.0 0.48728341097529343 0.0 0.013629648631478074 0.01362964863147808 0.013629648631479828 0.013629648631479863 1.5524735636343538 0.0 -5.609951713027376e-06 0.0037426983369501813 0.0 0.0
0.0 -0.0007224091081597862 0.0 0.4879916155018294 0.0 0.013630783857442309 0.01363078385744231 0.013630783857440997 0.013630783857440947 1.5524735635925948 0.0 -5.61014031121475e-06 0.0037426983333868078 0.0 0.0
0.0 -0.0007045826931194711 0.0 0.48873282938641305 0.0 0.013631971967160598 0.013631971967160593 0.013631971967161594 0.013631971967161592 1.552473563532955 0.0 -5.6100746070693514e-06 0.0037426983359871335 0.0 0.0
0.0 -0.0006859680330182116 0.0 0.4895060562617229 0.0 0.01363296137171651 0.013632961371716512 0.013632961371717624 0.013632961371720495 1.5524735634831295 0.0 -5.610014495708272e-06 0.0037426983384022073 0.0 0.0
0.0 -0.0006666372998121574 0.0 0.49030829526182096 0.0 0.01363374726052158 0.013633747260521583 0.013633747260522822 0.01363374726052056 1.552473563443081 0.0 -5.609960374827169e-06 0.0037426983405784067 0.0 0.0
0.0 -0.0006466570257403875 0.0 0.49113754223758027 0.0 0.01363457647173887 0.01363457647173887 0.013634576471739041 0.013634576471739025 1.5524735634177134 0.0 -5.610177612825918e-06 0.0037426983362392353 0.0 0.0
0.0 -0.0006260328463685157 0.0 0.4919928002990134 0.0 0.013635197327127395 0.013635197327127395 0.01363519732712756 0.013635197327119356 1.5524735633862348 0.0 -5.610142761537423e-06 0.0037426983375528937 0.0 0.0
0.0 -0.0005988272629499764 0.0 0.4931201420674836 0.0 0.013635745822739484 0.01363574582273957 0.013635745822742474 0.013635745822738196 1.5524735588948995 0.0 -5.602146496450193e-06 0.0037426988862132274 0.0 0.0
0.0 -0.0005597011128274195 0.0 0.49473865284522245 0.0 0.013635598425486202 0.0136355984254862 0.013635598425485193 0.01363559842550446 1.552473563373599 0.0 -5.61031191306914e-06 0.003742698335092321 0.0 0.0
0.0 -0.0005097339438477573 0.0 0.4968033124448538 0.0 0.013634657572121596 0.01363465757212165 0.01363465757215885 0.013634657572117934 1.5524735634113016 0.0 -5.610325671432349e-06 0.0037426983341452944 0.0 0.0
0.0 -0.0004499300452716563 0.0 0.49927012180853986 0.0 0.013632111153635421 0.01363211115363543 0.01363211115363333 0.01363211115363319 1.5524735635257538 0.0 -5.61040675810663e-06 0.0037426983311801723 0.0 0.0
0.0 -0.0003813295255568016 0.0 0.5020950717331832 0.0 0.013627638612324786 0.013627638612324874 0.01362763861227338 0.013627638612273384 1.5524735637350509 0.0 -5.610488981763523e-06 0.0037426983277840933 0.0 0.0
0.0 -0.0003050563111435133 0.0 0.5052321436298557 0.0 0.01362140643776753 0.013621406437767544 0.013621406437757232 0.013621406437761562 1.5524735588948986 0.0 -5.602146496464613e-06 0.0037426988862132317 0.0 0.0
0.0 -0.00022221393963001612 0.0 0.5086363262474533 0.0 0.01361361124555101 0.013613611245551008 0.013613611245553586 0.013613611245553568 1.5524735589943464 0.0 -5.610483270665953e-06 0.0037426985642660393 0.0 0.0
0.0 -0.00013384782142847933 0.0 0.5122655951194823 0.0 0.013604676681318215 0.013604676681318217 0.013604676681319055 0.013604676681328509 1.5524735589969443 0.0 -5.61048952797692e-06 0.0037426985619725913 0.0 0.0
0.0 -4.114524282793793e-05 0.0 0.5160729254001883 0.0 0.013595289936220499 0.013595289936220504 0.013595289936214028 0.013595289936214021 1.5524735654066077 0.0 -5.610435939366673e-06 0.0037426983016748184 0.0 0.0
0.0 5.475172957750393e-05 0.0 0.5200152842231927 0.0 0.013586844777618104 0.013586844777618099 0.013586844777620542 0.013586844777547869 1.5524735590005732 0.0 -5.6104345680160756e-06 0.003742698561189668 0.0 0.0
0.0 0.0001526787448058909 0.0 0.5240466453992991 0.0 0.01358005510004753 0.013580055100047528 0.013580055100038518 0.013580055100038516 1.5524735588949046 0.0 -5.6021464965707226e-06 0.003742698886213186 0.0 0.0
0.0 0.0002514526932294186 0.0 0.5281239691256597 0.0 0.01357685430103672 0.013576854301036723 0.01357685430102793 0.013576854301106485 1.552473566516177 0.0 -5.610411445460773e-06 0.0037426982844244905 0.0 0.0
0.0 0.00034995756323834835 0.0 0.5322022321680643 0.0 0.013577640955382964 0.013577640955382959 0.013577640955373407 0.013577640955373522 1.5524735664517937 0.0 -5.6103884906222084e-06 0.0037426982862433997 0.0 0.0
0.0 0.0004469998907092646 0.0 0.5362363999507065 0.0 0.013583843445776785 0.013583843445776782 0.013583843445779292 0.013583843445777613 1.5524735588538099 0.0 -5.610262940447514e-06 0.0037426987635415386 0.0 0.0
0.0 0.0005414400201016285 0.0 0.5401814483659169 0.0 0.013596168788775016 0.01359616878877502 0.013596168788763185 0.013596168788763026 1.5524735588949024 0.0 -5.602146496567004e-06 0.0037426988862131996 0.0 0.0
0.0 0.0006322186002681845 0.0 0.5439933658328613 0.0 0.013614541993270281 0.01361454199327029 0.013614541993333038 0.013614541993256388 1.552473564277424 0.0 -5.6104043094101655e-06 0.0037426983226236214 0.0 0.0
0.0 0.0007182375561142403 0.0 0.5476271341773362 0.0 0.013639118252398039 0.013639118252398039 0.013639118252452936 0.01363911825238642 1.5524735631294717 0.0 -5.610449533896797e-06 0.003742698343526169 0.0 0.0
0.0 0.0007984690253732604 0.0 0.5510377500081468 0.0 0.013669082025505703 0.013669082025505699 0.013669082025492947 0.013669082025493084 1.552473558894898 0.0 -5.602146496516616e-06 0.0037426988862132487 0.0 0.0
0.0 0.0008719440587401224 0.0 0.5541812245252788 0.0 0.013703130235594888 0.01370313023559499 0.013703130235636027 0.01370313023558288 1.552473561025647 0.0 -5.610468136626369e-06 0.0037426983949553874 0.0 0.0
0.0 0.0009376874105907644 0.0 0.5570115657420661 0.0 0.013739421591249855 0.013739421591249858 0.013739421591240898 0.013739421591240893 1.5524735602761044 0.0 -5.610466982551961e-06 0.0037426984203528823 0.0 0.0
0.0 0.0009991205149134418 0.0 0.5596718108247077 0.0 0.013778439826648352 0.013778439826648354 0.013778439826635654 0.013778439826693318 1.5524735588948968 0.0 -5.602146496519163e-06 0.003742698886213272 0.0 0.0
0.0 0.001060198596481167 0.0 0.5623280065065711 0.0 0.013820955190969266 0.013820955190969268 0.013820955190957848 0.013820955190994126 1.552473559184189 0.0 -5.610328345567771e-06 0.003742698670525815 0.0 0.0
0.0 0.0011208892192764684 0.0 0.5649741665917491 0.0 0.01386545379688493 0.013865453796884765 0.013865453796786413 0.013865453796862923 1.552473559189725 0.0 -5.610000389638404e-06 0.0037426984927197964 0.0 0.0
0.0 0.0011811892488325488 0.0 0.5676033263646965 0.0 0.01390967550401978 0.01390967550401978 0.013909675504011851 0.013909675504087147 1.5524735590744045 0.0 -5.610449195347946e-06 0.0037426984986530763 0.0 0.0
0.0 0.0012410521109555686 0.0 0.5702104982833941 0.0 0.013952611725291728 0.013952611725291731 0.013952611725288283 0.013952611725432646 1.5524735590412768 0.0 -5.610413132868189e-06 0.0037426985069720794 0.0 0.0
0.0 0.001300456699926139 0.0 0.5727887101514288 0.0 0.013992251001973275 0.01399225100197326 0.013992251001991656 0.013992251001991654 1.5524735590331755 0.0 -5.610457127760675e-06 0.003742698511626356 0.0 0.0
0.0 0.0013593086811819087 0.0 0.575330973540397 0.0 0.014027581907755604 0.01402758190775565 0.014027581910896075 0.014027581911831864 1.5524735588948966 0.0 -5.602146496508403e-06 0.0037426988862132816 0.0 0.0
0.0 0.0014175730160571364 0.0 0.5778313150583612 0.0 0.014057094630749637 0.014057094630749657 0.01405709463236768 0.014057094632364826 1.552473559033232 0.0 -5.610456313858236e-06 0.003742698512124481 0.0 0.0
0.0 0.001475198625246429 0.0 0.5802837459178766 0.0 0.014079529312114574 0.014079529312170103 0.014079529312188947 0.01407952931218896 1.5524735590335015 0.0 -5.610422465759433e-06 0.0037426985116056606 0.0 0.0
0.0 0.0015320110604213446 0.0 0.5826802688285546 0.0 0.014094623100241444 0.014094623100241437 0.014094623099697291 0.014094623100311577 1.552473559033381 0.0 -5.6104505545786945e-06 0.0037426985124615875 0.0 0.0
0.0 0.0015879340083920451 0.0 0.5850139013982432 0.0 0.014101114582700249 0.014101114582700301 0.014101114582806981 0.014101114582744417 1.5524735590335874 0.0 -5.61039066214621e-06 0.0037426985119269314 0.0 0.0
0.0 0.001642804701082678 0.0 0.587278637408524 0.0 0.014099244175737978 0.014099244175737909 0.014099244175791162 0.014099244175793075 1.552473559033544 0.0 -5.6104221201858605e-06 0.0037426985120347445 0.0 0.0
0.0 0.0016964859295866734 0.0 0.5894664860897615 0.0 0.014088248938025563 0.014088248938025556 0.014088248938103046 0.014088248938103017 1.5524735590334624 0.0 -5.610437619506288e-06 0.0037426985120392977 0.0 0.0
0.0 0.0017487299916775464 0.0 0.59156943391966 0.0 0.014068866154299007 0.014068866154298957 0.01406886615442924 0.014068866154429259 1.5524735590333765 0.0 -5.610443136271935e-06 0.003742698511903967 0.0 0.0
0.0 0.0017993925464708615 0.0 0.5935814794261071 0.0 0.01404108620380225 0.014041086203802216 0.014041086203633141 0.014041086203633217 1.5524735590334522 0.0 -5.610323474929455e-06 0.003742698511202276 0.0 0.0
0.0 0.0018482074705970448 0.0 0.5954946048053318 0.0 0.014005896408227227 0.014005896408227234 0.014005896408394522 0.014005896408394532 1.5524735590334138 0.0 -5.610307864642398e-06 0.003742698511437596 0.0 0.0
0.0 0.0018949751763647725 0.0 0.5973027972079166 0.0 0.013964037267088248 0.01396403726708825 0.013964037267089011 0.013964037267089778 1.5524735590371819 0.0 -5.610423673227261e-06 0.0037426985088098636 0.0 0.0
0.0 0.0019394111295466532 0.0 0.5989980358706594 0.0 0.013916746179274938 0.013916746179274936 0.013916746179264448 0.013916746179264463 1.552473559064906 0.0 -5.610390070512263e-06 0.0037426985003701316 0.0 0.0
0.0 0.001981260486968934 0.0 0.6005742963384346 0.0 0.013865513837060773 0.013865513837060486 0.013865513837045582 0.013865513837045573 1.5524735591611103 0.0 -5.610323722078151e-06 0.0037426984854079604 0.0 0.0
0.0 0.0020202632432407466 0.0 0.6020245555061158 0.0 0.013811578623716689 0.013811578623716687 0.01381157862368061 0.013811578623698645 1.5524735588948966 0.0 -5.602146496453891e-06 0.003742698886213277 0.0 0.0
0.0 0.002056017833230524 0.0 0.6033397780687189 0.0 0.013757427193473419 0.01375742719347342 0.01375742719343145 0.013757427193431442 1.5524735588948968 0.0 -5.602146496469139e-06 0.003742698886213269 0.0 0.0
0.0 0.0020884899357194757 0.0 0.6045269247136198 0.0 0.013705823327320265 0.01370582332732025 0.013705823327275034 0.01370582332727481 1.5524735603532207 0.0 -5.609858433421616e-06 0.003742698419281683 0.0 0.0
0.0 0.0021179604994505663 0.0 0.605602969624154 0.0 0.013658543610111259 0.013658543610111259 0.013658543610092132 0.013658543610092121 1.5524735622396224 0.0 -5.61011201450288e-06 0.0037426983633442146 0.0 0.0
0.0 0.0021448014346464156 0.0 0.6065849124494677 0.0 0.013616113477262841 0.013616113477262846 0.013616113477243227 0.013616113477243225 1.5524735639943577 0.0 -5.610111159636016e-06 0.003742698325575147 0.0 0.0
0.0 0.002169374973441279 0.0 0.6074877551624246 0.0 0.01357854429139366 0.013578544291393645 0.013578544291378097 0.013578544291378078 1.5524735588948966 0.0 -5.602146496427544e-06 0.003742698886213282 0.0 0.0
0.0 0.0021921054824101545 0.0 0.6083285134456946 0.0 0.013545636076608511 0.013545636076608499 0.01354563607659534 0.01354563607599367 1.5524735590096401 0.0 -5.610283119086195e-06 0.003742698552562495 0.0 0.0
0.0 0.0022133729271285457 0.0 0.6091221883806911 0.0 0.013517171024310536 0.013517171024310529 0.01351717102429124 0.01351717102429124 1.5524735682328088 0.0 -5.6097877853676e-06 0.0037426982584355707 0.0 0.0
0.0 0.0022335974050990185 0.0 0.6098837954489595 0.0 0.013492369596394806 0.013492369596394802 0.013492369596372754 0.01349236959637276 1.5524735588949268 0.0 -5.602146496518733e-06 0.0037426988862131047 0.0 0.0
0.0 0.0022532010172061 0.0 0.6106303503346674 0.0 0.013471062441934255 0.013471062441934243 0.013471062441921616 0.013471062441402695 1.5524735590207333 0.0 -5.610121254513112e-06 0.0037426985432760644 0.0 0.0
0.0 0.002272547692095739 0.0 0.6113768482941507 0.0 0.013453255822352824 0.013453255822352813 0.013453255822340549 0.01345325582233772 1.5524735588949494 0.0 -5.602146496549343e-06 0.0037426988862130496 0.0 0.0
0.0 0.0022919969773867186 0.0 0.6121383003482554 0.0 0.013438973780579325 0.013438973780579318 0.013438973780556487 0.013438973780570986 1.5524735588949612 0.0 -5.602146496618041e-06 0.0037426988862130205 0.0 0.0
0.0 0.002311899332797223 0.0 0.612931700689021 0.0 0.013429037371498358 0.01342903737149835 0.013429037371467773 0.013429037371467768 1.5524735813689123 0.0 -5.610239596333654e-06 0.0037426981080898284 0.0 0.0
0.0 0.0023325436162139894 0.0 0.613771036586021 0.0 0.013424133227325767 0.01342413322732576 0.013424133227304208 0.013424133227304203 1.552473582097605 0.0 -5.610202699014388e-06 0.0037426981024584567 0.0 0.0
0.0 0.0023541880388566866 0.0 0.614673285726331 0.0 0.01342632905807102 0.013426329058071009 0.01342632905804942 0.01342632905804941 1.552473581750542 0.0 -5.610177690325475e-06 0.0037426981062102134 0.0 0.0
0.0 0.0023770067773687398 0.0 0.61565241799048 0.0 0.013437856013984393 0.013437856013984393 0.013437856013973551 0.013437856013520344 1.5524735590243388 0.0 -5.6101290732396135e-06 0.003742698538876343 0.0 0.0
0.0 0.0024009745201032775 0.0 0.6167213706118112 0.0 0.01346332378080512 0.013463323780805118 0.013463323780793566 0.013463323780301798 1.5524735590217535 0.0 -5.610147159501892e-06 0.003742698541931379 0.0 0.0
0.0 0.002425989121958698 0.0 0.617891071578544 0.0 0.013507730584553295 0.013507730584553292 0.013507730584539492 0.013507730584525743 1.5524735712787538 0.0 -5.610127869817201e-06 0.0037426984143850727 0.0 0.0
0.0 0.0024516534898625926 0.0 0.6191684060282423 0.0 0.013578766042933331 0.013578766042933328 0.013578766042917304 0.013578766042283209 1.5524735590024938 0.0 -5.610253552352259e-06 0.003742698558189985 0.0 0.0
0.0 0.0024772204534040687 0.0 0.6205522258184187 0.0 0.013686252867416976 0.013686252867416896 0.013686252867403367 0.013686252867400389 1.5524735588948966 0.0 -5.602146496480967e-06 0.003742698886213282 0.0 0.0
0.0 0.0025014078027875823 0.0 0.622030329605572 0.0 0.013843649497546556 0.013843649497546557 0.013843649497549756 0.01384364949752743 1.5524735588948966 0.0 -5.602146496456222e-06 0.003742698886213279 0.0 0.0
0.0 0.0025246210602293943 0.0 0.6237620628141403 0.0 0.014097969606928728 0.014097969606928714 0.014097969607009412 0.01409796960715042 1.5524735590337027 0.0 -5.6103604964648554e-06 0.003742698511892621 0.0 0.0
0.0 0.0025426680010473567 0.0 0.6257734405308158 0.0 0.014515016362389856 0.014515016362389837 0.014515016362438881 0.014515016362378383 1.5524735588948966 0.0 -5.602146496490126e-06 0.0037426988862132816 0.0 0.0
0.0 0.0025462417144327593 0.0 0.6277788891435107 0.0 0.015127587819277725 0.015127587819277796 0.015127587819277812 0.015127587819669287 1.5524735588948966 0.0 -5.602146496489952e-06 0.003742698886213282 0.0 0.0
0.0 0.0025265521162934437 0.0 0.6294441585742919 0.0 0.01594539945129882 0.015945399451298817 0.015945399452183665 0.01594539945220331 1.5524735587729792 0.0 -5.610311577111641e-06 0.0037426986416886155 0.0 0.0
0.0 0.002477305745736255 0.0 0.6304404788941206 0.0 0.01694592130722417 0.016945921307224165 0.016945921303648647 0.01694592130366811 1.5524735587655245 0.0 -5.6103096371326475e-06 0.0037426986430121297 0.0 0.0
0.0 0.0023957322483688704 0.0 0.6304995279045312 0.0 0.01807846360925443 0.018078463609254438 0.01807846360925882 0.01807846360584931 1.5524735585603513 0.0 -5.61009444649134e-06 0.0037426986867885644 0.0 0.0
0.0 0.0022833795613142953 0.0 0.6294723097535639 0.0 0.01927277692046081 0.019272776920460807 0.01927277692137604 0.01927277692137848 1.5524735588948966 0.0 -5.602146496310482e-06 0.0037426988862132916 0.0 0.0
0.0 0.002145062104228972 0.0 0.627341893502731 0.0 0.0204575662100496 0.020457566210049596 0.020457566211016354 0.020457566210066884 1.5524735573255515 0.0 -5.609440244790174e-06 0.003742698841205294 0.0 0.0
0.0 0.001987541778896022 0.0 0.6242141654316467 0.0 0.02157550179697438 0.021575501796974372 0.02157550179765823 0.02157550179765824 1.5524735589899714 0.0 -5.609182135640683e-06 0.003742698579902261 0.0 0.0
0.0 0.0018175431948094652 0.0 0.620269666746272 0.0 0.02259435771095793 0.02259435771095793 0.022594357710957934 0.022594357710932572 1.5524735589825989 0.0 -5.6090560744170484e-06 0.0037426985851875347 0.0 0.0
0.0 0.0016405995595151976 0.0 0.615725523609693 0.0 0.02351023455756916 0.023510234557569155 0.023510234557594534 0.02351023455759456 1.5524735590037266 0.0 -5.609028105123067e-06 0.003742698572000219 0.0 0.0
0.0 0.0014603069395839065 0.0 0.6107944829804068 0.0 0.0243442269552375 0.024344226955237493 0.024344226955236793 0.024344226955203236 1.5524735588948966 0.0 -5.602146496166641e-06 0.003742698886213282 0.0 0.0
0.0 0.0012785536078126802 0.0 0.6056770142653956 0.0 0.025136661850193913 0.025136661850193913 0.025136661849534194 0.025136661850188546 1.5524735581675226 0.0 -5.609018830277798e-06 0.003742698919062668 0.0 0.0
0.0 0.0010962479271735353 0.0 0.6005594289093713 0.0 0.0259366000590988 0.0259366000590988 0.02593660005912342 0.02593660005902826 1.5524735586992666 0.0 -5.609142755961952e-06 0.003742698664906 0.0 0.0
0.0 0.0009143682889896741 0.0 0.5956340405881348 0.0 0.026794105869672343 0.026794105869672343 0.026794105869669852 0.026794105869672496 1.5524735587124456 0.0 -5.609040936056458e-06 0.0037426988198929153 0.0 0.0
0.0 0.0007351405051289676 0.0 0.5911153115318042 0.0 0.02774953042483165 0.027749530424831654 0.027749530424831654 0.027749530424831647 1.552473558890513 0.0 -5.609065253115757e-06 0.003742698619042231 0.0 0.0
0.0 0.0005628226831496913 0.0 0.5872420074567468 0.0 0.028823509966719275 0.028823509966719275 0.028823509966336685 0.028823509965480047 1.5524735588184584 0.0 -5.609044582747968e-06 0.0037426986387006315 0.0 0.0
0.0 0.00040384290779882403 0.0 0.5842593090316873 0.0 0.030009186083190004 0.030009186083189938 0.030009186083192096 0.03000918608319001 1.552473558529236 0.0 -5.6091617145267455e-06 0.003742698692957311 0.0 0.0
0.0 0.0002662037913553273 0.0 0.582381858447323 0.0 0.03126814549983239 0.03126814549983239 0.031268145499582754 0.031268145499834574 1.5524735577224176 0.0 -5.609400982437284e-06 0.0037426987889062086 0.0 0.0
0.0 0.0001579879437446397 0.0 0.581737715380931 0.0 0.032532331044214664 0.03253233104420099 0.03253233104419878 0.03253233104420045 1.5524735561323053 0.0 -5.609835413474746e-06 0.0037426989145612492 0.0 0.0
0.0 7.984301914493695e-05 0.0 0.5823439331785286 0.0 0.033798529329541666 0.03379852932952827 0.03379852932954167 0.033798529326150704 1.5524735588217866 0.0 -5.609991607859999e-06 0.003742698622799782 0.0 0.0
0.0 3.160053034891912e-05 0.0 0.5841835557151942 0.0 0.03506344810901731 0.03506344810901731 0.03506344811350971 0.035063448109019506 1.5524735583205025 0.0 -5.610373027245712e-06 0.003742698709214853 0.0 0.0
0.0 1.523207178578897e-05 0.0 0.5871305685896013 0.0 0.036258629128880726 0.036258629128880726 0.0362586291289206 0.03625862912883567 1.5524735575659483 0.0 -5.610402427374907e-06 0.0037426987936108116 0.0 0.0
0.0 2.8443653484029037e-05 0.0 0.5909714907740797 0.0 0.037344974330135124 0.03734497433013513 0.037344974330133 0.03734497433488441 1.5524735570478072 0.0 -5.610255308877564e-06 0.003742698837713822 0.0 0.0
0.0 6.587525230012334e-05 0.0 0.5954613610709145 0.0 0.03831484052929836 0.03831484052929836 0.03831484052929836 0.03831484052929854 1.5524735571630943 0.0 -5.6100558504775585e-06 0.003742698827049829 0.0 0.0
0.0 0.00012028552470902908 0.0 0.6003608039387172 0.0 0.03918809722346509 0.03918809722346509 0.03918809722342246 0.03918809722343071 1.552473557753517 0.0 -5.609428180277591e-06 0.003742698774988706 0.0 0.0
0.0 0.00018355597321949985 0.0 0.6054541644256879 0.0 0.04000440480576621 0.04000440480576622 0.04000440480576416 0.04000440480576117 1.5524735583671847 0.0 -5.609293167017091e-06 0.003742698705936749 0.0 0.0
0.0 0.0002473789051480194 0.0 0.6105476372465034 0.0 0.04081321079325172 0.040813210793251724 0.04081321079315624 0.04081321079325314 1.5524735587433638 0.0 -5.609144980645199e-06 0.003742698646397995 0.0 0.0
0.0 0.0003036648416831872 0.0 0.6154534447375873 0.0 0.04166297272566647 0.04166297272566648 0.041662972728228324 0.04166297272804276 1.5524735589062202 0.0 -5.609956581335349e-06 0.0037426986007029015 0.0 0.0
0.0 0.00034463199155664135 0.0 0.6199699182152608 0.0 0.04259337465227609 0.0425933746522761 0.042593374644948785 0.04259337465227303 1.5524735588948966 0.0 -5.602146496515002e-06 0.0037426988862132833 0.0 0.0
0.0 0.0003636265700281746 0.0 0.6238836869949438 0.0 0.04362482783952998 0.04362482783952998 0.04362482783953176 0.04362482783953173 1.552473558928074 0.0 -5.610170503458068e-06 0.0037426985906691634 0.0 0.0
0.0 0.000355742494148025 0.0 0.6269777563158293 0.0 0.04475273400073331 0.04475273400073331 0.04475273400051876 0.04475273400304665 1.5524735587963545 0.0 -5.6103545185580466e-06 0.0037426986223551835 0.0 0.0
0.0 0.0003190429830816842 0.0 0.6290725582528132 0.0 0.04594429916254357 0.04594429916254357 0.04594429916230227 0.045944299166728174 1.5524735584026756 0.0 -5.6103428594948595e-06 0.0037426986870149623 0.0 0.0
0.0 0.0002552376766054602 0.0 0.6300639226332186 0.0 0.04714184873631783 0.04714184873631784 0.04714184873631783 0.04714184873629967 1.5524735588948966 0.0 -5.602146496446043e-06 0.003742698886213299 0.0 0.0
0.0 0.00017000744147967724 0.0 0.6299709279266115 0.0 0.04827414769418143 0.04827414769418144 0.04827414769395514 0.04827414769397032 1.5524735588948966 0.0 -5.602146496389417e-06 0.00374269888621331 0.0 0.0
0.0 7.211735541552858e-05 0.0 0.6289446665052839 0.0 0.04927142259810948 0.049271422598109474 0.049271422598109474 0.04927142259810159 1.5524735566447239 0.0 -5.6095886378760114e-06 0.003742698846227535 0.0 0.0
0.0 -2.825991779714964e-05 0.0 0.627254965193125 0.0 0.050083858549122416 0.05008385854912241 0.05008385854937322 0.05008385854937556 1.5524735577397777 0.0 -5.6093573473790434e-06 0.0037426987617864647 0.0 0.0
0.0 -0.00012158888153677438 0.0 0.62523125092223 0.0 0.050689973031699496 0.050689973031699496 0.05068997303169761 0.05068997303188375 1.552473558824694 0.0 -5.609344947366237e-06 0.003742698623144057 0.0 0.0
0.0 -0.00020058930068772156 0.0 0.623207466371167 0.0 0.05110055149133334 0.05110055149133336 0.05110055149133264 0.051100551491333114 1.552473559028416 0.0 -5.6093319328279375e-06 0.003742698531914467 0.0 0.0
0.0 -0.00026085415869432226 0.0 0.6214681954148019 0.0 0.05134930727247799 0.05134930727247799 0.051349307272454243 0.051349307272454264 1.5524735590191965 0.0 -5.609404408977829e-06 0.00374269855165445 0.0 0.0
0.0 -0.0003078762027886751 0.0 0.6199854447154377 0.0 0.05150195733344331 0.05150195733344331 0.051501957333397116 0.05150195733339724 1.5524735589771979 0.0 -5.609585481747292e-06 0.0037426985736389003 0.0 0.0
0.0 -0.00034894786944578496 0.0 0.6185984650618216 0.0 0.05160500238459156 0.05160500238459156 0.05160500238459156 0.051605002384590364 1.5524735588948966 0.0 -5.602146496305762e-06 0.0037426988862132803 0.0 0.0
0.0 -0.00038477592656266255 0.0 0.6173190637439343 0.0 0.05167196361586421 0.05167196361586444 0.051671963615777756 0.051671963615781004 1.5524735591003338 0.0 -5.609352353533564e-06 0.003742698493678103 0.0 0.0
0.0 -0.00041605345362499385 0.0 0.6161480889806276 0.0 0.05171259383417283 0.051712593834172184 0.05171259383406939 0.051712593834070016 1.552473559077007 0.0 -5.609631288828483e-06 0.003742698494280477 0.0 0.0
0.0 -0.00044352005949042613 0.0 0.6150784243278097 0.0 0.051734633209227276 0.05173463320922728 0.051734633209117545 0.05173463320911873 1.5524735590662986 0.0 -5.609608181661411e-06 0.003742698499006764 0.0 0.0
0.0 -0.00046780868811177747 0.0 0.6140989917845308 0.0 0.05174306484206388 0.05174306484206249 0.05174306484194504 0.05174306484194654 1.5524735590628482 0.0 -5.609614179765538e-06 0.0037426985003377977 0.0 0.0
0.0 -0.0004895635543615239 0.0 0.6131967201392231 0.0 0.05174236855949181 0.051742368559492026 0.05174236855936634 0.05174236855936655 1.552473559063359 0.0 -5.609644756558344e-06 0.0037426984994166326 0.0 0.0
0.0 -0.0005092871757735615 0.0 0.6123575714967014 0.0 0.051734772235116605 0.051734772235115085 0.05173477223494076 0.0517347722349433 1.55247355914923 0.0 -5.6092563965607685e-06 0.0037426984988646506 0.0 0.0
0.0 -0.000527535900948112 0.0 0.6115645113240875 0.0 0.051722248952948434 0.05172224895294843 0.051722248952803966 0.05172224895280499 1.552473559073079 0.0 -5.609754706479664e-06 0.0037426984929720083 0.0 0.0
0.0 -0.0005447017078565523 0.0 0.6108035239026172 0.0 0.051705526333841935 0.051705526333841935 0.05170552633369587 0.05170552633369668 1.5524735590801262 0.0 -5.609513057351046e-06 0.0037426984960376945 0.0 0.0
0.0 -0.0005612488596507678 0.0 0.6100575933762474 0.0 0.05168532724731688 0.051685327247313916 0.05168532724715736 0.05168532724716052 1.5524735590931311 0.0 -5.609597552964826e-06 0.0037426984895786324 0.0 0.0
0.0 -0.0005775382012708141 0.0 0.609311715306509 0.0 0.05166162764234081 0.05166162764234072 0.051661627642170756 0.051661627642173434 1.5524735591110645 0.0 -5.609677364356642e-06 0.003742698482220513 0.0 0.0
0.0 -0.0005939305907474511 0.0 0.608550885362254 0.0 0.05163440346931574 0.05163440346931587 0.05163440346913753 0.0516344034691381 1.5524735591357945 0.0 -5.609748088984443e-06 0.0037426984738918576 0.0 0.0
0.0 -0.0006108165733581654 0.0 0.6077581023079045 0.0 0.05160337743512403 0.05160337743512079 0.05160337743493775 0.05160337743494547 1.5524735591677987 0.0 -5.609494697408329e-06 0.0037426984730039217 0.0 0.0
0.0 -0.0006285017370519699 0.0 0.6069183732314676 0.0 0.051567774862561755 0.051567774862561755 0.05156777486238149 0.05156777486237712 1.5524735589392638 0.0 -5.609554140642708e-06 0.003742698588553109 0.0 0.0
0.0 -0.0006473286102121632 0.0 0.6060166974543235 0.0 0.05152732262985792 0.05152732262985798 0.05152732262966354 0.05152732262966354 1.5524735589646685 0.0 -5.6095859633293786e-06 0.0037426985788093993 0.0 0.0
0.0 -0.0006676877011775313 0.0 0.6050360738097933 0.0 0.0514817429560709 0.0514817429560709 0.05148174295587149 0.05148174295586711 1.5524735589864747 0.0 -5.609591369000664e-06 0.0037426985692884927 0.0 0.0
0.0 -0.0006899398683007001 0.0 0.6039614979671761 0.0 0.05143101178628865 0.051431011786288706 0.051431011786076175 0.051431011786076224 1.5524735590037433 0.0 -5.609565714407224e-06 0.003742698560436684 0.0 0.0
0.0 -0.0007145310347700529 0.0 0.6027759575338844 0.0 0.05137560332756755 0.051375603327567555 0.051375603327329045 0.05137560332733641 1.5524735597408024 0.0 -5.6094963813468944e-06 0.003742698396546482 0.0 0.0
0.0 -0.0007419988783014593 0.0 0.6014624213315864 0.0 0.05131723832968955 0.051317238329680596 0.0513172383294295 0.05131723832943843 1.552473560020733 0.0 -5.609383912921412e-06 0.0037426983759392936 0.0 0.0
0.0 -0.0007727142556626636 0.0 0.6000138462676429 0.0 0.051258654391226 0.051258654391226 0.05125865439098882 0.05125865439098882 1.5524735590283552 0.0 -5.609579568008989e-06 0.003742698536328764 0.0 0.0
0.0 -0.0008066451400531617 0.0 0.5984391971959669 0.0 0.05120237070239537 0.05120237070239537 0.05120237070217254 0.05120237070216434 1.5524735590284977 0.0 -5.609378169453861e-06 0.0037426985363993724 0.0 0.0
0.0 -0.0008437147272305715 0.0 0.5967454556648287 0.0 0.05114964673946281 0.05114964673946249 0.05114964673947462 0.051149646739578766 1.5524735588948966 0.0 -5.602146496312381e-06 0.003742698886213282 0.0 0.0
0.0 -0.0008838901749150793 0.0 0.5949386067840272 0.0 0.05110199239976846 0.0511019923997682 0.05110199239977999 0.05110199239995761 1.5524735590279186 0.0 -5.609248524215781e-06 0.0037426985337139307 0.0 0.0
0.0 -0.000927070088628629 0.0 0.5930266281511031 0.0 0.05106067065276934 0.051060670652768037 0.05106067065291671 0.05106067065291671 1.5524735590278442 0.0 -5.609267572192071e-06 0.003742698532335245 0.0 0.0
0.0 -0.0009731657038326935 0.0 0.5910155122656797 0.0 0.051026441247424545 0.05102644124742455 0.051026441251143674 0.051026441251142814 1.5524735590277483 0.0 -5.609263681000042e-06 0.0037426985322410004 0.0 0.0
0.0 -0.0010220582231744559 0.0 0.5889132464462005 0.0 0.05100031716771834 0.05100031716771835 0.051000317168330665 0.051000317168330644 1.5524735590275842 0.0 -5.609238966452739e-06 0.0037426985327819627 0.0 0.0
0.0 -0.0010736033039937451 0.0 0.5867258324287269 0.0 0.05098230802991246 0.050982308029912465 0.050982308030211386 0.050982308030211386 1.552473559027294 0.0 -5.609196930611731e-06 0.0037426985333738265 0.0 0.0
0.0 -0.0011276637329877747 0.0 0.5844612612917673 0.0 0.050973176777236985 0.050973176777237 0.05097317677740752 0.05097317677740734 1.5524735590269714 0.0 -5.609143146528058e-06 0.0037426985341743354 0.0 0.0
0.0 -0.001183991817839924 0.0 0.5821275464377432 0.0 0.05097218612460805 0.05097218612460804 0.0509721861248555 0.050972186124861006 1.5524735590277021 0.0 -5.609284569589471e-06 0.0037426985314210183 0.0 0.0
0.0 -0.001242461280353713 0.0 0.5797306840808857 0.0 0.050979595716893096 0.05097959571689599 0.05097959571699539 0.050979595716992475 1.5524735588948966 0.0 -5.6021464962469535e-06 0.003742698886213281 0.0 0.0
0.0 -0.0013028126430216296 0.0 0.577277700963295 0.0 0.05099416663369541 0.050994166633695395 0.05099416663366029 0.05099416663366026 1.552473559026889 0.0 -5.609107147371494e-06 0.003742698535215441 0.0 0.0
0.0 -0.0013648340553692308 0.0 0.5747765968517693 0.0 0.05101566162080267 0.05101566162080267 0.05101566162280114 0.051015661622801314 1.5524735590273906 0.0 -5.609201040422218e-06 0.0037426985336358647 0.0 0.0
0.0 -0.001428289407080025 0.0 0.572233394630248 0.0 0.051042840125821186 0.051042840125821214 0.051042840131770434 0.051042840130794964 1.5524735590268972 0.0 -5.6090977796949786e-06 0.0037426985353774273 0.0 0.0
0.0 -0.0014929238855394679 0.0 0.5696541180982336 0.0 0.051074211548777344 0.051074211548777365 0.05107421154972809 0.051074211549431536 1.5524735590273597 0.0 -5.609173212071957e-06 0.0037426985345002336 0.0 0.0
0.0 -0.0015584950901972726 0.0 0.5670457825409689 0.0 0.05110878694214536 0.051108786942145344 0.05110878694212619 0.0511087869421261 1.5524735588948966 0.0 -5.602146496215875e-06 0.003742698886213282 0.0 0.0
0.0 -0.0016246882765490905 0.0 0.564415426004097 0.0 0.0511445772766954 0.05114457727669539 0.05114457727659468 0.0511445772765948 1.5524735590273708 0.0 -5.609125805423404e-06 0.0037426985378517076 0.0 0.0
0.0 -0.0016913085320743773 0.0 0.5617680586649966 0.0 0.05118059037297116 0.05118059037297115 0.05118059037274528 0.051180590372745235 1.5524735590276142 0.0 -5.609192728559396e-06 0.003742698538715146 0.0 0.0
0.0 -0.0017580220283471603 0.0 0.5591107186463561 0.0 0.05121458713161876 0.05121458713161876 0.05121458713131657 0.05121458713149278 1.5524735590266476 0.0 -5.6090746424851385e-06 0.0037426985432116562 0.0 0.0
0.0 -0.0018245739537158163 0.0 0.556449429679528 0.0 0.0512450769470188 0.051245076947018756 0.051245076946697644 0.05124507694665803 1.5524735590260939 0.0 -5.6091288675858664e-06 0.00374269854492935 0.0 0.0
0.0 -0.0018949946249718086 0.0 0.5536181366676285 0.0 0.051272293706626074 0.05127229370662608 0.05127229370662621 0.05127229370662619 1.5524735590250605 0.0 -5.6091590901658525e-06 0.0037426985470516193 0.0 0.0
0.0 -0.0019727426256403078 0.0 0.5504737950313393 0.0 0.05129625814212303 0.05129625814212286 0.051296258141690816 0.05129625814169082 1.5524735590229215 0.0 -5.6090044453630704e-06 0.0037426985519291053 0.0 0.0
0.0 -0.0020565821457101344 0.0 0.5470624407617443 0.0 0.05131529374409547 0.05131529374409547 0.051315293743683536 0.05131529374364504 1.5524735588948966 0.0 -5.602146496214685e-06 0.003742698886213281 0.0 0.0
0.0 -0.0021453634889358063 0.0 0.543428113405385 0.0 0.05132822090431158 0.05132822090431158 0.0513282209039066 0.05132822090383295 1.5524735590200525 0.0 -5.609002359568995e-06 0.0037426985557236655 0.0 0.0
0.0 -0.0022379479269414694 0.0 0.5396158293954518 0.0 0.051334361646005425 0.051334361646005536 0.051334361646005536 0.051334361646062886 1.5524735590194085 0.0 -5.609015489013399e-06 0.0037426985563755763 0.0 0.0
0.0 -0.0023332712893796683 0.0 0.5356705983484835 0.0 0.051334038170610774 0.05133403817061078 0.05133403817078088 0.05133403817061141 1.5524735588948966 0.0 -5.602146496172143e-06 0.0037426988862132816 0.0 0.0
0.0 -0.002430275956276237 0.0 0.5316364412744394 0.0 0.051327321047690014 0.051327321047690014 0.051327321047690014 0.05132732104768969 1.5524735590203833 0.0 -5.609014925463934e-06 0.0037426985549608104 0.0 0.0
0.0 -0.0025279337231065425 0.0 0.5275583505768663 0.0 0.05131503253474441 0.05131503253474401 0.051315032534743954 0.05131503253474396 1.552473559021666 0.0 -5.609026366841646e-06 0.003742698553241483 0.0 0.0
0.0 -0.0026252727903880494 0.0 0.523481320140844 0.0 0.051298745022307045 0.051298745022306545 0.051298745021922706 0.05129874502219385 1.552473559023096 0.0 -5.6090399402768684e-06 0.003742698551102413 0.0 0.0
0.0 -0.002721247444794393 0.0 0.519450354061222 0.0 0.05127903074320824 0.05127903074320825 0.051279030743088955 0.051279030743084625 1.5524735590240755 0.0 -5.6090075649942785e-06 0.0037426985499557546 0.0 0.0
0.0 -0.0028149704882895607 0.0 0.5155084373467117 0.0 0.05125795895381523 0.051257958953815526 0.05125795895361742 0.0512579589536181 1.552473559025116 0.0 -5.609011021936002e-06 0.003742698547819194 0.0 0.0
0.0 -0.0029053905375486236 0.0 0.5117015718680362 0.0 0.051236353529769255 0.05123635352976926 0.05123635352972315 0.05123635352972315 1.5524735590260896 0.0 -5.60902957850648e-06 0.0037426985451160313 0.0 0.0
0.0 -0.0029915836785153935 0.0 0.508072745048221 0.0 0.05121578364800607 0.05121578364800609 0.05121578364800609 0.051215783648006816 1.552473559026404 0.0 -5.609009628151541e-06 0.0037426985439329035 0.0 0.0
0.0 -0.0030724741512773023 0.0 0.5046689581300662 0.0 0.0511970747737085 0.051197074773708516 0.05119707477370851 0.051197074773708516 1.5524735588948966 0.0 -5.60214649619745e-06 0.003742698886213281 0.0 0.0
0.0 -0.003147089215992214 0.0 0.5015322240165563 0.0 0.05118079437965243 0.05118079437965242 0.05118079437927477 0.05118079437932026 1.5524735590267313 0.0 -5.609015440401636e-06 0.003742698541630772 0.0 0.0
0.0 -0.0032143638835242213 0.0 0.49870754349486873 0.0 0.05116726461347507 0.05116726461347508 0.05116726461442827 0.05116726461442107 1.552473559026794 0.0 -5.609025269364502e-06 0.003742698540748951 0.0 0.0
0.0 -0.003273210219190272 0.0 0.49624092868305847 0.0 0.0511568092943647 0.05115680929436469 0.05115680929430891 0.05115680929418194 1.5524735590269798 0.0 -5.609078674619791e-06 0.0037426985394912182 0.0 0.0
0.0 -0.0033225512878185376 0.0 0.49417639628358484 0.0 0.05114924893796312 0.05114924893796312 0.05114924893951667 0.051149248939516674 1.552473559027812 0.0 -5.609250294394484e-06 0.003742698535989401 0.0 0.0
0.0 -0.003361273032170403 0.0 0.49255796841281646 0.0 0.0511439039746913 0.05114390397469129 0.05114390397468628 0.051143903974686294 1.5524735588948966 0.0 -5.6021464962885615e-06 0.0037426988862132816 0.0 0.0
0.0 -0.0033882937342392073 0.0 0.49143066375525096 0.0 0.05114084660679087 0.05114084660679088 0.05114084660866479 0.051140846608737606 1.5524735590282337 0.0 -5.609320571077489e-06 0.003742698533964202 0.0 0.0
0.0 -0.003408807431533683 0.0 0.4905754282803844 0.0 0.05113872546412335 0.05113872546412335 0.051138725466155804 0.05113872546628826 1.5524735590306917 0.0 -5.609691015227549e-06 0.0037426985248270634 0.0 0.0
0.0 -0.0034287140311290813 0.0 0.4897461963669943 0.0 0.05113689605054237 0.05113689605054237 0.051136896052645014 0.05113689605273174 1.5524735590289782 0.0 -5.609429793461881e-06 0.003742698530998134 0.0 0.0
0.0 -0.003447971098350946 0.0 0.4889439723473868 0.0 0.05113510993300311 0.0511351099330039 0.05113510993531303 0.05113510993536964 1.552473559029414 0.0 -5.6094954350986335e-06 0.0037426985292923908 0.0 0.0
0.0 -0.0034665489213768835 0.0 0.4881707529501918 0.0 0.05113362035730812 0.051133620357308125 0.051133620357210904 0.05113362035728819 1.5524735590298837 0.0 -5.609567897694697e-06 0.003742698527473419 0.0 0.0
0.0 -0.0034843753286590506 0.0 0.4874295390360664 0.0 0.051132432130185236 0.05113243213018524 0.05113243213271553 0.051132432132716406 1.5524735590303824 0.0 -5.609646848000368e-06 0.003742698525565027 0.0 0.0
0.0 -0.0035014075614112263 0.0 0.48672133253776895 0.0 0.05113129680692767 0.05113129680692767 0.05113129680682918 0.05113129680693787 1.5524735588948966 0.0 -5.602146496355757e-06 0.003742698886213282 0.0 0.0
0.0 -0.0035175983523737576 0.0 0.486048140306068 0.0 0.051130217636109004 0.05113021763610902 0.05113021763863915 0.05113021763874507 1.5524735590295986 0.0 -5.6095281088851885e-06 0.0037426985282900927 0.0 0.0
0.0 -0.003532893109912669 0.0 0.48541295325917266 0.0 0.05112944942355372 0.05112944942355371 0.051129449426347194 0.051129449426347194 1.5524735590303242 0.0 -5.60964109219503e-06 0.003742698525579993 0.0 0.0
0.0 -0.0035472493536349513 0.0 0.4848167753483517 0.0 0.0511287437351818 0.05112874373518293 0.05112874373506537 0.05112874373518233 1.5524735588948966 0.0 -5.602146496360769e-06 0.003742698886213282 0.0 0.0
0.0 -0.0035606198044602264 0.0 0.4842616134550519 0.0 0.05112810382008462 0.05112810382008461 0.05112810382289604 0.0511281038230137 1.5524735590300156 0.0 -5.609594647467924e-06 0.0037426985266157246 0.0 0.0
0.0 -0.0035729130520505735 0.0 0.483750465943313 0.0 0.05112728440936091 0.0511272844093609 0.05112728441234603 0.05112728441234604 1.552473559030903 0.0 -5.609738067292538e-06 0.0037426985233009863 0.0 0.0
0.0 -0.003584142128687654 0.0 0.48328432764477475 0.0 0.05112678719553635 0.05112678719553637 0.05112678719866713 0.0511267871986272 1.5524735590300478 0.0 -5.609601262911821e-06 0.0037426985264093315 0.0 0.0
0.0 -0.003594240527727924 0.0 0.48286520294340973 0.0 0.0511263653484941 0.051126365348494095 0.05112636535152298 0.05112636535167593 1.5524735590310803 0.0 -5.60976938007955e-06 0.003742698522582712 0.0 0.0
0.0 -0.0036031357828523306 0.0 0.4824960905625166 0.0 0.0511260236646973 0.05112602366469728 0.051126023664568164 0.051126023664684085 1.5524735588948966 0.0 -5.602146496342863e-06 0.003742698886213282 0.0 0.0
0.0 -0.003610786259680544 0.0 0.48217800084621387 0.0 0.051125513751705945 0.05112551375170594 0.05112551375496236 0.05112551375496239 1.5524735590315384 0.0 -5.609851857373737e-06 0.0037426985208280287 0.0 0.0
0.0 -0.0036171798366282574 0.0 0.48191292060013813 0.0 0.05112533885022525 0.05112533885022413 0.05112533885353083 0.051125338853497765 1.5524735590311416 0.0 -5.609781960173201e-06 0.003742698522276478 0.0 0.0
0.0 -0.0036222077942322504 0.0 0.48170386026275036 0.0 0.05112500370961194 0.05112500370961194 0.051125003712908824 0.051125003712907645 1.5524735590307954 0.0 -5.609724209044561e-06 0.003742698523524802 0.0 0.0
0.0 -0.0036258829058408272 0.0 0.48155181262945423 0.0 0.051125010008588406 0.051125010008588406 0.05112501001188659 0.051125010011886574 1.5524735590305285 0.0 -5.6096805922726774e-06 0.003742698524506147 0.0 0.0
0.0 -0.003628120226580579 0.0 0.48145878577704154 0.0 0.05112486087903399 0.0511248608790352 0.05112486088227867 0.051124860882279875 1.5524735590303544 0.0 -5.609653226025781e-06 0.003742698525126748 0.0 0.0
