0.0 -0.0008658585658497217 0.0 0.48202091989207757 0.0 0.013619206145731977 0.013619206146605558 0.013619206187821389 0.01361920618066342 1.552473560465369 0.0 -5.602150688653408e-06 0.0037426988862076334 0.0 0.0
0.0 -0.0008636210177716775 0.0 0.4821139467087952 0.0 0.013619352220083382 0.013619352220083402 0.01361935222008586 0.013619352220084173 1.5524735588948966 0.0 -5.602146496390397e-06 0.003742698886213282 0.0 0.0
0.0 -0.0008599830888216518 0.0 0.4822659889656962 0.0 0.013619845941661624 0.013619845941661617 0.013619845941663584 0.013619845941939985 1.5524735589919243 0.0 -5.6099414241214186e-06 0.0037426985684117504 0.0 0.0
0.0 -0.0008549558856487323 0.0 0.4824750494448844 0.0 0.013620191039988443 0.013620191039988443 0.013620191039988778 0.01362019103999084 1.552473564098641 0.0 -5.6100025753960686e-06 0.0037426983265874745 0.0 0.0
0.0 -0.000848598361024701 0.0 0.48274012202463124 0.0 0.013620856048490034 0.01362085604849002 0.013620856048491645 0.01362085604874772 1.5524735590783418 0.0 -5.6096265332640245e-06 0.0037426985674758762 0.0 0.0
0.0 -0.0008409671229196706 0.0 0.4830582100654162 0.0 0.013621623171022052 0.013621623171022052 0.013621623171025339 0.013621623171025866 1.5524735627515727 0.0 -5.6094364813265665e-06 0.0037426983605873313 0.0 0.0
0.0 -0.0008321086335235633 0.0 0.48342731303814834 0.0 0.013622467503330756 0.013622467503330755 0.013622467503332968 0.013622467503332965 1.5524735639842842 0.0 -5.60998987090701e-06 0.0037426983290997965 0.0 0.0
0.0 -0.0008220463309684991 0.0 0.48384643023127055 0.0 0.013623379689926348 0.013623379689926331 0.013623379689928033 0.013623379690197076 1.5524735589916407 0.0 -5.610099152113314e-06 0.0037426985668019075 0.0 0.0
0.0 -0.0008108537211426101 0.0 0.4843125587968784 0.0 0.01362437703543648 0.013624377035436477 0.013624377035437533 0.013624377035437528 1.5524735588949001 0.0 -5.602146496407463e-06 0.003742698886213222 0.0 0.0
0.0 -0.00079857889272372 0.0 0.48482370257754476 0.0 0.013625446483981759 0.013625446483981753 0.01362544648398218 0.013625446483982177 1.5524735588949001 0.0 -5.602146496435106e-06 0.003742698886213222 0.0 0.0
0.0 -0.000785246612934339 0.0 0.4853788612990122 0.0 0.013626595772585456 0.013626595772585457 0.01362659577258743 0.013626595772587425 1.5524735637819878 0.0 -5.609977374668279e-06 0.0037426983333578266 0.0 0.0
0.0 -0.0007709269147497072 0.0 0.485975029723945 0.0 0.013627801428006193 0.013627801428006238 0.01362780142800746 0.01362780142800746 1.552473563734275 0.0 -5.610135180204862e-06 0.0037426983306513848 0.0 0.0
0.0 -0.0007556505666477902 0.0 0.4866102129875735 0.0 0.013628819571933003 0.013628819571933092 0.013628819571936653 0.013628819571936734 1.552473563679564 0.0 -5.610041043556461e-06 0.00374269833381163 0.0 0.0
0.0 -0.0007394784565653877 0.0 0.4872834034786843 0.0 0.013630148662246181 0.013630148662246183 0.013630148662247932 0.013630148662247927 1.5524735636114897 0.0 -5.60995166575131e-06 0.0037426983374114907 0.0 0.0
0.0 -0.0007224459348973033 0.0 0.4879916080055424 0.0 0.013631283888444992 0.01363128388844499 0.013631283888437741 0.013631283888437784 1.5524735635698834 0.0 -5.610140264551637e-06 0.0037426983338479454 0.0 0.0
0.0 -0.0007046011066862006 0.0 0.48873282563917897 0.0 0.013632221982888687 0.013632221982888694 0.01363222198288969 0.013632221982889678 1.5524735635217044 0.0 -5.610074583852273e-06 0.003742698336215681 0.0 0.0
0.0 -0.0006859864469073589 0.0 0.48950605251276086 0.0 0.013633211387616247 0.013633211387616244 0.013633211387617403 0.013633211387614521 1.552473563471973 0.0 -5.610014472818772e-06 0.003742698338630199 0.0 0.0
0.0 -0.0006666741265081295 0.0 0.4903082877659623 0.0 0.013634247292673323 0.013634247292673358 0.013634247292674559 0.013634247292673351 1.5524735634209348 0.0 -5.609960329287791e-06 0.0037426983410330157 0.0 0.0
0.0 -0.000646675439157461 0.0 0.49113753848985425 0.0 0.013634826487906647 0.01363482648790659 0.01363482648790898 0.013634826487908985 1.5524735634066753 0.0 -5.610177590281655e-06 0.0037426983364677803 0.0 0.0
0.0 -0.0006260326510834124 0.0 0.49199280014773933 0.0 0.013635194939872477 0.013635194939872471 0.013635194939874945 0.013635194939866644 1.5524735622570887 0.0 -5.609684661397001e-06 0.0037426983658150445 0.0 0.0
0.0 -0.0005987914447258307 0.0 0.4931201519234637 0.0 0.013635254250698293 0.013635254250698295 0.013635254250698139 0.01363525425069594 1.552473563383182 0.0 -5.6101746134637796e-06 0.0037426983370040154 0.0 0.0
0.0 -0.0005596272628971943 0.0 0.49473866767762126 0.0 0.013634595960745647 0.013634595960745642 0.013634595960744431 0.013634595960724876 1.552473562282499 0.0 -5.609848913912046e-06 0.003742698362604077 0.0 0.0
0.0 -0.0005095866363569254 0.0 0.49680334242730545 0.0 0.013632657444198023 0.013632657444197964 0.0136326574441761 0.013632657444176098 1.5524735635002391 0.0 -5.610325853387617e-06 0.003742698332303466 0.0 0.0
0.0 -0.00044967225715252776 0.0 0.4992701742783327 0.0 0.013628610937539025 0.013628610937539023 0.013628610937539094 0.013628610937568453 1.552473563685345 0.0 -5.6104070853442705e-06 0.003742698327925851 0.0 0.0
0.0 -0.0003809484894972482 0.0 0.502094153897715 0.0 0.013622136690118561 0.013622136690118476 0.013622136690115244 0.013622136690160935 1.5524735639965905 0.0 -5.610489475606662e-06 0.0037426983226016013 0.0 0.0
0.0 -0.00030451551054368875 0.0 0.5052302648991757 0.0 0.013613401971823565 0.013613401971823556 0.013613401971825454 0.013613401971912888 1.552473558994759 0.0 -5.610491102398245e-06 0.0037426985632852587 0.0 0.0
0.0 -0.00022143337624981675 0.0 0.508634494313126 0.0 0.013602356346648248 0.01360235634664828 0.013602356346651068 0.01360235634665104 1.5524735589973424 0.0 -5.6104832975659304e-06 0.0037426985623123014 0.0 0.0
0.0 -0.00013283449686079605 0.0 0.5122628155017451 0.0 0.013589932772788488 0.01358993277278859 0.013589932772732693 0.013589932772732781 1.5524735657247277 0.0 -5.610495178534443e-06 0.0037426982920789956 0.0 0.0
0.0 -3.989169197322064e-05 0.0 0.5160701943878235 0.0 0.013577284602874181 0.01357728460287418 0.013577284602867602 0.013577284602867598 1.5524735665283078 0.0 -5.610438797716392e-06 0.003742698283288531 0.0 0.0
0.0 5.625799978004223e-05 0.0 0.5200116081809724 0.0 0.013565085122343806 0.013565085122343798 0.013565085122346813 0.013565085122346747 1.5524735588948966 0.0 -5.602146496554337e-06 0.0037426988862132816 0.0 0.0
0.0 0.00015441125071227773 0.0 0.5240440117954875 0.0 0.013555546593011713 0.01355554659301171 0.013555546593002557 0.01355554659300255 1.5524735588949086 0.0 -5.6021464965805515e-06 0.0037426988862131628 0.0 0.0
0.0 0.00025336906675805403 0.0 0.5281213730440218 0.0 0.013549849229733162 0.01354984922973317 0.013549849229724341 0.013549849229802824 1.5524735684662014 0.0 -5.610416270819717e-06 0.003742698255550747 0.0 0.0
0.0 0.0003519475872195326 0.0 0.5321996510787501 0.0 0.01354963586265847 0.01354963586265834 0.01354963586264863 0.013549635862648627 1.5524735684679971 0.0 -5.610393532756535e-06 0.0037426982563702766 0.0 0.0
0.0 0.0004490076120109229 0.0 0.5362338225791754 0.0 0.01355559773492648 0.01355559773492648 0.013555597734833717 0.013555597734833717 1.552473565929138 0.0 -5.609895861584914e-06 0.0037426982994150622 0.0 0.0
0.0 0.000543379156430492 0.0 0.5401798530968493 0.0 0.013569177070741815 0.013569177070741819 0.013569177070730796 0.013569177070730676 1.5524735669941547 0.0 -5.610379196931405e-06 0.003742698278115833 0.0 0.0
0.0 0.0006339621981092438 0.0 0.5439927253403568 0.0 0.013590539356156747 0.013590539356156745 0.013590539356145272 0.013590539356142689 1.552473565601034 0.0 -5.6104072446287756e-06 0.00374269829912828 0.0 0.0
0.0 0.0007196504911967709 0.0 0.547626426116341 0.0 0.013619605642942737 0.013619605642942758 0.013619605642938529 0.013619605642588914 1.552473558991868 0.0 -5.610449644334782e-06 0.0037426985663689036 0.0 0.0
0.0 0.0007994758415500648 0.0 0.551036961517466 0.0 0.013655078232911018 0.013655078232910902 0.013655078232903767 0.013655078232518129 1.552473558981204 0.0 -5.61047457285368e-06 0.0037426985714607143 0.0 0.0
0.0 0.0008724540120066067 0.0 0.5541803329214704 0.0 0.013695877894971 0.013695877894970895 0.013695877894958818 0.013695877894958816 1.5524735612083358 0.0 -5.610468466951438e-06 0.003742698389439219 0.0 0.0
0.0 0.0009376874105907644 0.0 0.5570115657420661 0.0 0.013739421591249855 0.013739421591249858 0.013739421591240898 0.013739421591240893 1.5524735602761044 0.0 -5.610466982551961e-06 0.0037426984203528823 0.0 0.0
0.0 0.0009985308089705503 0.0 0.5596716929172574 0.0 0.013786441746443738 0.013786441746443733 0.013786441746427696 0.013786441746427791 1.5524735594862462 0.0 -5.609991867453398e-06 0.00374269846263473 0.0 0.0
0.0 0.001058898269859144 0.0 0.5623257510923546 0.0 0.013837954377436975 0.013837954377436977 0.013837954377425977 0.013837954377425979 1.55247355909642 0.0 -5.610327738638632e-06 0.0037426986781582115 0.0 0.0
0.0 0.0011188778050726397 0.0 0.5649697758394319 0.0 0.013891451316323522 0.013891451316323522 0.013891451316388938 0.013891451316310177 1.5524735591028507 0.0 -5.610462670306983e-06 0.00374269849423699 0.0 0.0
0.0 0.0011784540446337873 0.0 0.5675977926259664 0.0 0.013945172773617462 0.013945172773617454 0.0139451727735984 0.013945172773598411 1.5524735591311114 0.0 -5.609989287461527e-06 0.00374269850641539 0.0 0.0
0.0 0.0012376242432940356 0.0 0.5702028329429831 0.0 0.013996857161873284 0.01399685716187329 0.013996857161891214 0.013996857161891212 1.552473559033399 0.0 -5.610412373412228e-06 0.0037426985110655697 0.0 0.0
0.0 0.001296354622530239 0.0 0.572778916788537 0.0 0.0140449945161346 0.014044994516134546 0.014044994516436031 0.014044994517634026 1.552473558887539 0.0 -5.610357505808508e-06 0.003742698715834045 0.0 0.0
0.0 0.0013546424570462132 0.0 0.5753190769710687 0.0 0.014087323301089654 0.014087323301088651 0.014087323300989787 0.014087323301150303 1.5524735590335053 0.0 -5.610425878685015e-06 0.0037426985117505938 0.0 0.0
0.0 0.0014124652406963174 0.0 0.5778193262463432 0.0 0.014122836900333613 0.014122836900333665 0.014122836900378357 0.014122836900378364 1.5524735588875873 0.0 -5.610356701607591e-06 0.00374269871729135 0.0 0.0
0.0 0.0014697353021502174 0.0 0.5802706893889146 0.0 0.014149770669055857 0.014149770669055843 0.014149770669076977 0.01414977066907665 1.5524735590336165 0.0 -5.6104212580157975e-06 0.003742698513535021 0.0 0.0
0.0 0.00152638764383576 0.0 0.5826681751163226 0.0 0.014167366437832505 0.01416736643783249 0.01416736643785545 0.01416736643743654 1.5524735590334684 0.0 -5.610450271177788e-06 0.003742698514805162 0.0 0.0
0.0 0.0015822613871312608 0.0 0.5850027906344137 0.0 0.014174859658179608 0.01417485965817961 0.01417485965819342 0.014174859658461538 1.5524735588948966 0.0 -5.602146496496535e-06 0.0037426988862132816 0.0 0.0
0.0 0.0016372902865033731 0.0 0.5872695520534139 0.0 0.014171492248574452 0.01417149224857444 0.014171492248537735 0.01417149224859159 1.5524735590336194 0.0 -5.610421387443082e-06 0.0037426985144845357 0.0 0.0
0.0 0.001691216958133087 0.0 0.589458443788666 0.0 0.014157498145430684 0.014157498145430662 0.01415749814545881 0.014157498145458842 1.5524735588948966 0.0 -5.602146496513549e-06 0.0037426988862132816 0.0 0.0
0.0 0.0017438954460693428 0.0 0.5915634730995988 0.0 0.014132867793056938 0.01413286779305695 0.014132867792828099 0.014132867793096434 1.5524735590334982 0.0 -5.610442989608844e-06 0.0037426985133987233 0.0 0.0
0.0 0.0017951401524927784 0.0 0.59357762786003 0.0 0.014097839955357405 0.014097839955357403 0.014097839955349153 0.014097839955549777 1.552473559033556 0.0 -5.610322845713212e-06 0.0037426985120079617 0.0 0.0
0.0 0.0018446477187423836 0.0 0.5954928849823311 0.0 0.014053902046694738 0.014053902046694778 0.014053902046831926 0.014053902046831938 1.552473559033454 0.0 -5.610307574097317e-06 0.0037426985113795472 0.0 0.0
0.0 0.001892170443255771 0.0 0.5973012310365101 0.0 0.014001791352118254 0.014001791352118265 0.01400179135171554 0.014001791352160993 1.5524735590334087 0.0 -5.610423659996525e-06 0.0037426985113897574 0.0 0.0
0.0 0.0019374959827163465 0.0 0.5989976459845424 0.0 0.013942750051523163 0.013942750051524557 0.013942750051543327 0.013942750051967566 1.552473559131231 0.0 -5.609933208915437e-06 0.003742698506080527 0.0 0.0
0.0 0.0019802849283687197 0.0 0.6005740953468924 0.0 0.01387876557465585 0.013878765574655848 0.013878765574591816 0.013878765574640692 1.5524735588948966 0.0 -5.602146496479611e-06 0.0037426988862132803 0.0 0.0
0.0 0.0020202632432407466 0.0 0.6020245555061158 0.0 0.013811578623716689 0.013811578623716687 0.01381157862368061 0.013811578623698645 1.5524735588948966 0.0 -5.602146496453891e-06 0.003742698886213277 0.0 0.0
0.0 0.0020575664540212054 0.0 0.6033600035799248 0.0 0.013742959310729923 0.013742959310729929 0.013742959310711374 0.013742959310729082 1.5524735601737973 0.0 -5.6102841323006365e-06 0.0037426984238034602 0.0 0.0
0.0 0.0020925406379328155 0.0 0.6046024037360028 0.0 0.01367544180601548 0.013675441806015586 0.013675441806000705 0.013675441806000594 1.552473561701809 0.0 -5.6103328426402585e-06 0.0037426983740389106 0.0 0.0
0.0 0.0021252714014138928 0.0 0.6057637204367482 0.0 0.013611796940387893 0.013611796940387976 0.013611796940370473 0.013611796940363512 1.5524735642120047 0.0 -5.610156856184192e-06 0.003742698320486018 0.0 0.0
0.0 0.0021559509999975 0.0 0.6068549419505622 0.0 0.013553025524966338 0.013553025524966325 0.0135530255249524 0.013553025524341965 1.5524735590078915 0.0 -5.610176246192142e-06 0.003742698554663278 0.0 0.0
0.0 0.0021847075972459876 0.0 0.6078860487995227 0.0 0.013500669044331306 0.01350066904433138 0.013500669044334388 0.013500669043760585 1.5524735590169965 0.0 -5.610183956277249e-06 0.003742698546661327 0.0 0.0
0.0 0.0022118065990757623 0.0 0.6088680440545914 0.0 0.013454734964440126 0.013454734964440093 0.013454734964428559 0.01345473496392941 1.552473559022784 0.0 -5.610179813695057e-06 0.0037426985404320524 0.0 0.0
0.0 0.002237418480777337 0.0 0.6098089267881852 0.0 0.013415533953975926 0.013415533953975928 0.01341553395396236 0.013415533953955085 1.5524735834791088 0.0 -5.610213569398869e-06 0.003742698090101467 0.0 0.0
0.0 0.002261748481973161 0.0 0.6107176947071431 0.0 0.013383235030289129 0.013383235030289028 0.01338323503026545 0.013383235030271584 1.552473583649165 0.0 -5.609722909189318e-06 0.003742698098475177 0.0 0.0
0.0 0.0022850376002918754 0.0 0.6116043488625164 0.0 0.013357853776926075 0.013357853776926295 0.013357853776924455 0.013357853776951936 1.5524735588948966 0.0 -5.6021464964341e-06 0.0037426988862132825 0.0 0.0
0.0 0.0023075127665126037 0.0 0.6124779007079201 0.0 0.013339250653097169 0.013339250653097155 0.0133392506530978 0.013339250653089376 1.5524735588948966 0.0 -5.602146496427491e-06 0.003742698886213282 0.0 0.0
0.0 0.0023292963506018217 0.0 0.6133463371624429 0.0 0.013328390699676883 0.013328390699676895 0.01332839069967031 0.013328390699529596 1.55247355912628 0.0 -5.609834804557899e-06 0.003742698524299375 0.0 0.0
0.0 0.002350544837234605 0.0 0.6142176486722694 0.0 0.013325786763167917 0.013325786763167912 0.013325786763163866 0.013325786762966025 1.5524735588850134 0.0 -5.6101631018097906e-06 0.003742698729283064 0.0 0.0
0.0 0.002371395006726135 0.0 0.6150998282421539 0.0 0.01333220186234773 0.013332201862347704 0.013332201862343768 0.013332201862171572 1.5524735591258807 0.0 -5.609784811872086e-06 0.0037426985250953904 0.0 0.0
0.0 0.002391934457880938 0.0 0.6160018526675552 0.0 0.013349400629408993 0.013349400629409048 0.013349400629402975 0.013349400629149953 1.5524735590305403 0.0 -5.610214002669476e-06 0.003742698528047267 0.0 0.0
0.0 0.002412160261865429 0.0 0.6169296932229709 0.0 0.013379393018719698 0.013379393018719696 0.01337939301873394 0.013379393018438842 1.5524735591228005 0.0 -5.609748042099638e-06 0.0037426985305626746 0.0 0.0
0.0 0.002432005135344356 0.0 0.6178883148605785 0.0 0.013424732279524577 0.013424732279524577 0.013424732279502185 0.013424732279510587 1.5524735819809017 0.0 -5.6102328001331295e-06 0.0037426981027677323 0.0 0.0
0.0 0.00245124893334575 0.0 0.6188796604378539 0.0 0.013489066086127557 0.013489066086127446 0.013489066086113567 0.013489066086105055 1.5524735736093929 0.0 -5.610211600735559e-06 0.0037426981864751934 0.0 0.0
0.0 0.0024696414756765843 0.0 0.6199056712240236 0.0 0.013576447327467852 0.013576447327467907 0.013576447327468204 0.013576447326820947 1.552473559002871 0.0 -5.610194196520961e-06 0.0037426985583243312 0.0 0.0
0.0 0.002486587751340088 0.0 0.6209592594288111 0.0 0.013692656272678802 0.013692656272678802 0.013692656272662345 0.013692656271939775 1.5524735589661198 0.0 -5.610207963019359e-06 0.003742698579530739 0.0 0.0
0.0 0.0025014073062942497 0.0 0.6220303319256563 0.0 0.013843649903954747 0.013843649903954744 0.013843649903936545 0.013843649903936538 1.5524735592356342 0.0 -5.610219775880744e-06 0.0037426984782727045 0.0 0.0
0.0 0.0025126669509016523 0.0 0.6230509102786886 0.0 0.014026567284078043 0.014026567284078003 0.014026567285125899 0.01402656728512582 1.5524735590333696 0.0 -5.6102255643799e-06 0.003742698511748205 0.0 0.0
0.0 0.0025198394262414795 0.0 0.6239701221778591 0.0 0.014231826493347376 0.014231826493347373 0.014231826493353883 0.01423182649340367 1.552473559033292 0.0 -5.610207864573436e-06 0.003742698518661172 0.0 0.0
0.0 0.002523247620190672 0.0 0.6247930102813539 0.0 0.01445668472304661 0.014456684723046596 0.014456684723035573 0.014456684723035565 1.5524735590222956 0.0 -5.6101668609750515e-06 0.0037426985411066396 0.0 0.0
0.0 0.0025231036388265126 0.0 0.6255245948002343 0.0 0.014699903004038447 0.01469990300403834 0.014699903005018522 0.014699903005044451 1.5524735606503794 0.0 -5.6100965290575155e-06 0.003742698404751232 0.0 0.0
0.0 0.0025194747577426658 0.0 0.626166879965183 0.0 0.014961225016445746 0.014961225016445747 0.014961225016449628 0.014961225016457566 1.5524735590360355 0.0 -5.609998807690249e-06 0.003742698512408622 0.0 0.0
0.0 0.002512426768201393 0.0 0.6267218704268198 0.0 0.015240413372722614 0.015240413372722634 0.015240413372457913 0.015240413372454149 1.5524735590330183 0.0 -5.610147710689338e-06 0.0037426985199750023 0.0 0.0
0.0 0.0025018806181655875 0.0 0.6271885541667048 0.0 0.015538213410037634 0.015538213410037643 0.015538213410639655 0.015538213410653482 1.5524735590088923 0.0 -5.61000715337225e-06 0.0037426985552763514 0.0 0.0
0.0 0.0024877456830318854 0.0 0.6275639270282812 0.0 0.015854870687654364 0.015854870687654368 0.015854870684673863 0.015854870684698635 1.5524735591439014 0.0 -5.610105214499977e-06 0.003742698487861358 0.0 0.0
0.0 0.002469743151131568 0.0 0.627840964115412 0.0 0.016191873443983082 0.016191873443982648 0.01619187344072349 0.016191873440715068 1.552473559032264 0.0 -5.609912698163432e-06 0.0037426985209796384 0.0 0.0
0.0 0.0024476620852013735 0.0 0.6280116596416626 0.0 0.01654945952099052 0.016549459520990496 0.01654945951803095 0.016549459518045158 1.5524735590056629 0.0 -5.609959672281861e-06 0.0037426985582426904 0.0 0.0
0.0 0.002421254783564772 0.0 0.6280679999646608 0.0 0.01692836615214903 0.016928366152149033 0.016928366152149037 0.0169283661499306 1.552473559044931 0.0 -5.6099708011075325e-06 0.0037426985090260566 0.0 0.0
0.0 0.002390238231359505 0.0 0.6279989781638886 0.0 0.017328825528510915 0.017328825528510918 0.017328825528510904 0.017328825525526604 1.5524735590300776 0.0 -5.609953844099523e-06 0.0037426985303271815 0.0 0.0
0.0 0.0023542869163050133 0.0 0.6277925832752121 0.0 0.017751318410834507 0.0177513184108345 0.01775131841083451 0.017751318408139087 1.552473558926598 0.0 -5.609900675048669e-06 0.0037426985985883907 0.0 0.0
0.0 0.00231315456383408 0.0 0.6274378158618513 0.0 0.01819557767194742 0.018195577671947096 0.01819557767194742 0.018195577671947093 1.5524735590315084 0.0 -5.609793799278405e-06 0.0037426985238859243 0.0 0.0
0.0 0.0022666488037003615 0.0 0.6269266735216545 0.0 0.01866158977471493 0.01866158977471492 0.01866158977471498 0.018661589774714812 1.5524735590507586 0.0 -5.6094944609046685e-06 0.0037426985809037756 0.0 0.0
0.0 0.0022145473778827575 0.0 0.6262491574271256 0.0 0.01914908923390348 0.0191490892339035 0.019149089233070477 0.019149089233947595 1.5524735590311638 0.0 -5.6097332579925935e-06 0.003742698523152452 0.0 0.0
0.0 0.00215674702024618 0.0 0.6254032554603188 0.0 0.01965882244569194 0.019658822445691945 0.019658822446427474 0.019658822445707207 1.552473558967636 0.0 -5.609782784021962e-06 0.003742698582560025 0.0 0.0
0.0 0.00209319093002123 0.0 0.6243919423320292 0.0 0.02019254496119411 0.02019254496119411 0.020192544960953938 0.020192544964214527 1.5524735590313625 0.0 -5.609775256415725e-06 0.003742698524261064 0.0 0.0
0.0 0.0020238874820647183 0.0 0.6232231828717032 0.0 0.0207527694292874 0.020752769429287398 0.020752769430036604 0.020752769431848724 1.5524735589158232 0.0 -5.609724576986674e-06 0.0037426986042376144 0.0 0.0
0.0 0.001948955077679661 0.0 0.6219179044407384 0.0 0.021344781063788346 0.02134478106378836 0.021344781064207497 0.021344781064207497 1.55247355902688 0.0 -5.609619588120278e-06 0.003742698539849246 0.0 0.0
0.0 0.001845210073591895 0.0 0.6200881626945562 0.0 0.022156989051370576 0.022156989051370573 0.022156989052207896 0.022156989052207907 1.552473558326671 0.0 -5.609367748425563e-06 0.003742698728109841 0.0 0.0
0.0 0.001692639703508948 0.0 0.617363580557782 0.0 0.023340327840703248 0.023340327840703248 0.023340327840706828 0.023340327840676082 1.5524735577141286 0.0 -5.6092109322019825e-06 0.003742698800565691 0.0 0.0
0.0 0.0014961261390870706 0.0 0.6137909394339561 0.0 0.024843607518125692 0.024843607518125692 0.024843607518135843 0.024843607518150606 1.552473554127405 0.0 -5.609116957740239e-06 0.0037426990456382783 0.0 0.0
0.0 0.0012603675687274526 0.0 0.6094010584824037 0.0 0.026612884468529153 0.026612884468529156 0.026612884468549418 0.026612884471387935 1.5524735560049472 0.0 -5.609039471287045e-06 0.003742698932641708 0.0 0.0
0.0 0.0009899967190115223 0.0 0.6042127953113274 0.0 0.02859116418690276 0.028591164186902714 0.02859116418690271 0.028591164186902714 1.5524735558442937 0.0 -5.608655091376406e-06 0.0037426989267551384 0.0 0.0
0.0 0.0006897269742585892 0.0 0.598240046689039 0.0 0.03071871943141216 0.03071871943142964 0.030718719431425484 0.030718719431429717 1.5524735588948964 0.0 -5.602146496160166e-06 0.0037426988862133284 0.0 0.0
0.0 0.00036443937555290235 0.0 0.591496761147132 0.0 0.03293353411759241 0.03293353411759246 0.03293353411759245 0.03293353411751662 1.5524735515701265 0.0 -5.6095062941110126e-06 0.003742699145652638 0.0 0.0
0.0 1.9520586484959497e-05 0.0 0.5840118885773858 0.0 0.03517166866104584 0.035171668661046096 0.03517166866104609 0.035171668665692435 1.5524735464022272 0.0 -5.609804065971337e-06 0.003742699326327853 0.0 0.0
0.0 -0.00033921085312220087 0.0 0.5758323943890368 0.0 0.037369217433881774 0.03736921743388178 0.03736921743396574 0.03736921743388176 1.552473558894889 0.0 -5.602146495521052e-06 0.0037426988862133666 0.0 0.0
0.0 -0.0007051942504117304 0.0 0.5670442450318536 0.0 0.039464998281105015 0.039464998281105015 0.03946499828110283 0.03946499828110521 1.5524735588948846 0.0 -5.602146495619111e-06 0.003742698886213402 0.0 0.0
0.0 -0.0010712920189308028 0.0 0.5577713160473008 0.0 0.041402474439906245 0.041402474439906245 0.04140247443990625 0.041402474439906425 1.5524735588948966 0.0 -5.60214649648491e-06 0.0037426988862133137 0.0 0.0
0.0 -0.0014298193362911407 0.0 0.5481883697092034 0.0 0.04313441775901633 0.04313441775901634 0.04313441776453396 0.04313441775879607 1.5524735588948966 0.0 -5.602146495968055e-06 0.0037426988862132907 0.0 0.0
0.0 -0.0017729649002519142 0.0 0.5385120005334157 0.0 0.044625669251853 0.044625669251853 0.044625669251853 0.04462566925179997 1.552473558894896 0.0 -5.602146495877632e-06 0.003742698886213316 0.0 0.0
0.0 -0.002093030324721921 0.0 0.5290005865593619 0.0 0.04585638957017527 0.04585638957017724 0.04585638957017724 0.04585638958339923 1.5524735588948966 0.0 -5.602146496194026e-06 0.0037426988862132864 0.0 0.0
0.0 -0.002382980791102881 0.0 0.5199382510025672 0.0 0.04682428371700859 0.04682428371700859 0.046824283716525326 0.04682428371653277 1.5524735588948966 0.0 -5.602146495837652e-06 0.0037426988862132855 0.0 0.0
0.0 -0.00263666007471777 0.0 0.5116228737805201 0.0 0.04754358161223825 0.04754358161223825 0.04754358161223787 0.04754358161223983 1.5524735588948966 0.0 -5.602146495684755e-06 0.0037426988862132838 0.0 0.0
0.0 -0.002849144132801181 0.0 0.5043491191302983 0.0 0.04804426079367227 0.048044260793672314 0.04804426076014769 0.048044260788724875 1.5524735590329373 0.0 -5.6111752903309134e-06 0.0037426985131903934 0.0 0.0
0.0 -0.0030165518731447307 0.0 0.49839643052930654 0.0 0.04836552598927375 0.04836552598927376 0.04836552598927376 0.04836552599028366 1.5524735590183432 0.0 -5.609418795071342e-06 0.003742698553625 0.0 0.0
0.0 -0.0031358501090825203 0.0 0.4940242689756703 0.0 0.04855155082648544 0.04855155082648544 0.04855155082723225 0.04855155082651169 1.5524735588948966 0.0 -5.602146496180782e-06 0.003742698886213283 0.0 0.0
0.0 -0.0032041429860100046 0.0 0.49146813963720826 0.0 0.04864046964997369 0.048640469649973594 0.048640469650493914 0.04864046965046739 1.5524735591476098 0.0 -5.6091114686384035e-06 0.0037426984883648226 0.0 0.0
0.0 -0.0032442614241699353 0.0 0.4899539457625143 0.0 0.048688551020848445 0.048688551020848445 0.04868855101964295 0.04868855101964476 1.5524735591042171 0.0 -5.609500143994721e-06 0.003742698489863527 0.0 0.0
0.0 -0.003281804542240506 0.0 0.4885567369431067 0.0 0.04874007051966029 0.04874007051966029 0.04874007051922052 0.04874007051920453 1.5524735590700702 0.0 -5.6093653722022674e-06 0.0037426985042499305 0.0 0.0
0.0 -0.0033173191737122317 0.0 0.48727739731905306 0.0 0.048802780914750266 0.04880278091475028 0.04880278091478103 0.04880278091477727 1.5524735590456722 0.0 -5.609272672094017e-06 0.003742698517211784 0.0 0.0
0.0 -0.003351166502193958 0.0 0.486113862732078 0.0 0.048880929643304004 0.04888092964330401 0.04888092964161415 0.048880929641614175 1.5524735590340595 0.0 -5.6095510688835795e-06 0.0037426985193942377 0.0 0.0
0.0 -0.003383395815804794 0.0 0.48506711614542913 0.0 0.048975518440013945 0.048975518440013945 0.04897551843640126 0.048975518436573835 1.5524735588948966 0.0 -5.602146496319071e-06 0.003742698886213282 0.0 0.0
0.0 -0.003413910278975506 0.0 0.48413817917354174 0.0 0.04908554879468633 0.04908554879468633 0.049085548786646456 0.04908554878664445 1.552473559029659 0.0 -5.609558254395327e-06 0.003742698526034038 0.0 0.0
0.0 -0.0034426041715279842 0.0 0.48332607154954493 0.0 0.04920926878185024 0.04920926878185024 0.04920926877846084 0.04920926877846803 1.552473559029856 0.0 -5.609616507965481e-06 0.00374269853075843 0.0 0.0
0.0 -0.0034693714453469626 0.0 0.48262683540015056 0.0 0.049343921580797895 0.0493439215807979 0.04934392157768961 0.049343921577684975 1.552473559022987 0.0 -5.609705716445832e-06 0.0037426985427667717 0.0 0.0
0.0 -0.003494100106543374 0.0 0.48203750729203976 0.0 0.049487001964879866 0.04948700196487981 0.04948700196315681 0.049487001963159 1.5524735589887553 0.0 -5.609526853341871e-06 0.003742698569770216 0.0 0.0
0.0 -0.0035167135825474407 0.0 0.4815521305818741 0.0 0.049635500271381514 0.0496355002713815 0.049635500271385136 0.04963550026999122 1.5524735591512335 0.0 -5.6096800719087605e-06 0.003742698472959706 0.0 0.0
0.0 -0.0035372271857005495 0.0 0.4811647295202506 0.0 0.04978765575674202 0.049787655756741676 0.04978765575674168 0.04978765575482367 1.5524735591364969 0.0 -5.609130027695066e-06 0.003742698508524391 0.0 0.0
0.0 -0.003555686190550911 0.0 0.48086733223967826 0.0 0.0499414559532365 0.0499414559532365 0.04994145595325024 0.04994145594940687 1.5524735590314689 0.0 -5.609770120648452e-06 0.0037426985188743775 0.0 0.0
0.0 -0.00357209466494783 0.0 0.4806559559003763 0.0 0.050095644124415965 0.05009564412441595 0.05009564412436781 0.050095644110465506 1.5524735590306253 0.0 -5.609711307227847e-06 0.0037426985227704194 0.0 0.0
0.0 -0.003586560146392718 0.0 0.480524606401537 0.0 0.05024971053617636 0.05024971053617654 0.05024971053617232 0.05024971053248009 1.5524735590291983 0.0 -5.609673722216016e-06 0.0037426985330008882 0.0 0.0
0.0 -0.003599056818712045 0.0 0.48047129606253214 0.0 0.050402651824969946 0.05040265182496995 0.050402651824969634 0.050402651820982594 1.5524735588948966 0.0 -5.602146496341639e-06 0.0037426988862132825 0.0 0.0
0.0 -0.003609572771671986 0.0 0.4804950384382055 0.0 0.050553966791796814 0.05055396679179696 0.05055396679094987 0.050553966790949874 1.5524735592629078 0.0 -5.609936696103162e-06 0.0037426984446297094 0.0 0.0
0.0 -0.003618064543540922 0.0 0.48059683117230945 0.0 0.05070340524059927 0.05070340524059946 0.05070340524059937 0.05070340523775472 1.5524735588206156 0.0 -5.609970943677177e-06 0.003742698614720227 0.0 0.0
0.0 -0.003624320279464147 0.0 0.48078169651589475 0.0 0.05084972754080754 0.050849727540807535 0.0508497275410829 0.05084972754109786 1.5524735590383612 0.0 -5.6097451103943576e-06 0.0037426985118951513 0.0 0.0
0.0 -0.003628042531753774 0.0 0.4810566628486596 0.0 0.050991192979534805 0.050991192979534805 0.05099119298446087 0.050991192984648964 1.5524735590310317 0.0 -5.609819692149219e-06 0.0037426985196265922 0.0 0.0
0.0 -0.0036288660093437967 0.0 0.4814277768661328 0.0 0.05112481116939989 0.051124811169399875 0.05112481117261773 0.051124811172748294 1.5524735590318584 0.0 -5.609921138633692e-06 0.003742698519587915 0.0 0.0
0.0 -0.0036265928828861198 0.0 0.4818682009392198 0.0 0.05123903704595117 0.051239037045951175 0.05123903704592988 0.051239037045951286 1.5524735588948966 0.0 -5.602146496416577e-06 0.003742698886213282 0.0 0.0
0.0 -0.003622081085342579 0.0 0.482324015766428 0.0 0.051327783129194164 0.05132778312919412 0.051327783129002415 0.05132778312900239 1.552473558972739 0.0 -5.609593113060286e-06 0.003742698737449848 0.0 0.0
0.0 -0.003616046256713512 0.0 0.4827791432298026 0.0 0.051395524454668315 0.05139552445466832 0.051395524454169596 0.05139552445416137 1.5524735590156729 0.0 -5.610016193974366e-06 0.0037426985454344524 0.0 0.0
0.0 -0.0036090847751474803 0.0 0.48322251431440677 0.0 0.05144674498293968 0.05144674498293968 0.05144674498196409 0.05144674498199414 1.5524735595043646 0.0 -5.609860594691667e-06 0.0037426984110907886 0.0 0.0
0.0 -0.0036014896411730806 0.0 0.48365108360132697 0.0 0.05148443827984712 0.051484438279847 0.05148443827890839 0.05148443827894024 1.552473559398656 0.0 -5.609977908819968e-06 0.0037426984222708104 0.0 0.0
0.0 -0.0035934522355862484 0.0 0.48406680263035917 0.0 0.05151185926274805 0.05151185926272042 0.05151185926182404 0.05151185926185153 1.5524735593322276 0.0 -5.6098197986817185e-06 0.003742698435193559 0.0 0.0
0.0 -0.003585077355392173 0.0 0.4844706457365886 0.0 0.051530759155690144 0.051530759155690144 0.05153075915488354 0.0515307591548864 1.5524735589674767 0.0 -5.609935918495949e-06 0.003742698572217644 0.0 0.0
0.0 -0.0035763069303745296 0.0 0.48486959014610387 0.0 0.05154265076834589 0.051542650768345896 0.05154265076834589 0.05154265076834589 1.5524735588948966 0.0 -5.602146496417078e-06 0.0037426988862132825 0.0 0.0
0.0 -0.003567124835483778 0.0 0.48526663192201475 0.0 0.05154828858048867 0.05154828858048866 0.05154828857964431 0.05154828857966953 1.5524735592600833 0.0 -5.609874367666073e-06 0.0037426984456130365 0.0 0.0
0.0 -0.0035573504725306413 0.0 0.48567075987404845 0.0 0.05154818629981967 0.05154818629981966 0.051548186298973994 0.0515481862990042 1.5524735592609478 0.0 -5.609984211200813e-06 0.0037426984433625407 0.0 0.0
0.0 -0.0035468638740226224 0.0 0.48608697732671347 0.0 0.05154235241305352 0.05154235241302758 0.05154235241217755 0.05154235241220351 1.5524735592704775 0.0 -5.609826001452139e-06 0.0037426984449008298 0.0 0.0
0.0 -0.0035355022902102268 0.0 0.48652129006283074 0.0 0.05153054650929125 0.05153054650926549 0.05153054650840089 0.05153054650842655 1.5524735592938863 0.0 -5.609944634782309e-06 0.0037426984385447236 0.0 0.0
0.0 -0.0035230360866577576 0.0 0.48698170552486286 0.0 0.05151228075707606 0.05151228075707606 0.05151228075707613 0.05151228075710144 1.5524735588948966 0.0 -5.602146496369188e-06 0.0037426988862132777 0.0 0.0
0.0 -0.003509314743701899 0.0 0.48747224263008027 0.0 0.051486812470678885 0.05148681247067889 0.05148681246996649 0.05148681246994339 1.552473558988214 0.0 -5.609937157791372e-06 0.003742698563011944 0.0 0.0
0.0 -0.0034940528358843345 0.0 0.4880009160730158 0.0 0.05145290392195975 0.05145290392195978 0.0514529039213035 0.051452903921286056 1.5524735590011107 0.0 -5.6100742193566894e-06 0.003742698554629678 0.0 0.0
0.0 -0.0034770988760980033 0.0 0.48857173796966025 0.0 0.05140981134269586 0.051409811342695864 0.051409811342695885 0.051409811342695864 1.5524735588948966 0.0 -5.602146496401621e-06 0.0037426988862132816 0.0 0.0
0.0 -0.003458224581442906 0.0 0.48919272480581794 0.0 0.05135704902559679 0.051357049025596804 0.05135704902560023 0.05135704902562893 1.5524735598506736 0.0 -5.609854054892976e-06 0.0037426983750741337 0.0 0.0
0.0 -0.003437229090193284 0.0 0.48986988320303954 0.0 0.05129387174305394 0.051293871743053936 0.05129387174305271 0.05129387174304074 1.5524735590288326 0.0 -5.610041289347072e-06 0.00374269853102688 0.0 0.0
0.0 -0.003413969938299286 0.0 0.49061220045135184 0.0 0.051221298831103663 0.051221298831103663 0.0512212988311236 0.05122129883110161 1.5524735588948966 0.0 -5.602146496403912e-06 0.0037426988862132816 0.0 0.0
0.0 -0.0033882937564305867 0.0 0.4914306639182294 0.0 0.051140846607325395 0.0511408466073254 0.051140846609252846 0.051140846609317794 1.5524735590319914 0.0 -5.60992571531619e-06 0.0037426985201733758 0.0 0.0
0.0 -0.003354767413762261 0.0 0.49251151585460945 0.0 0.0510398113076672 0.05103981130767062 0.05103981134961405 0.05103981135096594 1.552473559032672 0.0 -5.610191561907811e-06 0.0037426985141181175 0.0 0.0
0.0 -0.003308880290194046 0.0 0.49401792273003475 0.0 0.05091045316576822 0.050910453165768206 0.05091045316573648 0.0509104531657682 1.5524735588948966 0.0 -5.602146496425344e-06 0.003742698886213281 0.0 0.0
0.0 -0.0032520574696558112 0.0 0.4959257100150005 0.0 0.05076423539854986 0.05076423539854985 0.050764235398549865 0.05076423539854994 1.5524735588948966 0.0 -5.602146496468832e-06 0.0037426988862132807 0.0 0.0
0.0 -0.003185821175075757 0.0 0.49820968311776526 0.0 0.05061362009016628 0.05061362009016628 0.05061362008942819 0.0506136200894282 1.5524735591729555 0.0 -5.610319138861302e-06 0.0037426984573192515 0.0 0.0
0.0 -0.003111667329142288 0.0 0.5008426570503982 0.0 0.05047006479002391 0.05047006479002392 0.050470064790025096 0.050470064789046566 1.5524735589972036 0.0 -5.610397362991072e-06 0.0037426985555461603 0.0 0.0
0.0 -0.003031230341715242 0.0 0.5037894632695589 0.0 0.05034426779675598 0.050344267796755986 0.050344267795765285 0.05034426779573834 1.552473559965036 0.0 -5.610385524836917e-06 0.0037426983589810255 0.0 0.0
0.0 -0.0029459906077273492 0.0 0.5070159566519976 0.0 0.050245170090840376 0.05024517009084038 0.05024517009084038 0.050245170097877594 1.5524735590319119 0.0 -5.610404686820942e-06 0.0037426985236876016 0.0 0.0
0.0 -0.0028573768958061623 0.0 0.510481035354304 0.0 0.050178712297368006 0.050178712297368 0.050178712297368006 0.050178712317727255 1.5524735590327299 0.0 -5.610406241067135e-06 0.003742698519476035 0.0 0.0
0.0 -0.002766670033290681 0.0 0.514143627095462 0.0 0.05014882748122342 0.05014882748122344 0.05014882748040255 0.050148827506892334 1.552473559126578 0.0 -5.6098719388959024e-06 0.0037426985181381414 0.0 0.0
0.0 -0.00267495409788897 0.0 0.5179617070309489 0.0 0.050156448425332394 0.0501564484253324 0.0501564484253324 0.05015644846071653 1.5524735590323029 0.0 -5.6103572257137e-06 0.0037426985199558887 0.0 0.0
0.0 -0.0025831473812354786 0.0 0.5218932797148476 0.0 0.05020025762402713 0.05020025762402713 0.05020025762402651 0.05020025763917966 1.5524735591263668 0.0 -5.609898085387707e-06 0.003742698521231346 0.0 0.0
0.0 -0.002491930365529818 0.0 0.5258993870575254 0.0 0.050276691973070366 0.050276691973070366 0.05027669197327339 0.05027669198511942 1.5524735590298058 0.0 -5.610354068994673e-06 0.003742698529696485 0.0 0.0
0.0 -0.0024017752133432663 0.0 0.529942107621199 0.0 0.05037968964202762 0.050379689642027624 0.05037968964202762 0.05037968964792611 1.5524735590189223 0.0 -5.610342092020058e-06 0.0037426985433295853 0.0 0.0
0.0 -0.002313026800433777 0.0 0.5339865326954812 0.0 0.05050244418513301 0.05050244418513301 0.05050244418439556 0.05050244418439556 1.5524735593696792 0.0 -5.610321331309958e-06 0.0037426984279903563 0.0 0.0
0.0 -0.0022259688749071875 0.0 0.5379987611985411 0.0 0.050637648193957586 0.05063764819395766 0.05063764819333898 0.050637648193382526 1.5524735591429757 0.0 -5.610312868322648e-06 0.0037426984689497753 0.0 0.0
0.0 -0.0021407396294960846 0.0 0.5419479079248867 0.0 0.050777002090533915 0.050777002090533915 0.0507770020901222 0.050777002090119774 1.5524735590551495 0.0 -5.610315811752613e-06 0.003742698498017562 0.0 0.0
0.0 -0.002057659791695213 0.0 0.5458000642948193 0.0 0.05091370019367554 0.05091370019367555 0.050913700193676886 0.050913700193676366 1.5524735590337067 0.0 -5.610334120669739e-06 0.0037426985133695626 0.0 0.0
0.0 -0.0019769651497947706 0.0 0.5495233297421607 0.0 0.051040440003866865 0.05104044000386673 0.051040440007883166 0.05104044000788311 1.5524735590322214 0.0 -5.6103625834468505e-06 0.003742698515739292 0.0 0.0
0.0 -0.0018990812887581384 0.0 0.5530847696037244 0.0 0.05115216782261504 0.05115216782261504 0.05115216782261608 0.05115216782261561 1.5524735590329064 0.0 -5.610381505111907e-06 0.0037426985177789747 0.0 0.0
0.0 -0.0018245740001359774 0.0 0.5564494290323315 0.0 0.05124507694703622 0.05124507694703689 0.05124507694703616 0.05124507694703614 1.5524735590313203 0.0 -5.6103621622029324e-06 0.003742698525938076 0.0 0.0
0.0 -0.0017488892628206658 0.0 0.5598173131651532 0.0 0.05132298860609908 0.05132298860609909 0.051322988605606606 0.05132298860560635 1.5524735588948966 0.0 -5.602146496529003e-06 0.0037426988862132825 0.0 0.0
0.0 -0.0016674136559432363 0.0 0.5633894389689887 0.0 0.05138922558121558 0.051389225581215545 0.05138922558067681 0.05138922558067677 1.5524735590167706 0.0 -5.610360628635456e-06 0.0037426985442966373 0.0 0.0
0.0 -0.0015809201841953027 0.0 0.5671298090394871 0.0 0.051442480906301755 0.05144248090631771 0.051442480906302906 0.05144248090631902 1.552473559509527 0.0 -5.610216602400928e-06 0.003742698411314025 0.0 0.0
0.0 -0.0014902254235103715 0.0 0.5710014321837331 0.0 0.05148169298664437 0.051481692986659694 0.051481692986167185 0.05148169298612531 1.552473559397905 0.0 -5.610241449679839e-06 0.003742698424924725 0.0 0.0
0.0 -0.0013962564664333232 0.0 0.5749672883579592 0.0 0.051507303822773985 0.05150730382284336 0.05150730382227451 0.05150730382228927 1.5524735593363557 0.0 -5.610241098820496e-06 0.0037426984337106716 0.0 0.0
0.0 -0.0012999341717754662 0.0 0.5789913557911274 0.0 0.05152000522476652 0.05152000522477972 0.05152000522476652 0.05152000522477973 1.5524735588948966 0.0 -5.60214649652855e-06 0.0037426988862132773 0.0 0.0
0.0 -0.0012022122973445939 0.0 0.5830386026411413 0.0 0.05152124227415422 0.05152124227415422 0.051521242273700044 0.051521242273698885 1.5524735589703913 0.0 -5.61021059025988e-06 0.0037426985723111555 0.0 0.0
0.0 -0.0011041511268232056 0.0 0.5870709873692274 0.0 0.05151295394067578 0.05151295394067579 0.05151295394067574 0.05151295394063388 1.552473558974409 0.0 -5.6101901233347685e-06 0.0037426985708888492 0.0 0.0
0.0 -0.0010067531362420792 0.0 0.5910544630097953 0.0 0.05149758598368264 0.05149758598368259 0.051497585983682585 0.05149758598373361 1.552473558981552 0.0 -5.610184214921687e-06 0.003742698567800621 0.0 0.0
0.0 -0.0009110681411008257 0.0 0.5949529817079444 0.0 0.051477581108491044 0.05147758110849101 0.051477581108489226 0.05147758110849109 1.5524735588948966 0.0 -5.602146496527228e-06 0.0037426988862132825 0.0 0.0
0.0 -0.0008181107003737293 0.0 0.5987305033841742 0.0 0.05145488170811963 0.05145488170811968 0.05145488170780407 0.051454881707804025 1.552473558998502 0.0 -5.610254530050149e-06 0.0037426985582259703 0.0 0.0
0.0 -0.0007288818243400397 0.0 0.6023529804391168 0.0 0.05143193483310031 0.05143193483309603 0.051431934833151435 0.05143193483310069 1.5524735595381363 0.0 -5.610311173923118e-06 0.003742698404724377 0.0 0.0
0.0 -0.0006443767341076073 0.0 0.6057843745390442 0.0 0.051410431056636174 0.051410431056636174 0.05141043105649954 0.05141043105638326 1.5524735596111408 0.0 -5.6102169589152115e-06 0.0037426983993063823 0.0 0.0
0.0 -0.000565553459128051 0.0 0.6089886603751308 0.0 0.05139156244452039 0.05139156244452038 0.05139156244432383 0.05139156244431332 1.5524735590160137 0.0 -5.610348023829233e-06 0.0037426985447152747 0.0 0.0
0.0 -0.0004933279453536706 0.0 0.6119308093127623 0.0 0.05137627545428837 0.05137627545428837 0.0513762754541113 0.0513762754541113 1.5524735590189334 0.0 -5.61034907375331e-06 0.003742698542204668 0.0 0.0
0.0 -0.0004285604805459096 0.0 0.6145758090562065 0.0 0.05136476285136253 0.05136476285136252 0.05136476285122353 0.05136476285121496 1.5524735590211207 0.0 -5.610353673535874e-06 0.0037426985396111253 0.0 0.0
0.0 -0.00037211711155989467 0.0 0.6168876488910855 0.0 0.0513569668884953 0.051356966888495295 0.051356966888381136 0.05135696688838113 1.552473558874642 0.0 -5.610201306657415e-06 0.0037426987408163397 0.0 0.0
0.0 -0.0003248271262760508 0.0 0.6188303257706499 0.0 0.05135232982194587 0.051352329821945875 0.05135232982182818 0.05135232982182811 1.5524735590232235 0.0 -5.610293297446235e-06 0.003742698536989217 0.0 0.0
0.0 -0.0002874531669442304 0.0 0.6203698412979337 0.0 0.05135004695945123 0.05135004695945122 0.051350046959357534 0.05135004695935825 1.552473559023484 0.0 -5.61021757814125e-06 0.003742698536877732 0.0 0.0
0.0 -0.00026085417955086493 0.0 0.6214681957786468 0.0 0.051349307273459384 0.051349307273459384 0.051349307273399106 0.05134930727340054 1.5524735590236047 0.0 -5.61023651234856e-06 0.0037426985366832252 0.0 0.0
0.0 -0.00024017474170731125 0.0 0.6223234649676176 0.0 0.05134917807502735 0.05134917807502734 0.051349178074987976 0.05134917807498797 1.552473559114398 0.0 -5.6097598043508855e-06 0.003742698537212118 0.0 0.0
0.0 -0.00022015765777739715 0.0 0.6231527194030786 0.0 0.05134950726375321 0.05134950726375321 0.05134950726369325 0.051349507263696616 1.5524735590234588 0.0 -5.610175228056317e-06 0.0037426985371005785 0.0 0.0
0.0 -0.00020080815090007658 0.0 0.6239549598656813 0.0 0.05135004319158973 0.05135004319158973 0.05135004319158959 0.05135004319158972 1.5524735588948966 0.0 -5.602146496437089e-06 0.0037426988862132816 0.0 0.0
0.0 -0.00018217508351870128 0.0 0.6247281905297742 0.0 0.05135078265542809 0.051350782655428105 0.05135078265542185 0.051350782655427994 1.5524735588948966 0.0 -5.602146496359094e-06 0.0037426988862132794 0.0 0.0
0.0 -0.00016433062831467987 0.0 0.62546941039164 0.0 0.0513517208437944 0.0513517208437944 0.05135172084379378 0.05135172084379374 1.552473559022624 0.0 -5.61001290452716e-06 0.0037426985391866762 0.0 0.0
0.0 -0.00014731652481406366 0.0 0.6261776111907246 0.0 0.051353106190390775 0.05135310619039078 0.051353106190390164 0.05135310619038934 1.5524735590229446 0.0 -5.610182366221566e-06 0.0037426985375860152 0.0 0.0
0.0 -0.00013112564575065532 0.0 0.6268508031617268 0.0 0.05135418537513618 0.05135418537513618 0.05135418537515509 0.051354185375136134 1.5524735588948966 0.0 -5.602146496432388e-06 0.0037426988862132816 0.0 0.0
0.0 -0.00011586808667124892 0.0 0.6274859849303953 0.0 0.051355453662451915 0.051355453662451915 0.05135545366247659 0.05135545366247662 1.552473559022092 0.0 -5.610018763447036e-06 0.003742698539661332 0.0 0.0
0.0 -0.00010156680803952012 0.0 0.6280821496284152 0.0 0.051356909449670064 0.051356909449670064 0.051356909449694635 0.05135690944971393 1.5524735590223309 0.0 -5.610163201486202e-06 0.0037426985383023025 0.0 0.0
0.0 -8.82334623915164e-05 0.0 0.6286373060223389 0.0 0.05135804945365884 0.05135804945365884 0.05135804945368863 0.05135804945369502 1.5524735590218444 0.0 -5.610058575433453e-06 0.0037426985395443207 0.0 0.0
0.0 -7.597704869515265e-05 0.0 0.6291484459436693 0.0 0.05135936893927209 0.05135936893927296 0.05135936893932112 0.05135936893932201 1.5524735590211025 0.0 -5.6099283205681555e-06 0.0037426985415577635 0.0 0.0
0.0 -6.480284546900974e-05 0.0 0.6296145708729703 0.0 0.05136061626810978 0.05136061626810979 0.051360616268109796 0.05136061626810977 1.5524735588948966 0.0 -5.602146496420883e-06 0.0037426988862132816 0.0 0.0
0.0 -5.4741645858344416e-05 0.0 0.6300336902057982 0.0 0.051361538188078655 0.051361538188078655 0.051361538188131904 0.051361538188140154 1.5524735590206091 0.0 -5.609899783469622e-06 0.003742698542398723 0.0 0.0
0.0 -4.590136041676119e-05 0.0 0.6304027893002115 0.0 0.05136262997086785 0.05136262997086785 0.05136262997092621 0.0513626299709345 1.5524735590208945 0.0 -5.60999892053992e-06 0.003742698541005672 0.0 0.0
0.0 -3.826957696860441e-05 0.0 0.6307208774346997 0.0 0.051363389935348204 0.05136338993534822 0.05136338993541343 0.05136338993542143 1.5524735590210719 0.0 -5.6100809403560975e-06 0.0037426985400894996 0.0 0.0
0.0 -3.191282453828447e-05 0.0 0.6309859500642916 0.0 0.051364064911666965 0.051364064911666965 0.05136406491174138 0.05136406491174045 1.5524735590201335 0.0 -5.609888276735743e-06 0.00374269854299623 0.0 0.0
0.0 -2.6903280616102254e-05 0.0 0.6311950066637811 0.0 0.05136465009001855 0.05136465009001855 0.05136465009009201 0.05136465009009203 1.5524735590203222 0.0 -5.609942865257312e-06 0.0037426985421275135 0.0 0.0
0.0 -2.3246582366882207e-05 0.0 0.6313470505822896 0.0 0.05136489382857529 0.05136489382857529 0.05136489382864868 0.05136489382864863 1.5524735590204655 0.0 -5.609984656590835e-06 0.0037426985415487542 0.0 0.0
0.0 -2.1027675396101785e-05 0.0 0.6314400737060879 0.0 0.051365292995766615 0.051365292995766615 0.05136529299583308 0.051365292995839064 1.5524735590204999 0.0 -5.6100096026494e-06 0.0037426985412629394 0.0 0.0
