0.0 0.000815849581322475 0.0 0.5518724402142573 0.0 0.013707179499063278 0.013707179499085002 0.013707179519730222 0.013707179197062633 1.5524735603759585 0.0 -5.602150449917849e-06 0.003742698886207904 0.0 0.0
0.0 0.0006912700075797467 0.0 0.5467397316624695 0.0 0.013714453239609922 0.013714453239609925 0.013714453239607786 0.013714453239607778 1.5524735602146968 0.0 -5.60880827642812e-06 0.003742698449572931 0.0 0.0
0.0 0.0005635301009956922 0.0 0.5416173246586314 0.0 0.013768251864962177 0.013768251864962175 0.013768251865020755 0.01376825186502076 1.5524735598270631 0.0 -5.609272926672236e-06 0.003742698462255861 0.0 0.0
0.0 0.00043236618940088435 0.0 0.5365171085167373 0.0 0.013876094534635458 0.013876094534635453 0.013876094534629659 0.013876094534629653 1.5524735588948966 0.0 -5.602146496174905e-06 0.0037426988862132807 0.0 0.0
0.0 0.00029752633473637024 0.0 0.5314499999764816 0.0 0.014045002526333821 0.014045002526333806 0.014045002504376132 0.014045002504441694 1.5524735590283756 0.0 -5.609358585109299e-06 0.0037426985297461255 0.0 0.0
0.0 0.00015898962296674 0.0 0.5264348859817416 0.0 0.014281505648697582 0.014281505648697592 0.014281505647982733 0.01428150564867988 1.552473559026675 0.0 -5.6091266275982114e-06 0.0037426985428080225 0.0 0.0
0.0 1.6800759569987604e-05 0.0 0.5214926902162996 0.0 0.014591888513054659 0.014591888513054667 0.014591888513048367 0.014591888513048238 1.5524735589930692 0.0 -5.6091266703063445e-06 0.0037426985793599407 0.0 0.0
0.0 -0.00012885681275930314 0.0 0.5166493276586295 0.0 0.014982193883688613 0.014982193883688608 0.014982193882362972 0.014982193882378562 1.55247355902749 0.0 -5.609107287815398e-06 0.003742698533093471 0.0 0.0
0.0 -0.0002775446562399114 0.0 0.5119367421592671 0.0 0.015456973556860827 0.015456973556860824 0.015456973556493444 0.015456973556503033 1.5524735590170653 0.0 -5.60925242117998e-06 0.003742698558479089 0.0 0.0
0.0 -0.00042869147650533403 0.0 0.50739087957138 0.0 0.016020286024908993 0.016020286024909 0.01602028591914307 0.016020285919037484 1.5524735590274472 0.0 -5.609152164460265e-06 0.0037426985332770072 0.0 0.0
0.0 -0.0005814525189093115 0.0 0.5030537209558607 0.0 0.01667444865666553 0.01667444865666553 0.01667444865521353 0.016674448655256042 1.552473558963998 0.0 -5.609088172622625e-06 0.0037426985953143616 0.0 0.0
0.0 -0.0007348557144403145 0.0 0.49897025808422585 0.0 0.017421034340988652 0.01742103434098865 0.017421034340989388 0.017421034335460227 1.5524735590194354 0.0 -5.609091175185179e-06 0.00374269855718377 0.0 0.0
0.0 -0.0008875820714325032 0.0 0.49519152276860207 0.0 0.018258874309204594 0.01825887430920537 0.01825887430900015 0.018258874308999744 1.5524735590266427 0.0 -5.6090798585461065e-06 0.003742698542675233 0.0 0.0
0.0 -0.0010381538539264176 0.0 0.4917705715435605 0.0 0.019185301735906057 0.019185301735906057 0.019185301735615303 0.019185301735613537 1.552473558338679 0.0 -5.608690318230182e-06 0.003742698733450143 0.0 0.0
0.0 -0.00118486148417818 0.0 0.488762500216047 0.0 0.020195157055224462 0.020195157055224462 0.02019515705485951 0.020195157055224726 1.5524735582836418 0.0 -5.60909625409937e-06 0.003742698738058034 0.0 0.0
0.0 -0.0013258107444882243 0.0 0.4862224396007743 0.0 0.02128077517046804 0.021280775170468044 0.021280775170469553 0.02128077516929513 1.5524735580144913 0.0 -5.609137055249142e-06 0.00374269877077693 0.0 0.0
0.0 -0.0014588385310401258 0.0 0.4842075677316506 0.0 0.02243149575528468 0.022431495755284678 0.02243149575479088 0.022431495754789192 1.5524735573919763 0.0 -5.609311093041986e-06 0.003742698832888262 0.0 0.0
0.0 -0.0015816629938907485 0.0 0.4827701098193992 0.0 0.023633405026099997 0.023633405026099997 0.02363340502608387 0.023633405026084832 1.5524735589718235 0.0 -5.609477075877413e-06 0.003742698584811546 0.0 0.0
0.0 -0.0016919671546041556 0.0 0.4819553295373746 0.0 0.024869814988854013 0.024869814988854017 0.024869814989411546 0.024869814988871915 1.5524735588024126 0.0 -5.609538360319547e-06 0.003742698638378133 0.0 0.0
0.0 -0.0017873582293646882 0.0 0.48180253428074993 0.0 0.026121038044590393 0.026121038044590393 0.026121038044572914 0.026121038041859113 1.5524735583619853 0.0 -5.609795848845572e-06 0.003742698715385497 0.0 0.0
0.0 -0.001865949847641938 0.0 0.4823330111201047 0.0 0.02736835469275558 0.027368354692755583 0.027368354692755587 0.02736835469275557 1.552473557473519 0.0 -5.60994022068231e-06 0.0037426988162441435 0.0 0.0
0.0 -0.0019270047737703115 0.0 0.48352103006680125 0.0 0.028593220289247438 0.02859322028924744 0.028593220289247424 0.028593220289247448 1.5524735560558733 0.0 -5.610236705899316e-06 0.0037426989287120283 0.0 0.0
0.0 -0.001970162762836567 0.0 0.48531988082812616 0.0 0.02977531566494578 0.029775315664930007 0.029775315665580122 0.029775315665580115 1.5524735588722753 0.0 -5.610184818383154e-06 0.0037426986094849448 0.0 0.0
0.0 -0.001995548635151719 0.0 0.4876747889169552 0.0 0.030898286778532385 0.030898286778532385 0.030898286778548303 0.03089828677853043 1.5524735588948966 0.0 -5.602146496507739e-06 0.0037426988862132855 0.0 0.0
0.0 -0.002003710481011799 0.0 0.4905249309672805 0.0 0.03194953807958098 0.03194953807958099 0.031949538079581404 0.031949538079628755 1.5524735586341782 0.0 -5.610402156608289e-06 0.0037426986617211154 0.0 0.0
0.0 -0.0019955906501178886 0.0 0.4938044121941894 0.0 0.03292021425363897 0.03292021425363897 0.03292021425367233 0.03292021425363905 1.5524735586723335 0.0 -5.610429614019295e-06 0.003742698653763406 0.0 0.0
0.0 -0.001972287148468651 0.0 0.4974493060880552 0.0 0.03380421116791498 0.03380421116791499 0.03380421116791542 0.03380421116492785 1.5524735588215506 0.0 -5.610451909664443e-06 0.0037426986212593704 0.0 0.0
0.0 -0.0019351201444706178 0.0 0.501398624383262 0.0 0.034599430486304 0.03459943048630399 0.03459943048359938 0.034599430486276395 1.5524735589701075 0.0 -5.610346222940707e-06 0.0037426985754345126 0.0 0.0
0.0 -0.0018855087208056696 0.0 0.5055933518700252 0.0 0.035305774289935414 0.03530577428993542 0.03530577429426818 0.03530577428993541 1.5524735574025592 0.0 -5.610296389041032e-06 0.0037426988109392567 0.0 0.0
0.0 -0.0018249308227243617 0.0 0.5099804318241765 0.0 0.035925917477199185 0.03592591747719918 0.03592591747719918 0.035925917477216046 1.5524735588948966 0.0 -5.602146496543272e-06 0.0037426988862132872 0.0 0.0
0.0 -0.0017548178931453147 0.0 0.5145117933082254 0.0 0.036463524340157275 0.03646352434015727 0.03646352433935158 0.036463524332685106 1.5524735590107566 0.0 -5.610285785062887e-06 0.0037426985527313265 0.0 0.0
0.0 -0.0016765972988037913 0.0 0.5191463355064636 0.0 0.03692453324258098 0.03692453324258097 0.036924533242504214 0.03692453324262016 1.552473559034705 0.0 -5.610351524733999e-06 0.0037426985128991884 0.0 0.0
0.0 -0.0015916568043707958 0.0 0.5238469433089251 0.0 0.03731563576627167 0.037315635766271664 0.03731563576627167 0.03731563576576681 1.5524735590277954 0.0 -5.610149716463614e-06 0.003742698535655805 0.0 0.0
0.0 -0.0015012280009565038 0.0 0.5285845045861317 0.0 0.03764403639233421 0.03764403639233422 0.037644036392334206 0.03764403639238845 1.552473558937859 0.0 -5.61022752040121e-06 0.0037426985890897753 0.0 0.0
0.0 -0.0014065441778645924 0.0 0.5333328856046977 0.0 0.03791794517590732 0.03791794517590732 0.0379179451757638 0.03791794517586761 1.5524735590347023 0.0 -5.610280042433276e-06 0.003742698513925827 0.0 0.0
0.0 -0.0013086389323864072 0.0 0.5380719654097759 0.0 0.038144830650204194 0.03814483065020415 0.0381448306500764 0.038144830646133325 1.5524735590304883 0.0 -5.609994225993018e-06 0.0037426985253030563 0.0 0.0
0.0 -0.001208589712800821 0.0 0.5427836137395492 0.0 0.038333415452901184 0.038333415452901184 0.03833341545290118 0.03833341545290209 1.552473559026354 0.0 -5.61010587709337e-06 0.003742698538409331 0.0 0.0
0.0 -0.0011072193100858648 0.0 0.5474557152049647 0.0 0.03849093139966534 0.038490931399665355 0.03849093139925437 0.038490931399548074 1.552473559002018 0.0 -5.610211375952856e-06 0.003742698559335702 0.0 0.0
0.0 -0.0010053633467971951 0.0 0.5520771473576994 0.0 0.038625112646367435 0.03862511264636726 0.03862511264636727 0.03862511264636744 1.5524735592888435 0.0 -5.609920956345019e-06 0.003742698457902043 0.0 0.0
0.0 -0.0009038202048441543 0.0 0.5566368051731782 0.0 0.038743191155370955 0.03874319115537085 0.03874319115537085 0.0387431911553603 1.5524735591024523 0.0 -5.610109950027295e-06 0.0037426984887169576 0.0 0.0
0.0 -0.0008038766825084375 0.0 0.5610926163546051 0.0 0.0388488512943381 0.03884885129433809 0.03884885129443641 0.03884885129443194 1.5524735591342789 0.0 -5.609810285151401e-06 0.0037426985063065132 0.0 0.0
0.0 -0.000705863708625777 0.0 0.5654186315806404 0.0 0.03893805061429868 0.03893805061430032 0.03893805061431247 0.03893805061431086 1.552473559032422 0.0 -5.610165077782873e-06 0.0037426985175418683 0.0 0.0
0.0 -0.000608973764326858 0.0 0.5696339309761151 0.0 0.03900606877189056 0.03900606877190887 0.03900606878066381 0.03900606878066324 1.5524735588948966 0.0 -5.602146496539994e-06 0.003742698886213281 0.0 0.0
0.0 -0.0005125413374873715 0.0 0.5737555706520336 0.0 0.03904943253884803 0.039049432538848045 0.03904943253889185 0.03904943253887883 1.5524735590319698 0.0 -5.610324782413429e-06 0.0037426985166733712 0.0 0.0
0.0 -0.0004159281380030121 0.0 0.5777986100515922 0.0 0.039064415344899475 0.03906441534489948 0.03906441534491022 0.039064415344910196 1.5524735590319187 0.0 -5.610309326903117e-06 0.0037426985171845014 0.0 0.0
0.0 -0.0003185342984333042 0.0 0.5817781032938277 0.0 0.03904779076982436 0.03904779076987114 0.03904779076982444 0.03904779077642827 1.5524735590318717 0.0 -5.610306305400649e-06 0.003742698517027485 0.0 0.0
0.0 -0.00021978886911064888 0.0 0.5857071057907753 0.0 0.03899607912257505 0.03899607912257506 0.03899607912258282 0.03899607912258281 1.5524735588948966 0.0 -5.602146496531172e-06 0.0037426988862132816 0.0 0.0
0.0 -0.00011917623969659611 0.0 0.5895956789618441 0.0 0.03890554591773552 0.03890554591773552 0.03890554591773552 0.03890554591782445 1.5524735590359962 0.0 -5.610327831914307e-06 0.0037426985114096868 0.0 0.0
0.0 -1.613595969393676e-05 0.0 0.5934548835651834 0.0 0.0387722082176379 0.0387722082176379 0.038772208217637896 0.03877220821768241 1.5524735590797751 0.0 -5.610344305398573e-06 0.003742698490320496 0.0 0.0
0.0 8.980166774229776e-05 0.0 0.5972897907137622 0.0 0.03859132374995891 0.03859132374995891 0.03859132374995891 0.03859132374995891 1.5524735593748429 0.0 -5.610107364869378e-06 0.003742698443154045 0.0 0.0
0.0 0.0001991566666228698 0.0 0.6011044925992458 0.0 0.03835714633424197 0.03835714633424196 0.03835714633437558 0.0383571463342231 1.552473559024623 0.0 -5.610173153184576e-06 0.0037426985400965587 0.0 0.0
0.0 0.0003123467160797212 0.0 0.6048980763109868 0.0 0.038063675379523855 0.03806367537952381 0.03806367537956106 0.03806367538578165 1.5524735590315308 0.0 -5.610228895260475e-06 0.0037426985186491024 0.0 0.0
0.0 0.0004297006674225101 0.0 0.608663641012619 0.0 0.03770414818329319 0.03770414818329319 0.0377041481832899 0.03770414818330049 1.5524735591506746 0.0 -5.610281260259869e-06 0.0037426984744711794 0.0 0.0
0.0 0.0005515186954226899 0.0 0.6123893032220892 0.0 0.03727054975036721 0.03727054975036722 0.03727054975036722 0.03727054975044919 1.5524735621819978 0.0 -5.610331204220309e-06 0.0037426982691771684 0.0 0.0
0.0 0.0006779117519912842 0.0 0.6160521888679324 0.0 0.036753824270057314 0.036753824270057314 0.036753824270037296 0.036753824270032036 1.5524735591000356 0.0 -5.610144420090723e-06 0.0037426984891876782 0.0 0.0
0.0 0.0008087536551668208 0.0 0.6196204244095741 0.0 0.03614518686067764 0.036145186860677324 0.036145186861036474 0.03614518686064724 1.5524735588948988 0.0 -5.6021464965292484e-06 0.003742698886213201 0.0 0.0
0.0 0.0009436364894495498 0.0 0.6230481377691527 0.0 0.03543505933853346 0.035435059338533456 0.035435059338932734 0.03543505934372485 1.5524735604295776 0.0 -5.610365385660566e-06 0.0037426983564687252 0.0 0.0
0.0 0.0010816613119969153 0.0 0.6262704419136274 0.0 0.03461432835413817 0.03461432835413816 0.03461432835465428 0.03461432835416587 1.5524735594034036 0.0 -5.6098699310304844e-06 0.0037426984483295055 0.0 0.0
0.0 0.0012214734414789177 0.0 0.6292074328419384 0.0 0.03367512140446263 0.033675121404462875 0.03367512140726273 0.03367512140446263 1.5524735592514833 0.0 -5.610342975133546e-06 0.003742698458503265 0.0 0.0
0.0 0.001360849273313861 0.0 0.631752148565843 0.0 0.03261251382039873 0.03261251382039873 0.032612513827446496 0.032612513820401666 1.5524735588950573 0.0 -5.602146495885781e-06 0.003742698886213068 0.0 0.0
0.0 0.0014960761469204268 0.0 0.6337754333603203 0.0 0.03143455455631942 0.03143455455631942 0.031434554556345626 0.03143455455631941 1.5524735609869698 0.0 -5.610330924896151e-06 0.0037426983335547876 0.0 0.0
0.0 0.0016232176141158636 0.0 0.6351829131269364 0.0 0.03016385300862668 0.030163853008626677 0.030163853008616726 0.030163853008583076 1.5524735685432318 0.0 -5.610242193005487e-06 0.003742698118167941 0.0 0.0
0.0 0.0017393286467556727 0.0 0.6359162590184176 0.0 0.028821352343950554 0.028821352343950404 0.028821352343207717 0.0288213523439504 1.552473598562863 0.0 -5.6102527870332175e-06 0.003742697720420287 0.0 0.0
0.0 0.0018416929939938786 0.0 0.6359350955824907 0.0 0.027430812109137986 0.02743081210917561 0.02743081210839202 0.02743081210839203 1.5524735588961522 0.0 -5.602146498714429e-06 0.0037426988862127556 0.0 0.0
0.0 0.0019278452463312612 0.0 0.6352130511231694 0.0 0.026017157601873682 0.02601715760187369 0.026017157601014522 0.026017157601873692 1.5524735588949499 0.0 -5.602146496474197e-06 0.0037426988862129668 0.0 0.0
0.0 0.0019957817108932304 0.0 0.6337427457416761 0.0 0.0246053041007998 0.024605304100799946 0.0246053041007998 0.024605304100799794 1.552473558895952 0.0 -5.602146498196166e-06 0.0037426988862128453 0.0 0.0
0.0 0.002043996517031291 0.0 0.6315348252190761 0.0 0.02321930275762926 0.023219302757629248 0.023219302756729423 0.023219302757603272 1.5524735743293063 0.0 -5.60926306285517e-06 0.0037426981156911793 0.0 0.0
0.0 0.002071393583515419 0.0 0.6286119517963114 0.0 0.02188160415578886 0.021881604155788843 0.021881604155817472 0.02188160415581747 1.552473558895331 0.0 -5.602146496571983e-06 0.0037426988862130405 0.0 0.0
0.0 0.0020773931457562923 0.0 0.6250128365494143 0.0 0.02061286362753108 0.020612863627531033 0.02061286362753103 0.020612863627504172 1.5524735588980838 0.0 -5.602146503811213e-06 0.0037426988862126294 0.0 0.0
0.0 0.0020619045052446714 0.0 0.6207862357339673 0.0 0.019430397549796193 0.019430397549796193 0.019430397550710427 0.019430397547237948 1.552473566764256 0.0 -5.609040520606286e-06 0.0037426982685587443 0.0 0.0
0.0 0.0020252937298719993 0.0 0.6159899512898485 0.0 0.018348285136347824 0.018348285136347828 0.01834828513727702 0.018348285136360488 1.5524735740833406 0.0 -5.6090890262856585e-06 0.0037426981692042266 0.0 0.0
0.0 0.001968257995958304 0.0 0.6106848398665653 0.0 0.017377082845943425 0.01737708284594348 0.017377082846866863 0.01737708284686686 1.5524735588949217 0.0 -5.6021464962242785e-06 0.003742698886213122 0.0 0.0
0.0 0.0018918139896316052 0.0 0.6049348313702635 0.0 0.01652397976662638 0.016523979766626385 0.016523979766621972 0.016523979771580363 1.552473565289225 0.0 -5.609315274890484e-06 0.0037426983066544796 0.0 0.0
0.0 0.0017972918843212847 0.0 0.5988048786955696 0.0 0.01579226519692548 0.015792265196925483 0.015792265198464085 0.015792265198476443 1.55247355938844 0.0 -5.609373722714484e-06 0.0037426984811595107 0.0 0.0
0.0 0.0016861603569802096 0.0 0.5923550156433204 0.0 0.01518168724110388 0.015181687241103867 0.015181687248626197 0.015181687247829758 1.552473619046912 0.0 -5.609738310469029e-06 0.0037426978434612437 0.0 0.0
0.0 0.0015599900597613066 0.0 0.5856402949110372 0.0 0.014688974941055626 0.014688974941055623 0.014688974941783164 0.014688974941792905 1.5524735608675322 0.0 -5.609494859538689e-06 0.003742698415704849 0.0 0.0
0.0 0.0014204136668445107 0.0 0.5787108379546927 0.0 0.014308372412818153 0.014308372412818278 0.01430837241339785 0.014308372413531221 1.5524735969584353 0.0 -5.61018509953792e-06 0.0037426979869987394 0.0 0.0
0.0 0.0012691103212675457 0.0 0.5716087745027195 0.0 0.014030866548187172 0.014030866548187157 0.014030866548020117 0.014030866548020117 1.5524735591250618 0.0 -5.609828608377869e-06 0.003742698515307955 0.0 0.0
0.0 0.001107662307459547 0.0 0.5643662903646242 0.0 0.013845476241353167 0.013845476241353157 0.01384547624136852 0.013845476241368514 1.5524735592282646 0.0 -5.610533125633357e-06 0.0037426984839501226 0.0 0.0
0.0 0.0009376876962888894 0.0 0.5570115760702188 0.0 0.013739421501451481 0.013739421501451481 0.013739421501546275 0.013739421501546284 1.5524735602241986 0.0 -5.610031975873401e-06 0.003742698434357374 0.0 0.0
