0.0 -0.0008658585658497217 0.0 0.48202091989207757 0.0 0.013619206145731977 0.013619206146605558 0.013619206187821389 0.01361920618066342 1.552473560465369 0.0 -5.602150688653408e-06 0.0037426988862076334 0.0 0.0
0.0 -0.0008636221330585855 0.0 0.482113948920546 0.0 0.013619362192688281 0.013619362192688276 0.013619362192691125 0.01361936219269095 1.5524735641338465 0.0 -5.6099026672261424e-06 0.00374269832864807 0.0 0.0
0.0 -0.0008599827341964322 0.0 0.4822659868443768 0.0 0.013619845996443072 0.013619845996443074 0.013619845996443775 0.013619845996445628 1.5524735588948966 0.0 -5.602146496398543e-06 0.0037426988862132825 0.0 0.0
0.0 -0.000854974299251913 0.0 0.4824750456961313 0.0 0.013620441053655641 0.013620441053655643 0.013620441053656014 0.013620441053655466 1.5524735640863379 0.0 -5.610002549616194e-06 0.0037426983268208382 0.0 0.0
0.0 -0.000848599132076617 0.0 0.48274012225064045 0.0 0.013620865959342223 0.01362086595934222 0.013620865959344242 0.013620865959344291 1.5524735640695309 0.0 -5.610073675379906e-06 0.003742698325429943 0.0 0.0
0.0 -0.0008409673380697913 0.0 0.4830582102158851 0.0 0.013621625827444772 0.013621625827444774 0.01362162582744752 0.013621625827447519 1.5524735640193579 0.0 -5.6098884088540715e-06 0.003742698331274181 0.0 0.0
0.0 -0.0008321270466617815 0.0 0.48342730929138245 0.0 0.013622717517408438 0.013622717517408433 0.013622717517410687 0.013622717517412822 1.5524735639721894 0.0 -5.609989845681095e-06 0.0037426983293339646 0.0 0.0
0.0 -0.0008220647464412106 0.0 0.48384642648330733 0.0 0.013623629727507516 0.013623629727508912 0.013623629727509192 0.013623629727779613 1.5524735589915701 0.0 -5.610099152670743e-06 0.003742698566845413 0.0 0.0
0.0 -0.0008108730053466611 0.0 0.48431255712717225 0.0 0.013624633945454424 0.013624633945454417 0.013624633945454954 0.013624633945454991 1.5524735626395236 0.0 -5.609504703206006e-06 0.0037426983611242156 0.0 0.0
0.0 -0.0007986167961969455 0.0 0.4848236974007566 0.0 0.013625955918987926 0.01362595591898793 0.013625955918989503 0.013625955918995543 1.5524735638210059 0.0 -5.610096225491275e-06 0.0037426983297551577 0.0 0.0
0.0 -0.0007852823764285718 0.0 0.48537885156608157 0.0 0.013627086563884906 0.013627086563884904 0.013627086563889687 0.013627086563885622 1.5524735588949 0.0 -5.602146496410865e-06 0.0037426988862132235 0.0 0.0
0.0 -0.0007709637413638574 0.0 0.4859750222288886 0.0 0.013628301458038653 0.01362830145803865 0.013628301458039872 0.013628301458039872 1.552473563711038 0.0 -5.610135132180479e-06 0.0037426983311141357 0.0 0.0
0.0 -0.0007557058068960404 0.0 0.4866102017441324 0.0 0.013629569617636537 0.013629569617636535 0.013629569617638036 0.013629569617638077 1.5524735636450426 0.0 -5.610040972198855e-06 0.003742698334504921 0.0 0.0
0.0 -0.0007395152831465117 0.0 0.4872833959829848 0.0 0.013630648693089602 0.013630648693089591 0.013630648693091425 0.013630648693091349 1.5524735635887077 0.0 -5.609951618754222e-06 0.0037426983378692933 0.0 0.0
0.0 -0.000722501174823318 0.0 0.48799159676285897 0.0 0.013632033935331531 0.013632033935331533 0.01363203393533239 0.01363203393533244 1.5524735635359797 0.0 -5.610140194641956e-06 0.0037426983345383623 0.0 0.0
0.0 -0.0007046563467413404 0.0 0.4887328143952618 0.0 0.01363297203027294 0.013632972030272942 0.013632972030273943 0.013632972030273931 1.552473563488073 0.0 -5.610074514901962e-06 0.003742698336905596 0.0 0.0
0.0 -0.0006860414900274068 0.0 0.48950604112130675 0.0 0.013633959025323173 0.013633959025323166 0.01363395902532451 0.013633959025321583 1.5524735622971428 0.0 -5.609559783230437e-06 0.003742698367581908 0.0 0.0
0.0 -0.0006666925403426261 0.0 0.4903082840189017 0.0 0.013634497308860481 0.013634497308860474 0.013634497308861671 0.013634497308863933 1.5524735634098914 0.0 -5.6099603066580526e-06 0.0037426983412604873 0.0 0.0
0.0 -0.0006466938529117552 0.0 0.49113753474188526 0.0 0.013635076504026055 0.013635076504026058 0.013635076504046282 0.01363507650402623 1.5524735633956637 0.0 -5.610177567809207e-06 0.0037426983366980818 0.0 0.0
0.0 -0.0006260328463685157 0.0 0.4919928002990134 0.0 0.013635197327127395 0.013635197327127395 0.01363519732712756 0.013635197327119356 1.5524735633862348 0.0 -5.610142761537423e-06 0.0037426983375528937 0.0 0.0
0.0 -0.0005991338897087103 0.0 0.49310515133903576 0.0 0.013634980182946708 0.013634980182946699 0.013634980182948814 0.01363498018294882 1.5524735633950346 0.0 -5.6101710088060424e-06 0.0037426983368223903 0.0 0.0
0.0 -0.0005609481008338774 0.0 0.49468066365115726 0.0 0.013633496634249257 0.013633496634249159 0.013633496634247112 0.013633496634247205 1.5524735588948997 0.0 -5.602146496478226e-06 0.0037426988862132244 0.0 0.0
0.0 -0.0005124029673211441 0.0 0.4966793379206307 0.0 0.01363019953386751 0.013630199533867507 0.013630199533860882 0.013630199533860883 1.5524735588948997 0.0 -5.602146496478819e-06 0.0037426988862132235 0.0 0.0
0.0 -0.000454381548510579 0.0 0.49906217421339116 0.0 0.013624277189653656 0.013624277189653594 0.013624277189628643 0.013624277189628647 1.5524735638862193 0.0 -5.610374454242836e-06 0.003742698324074081 0.0 0.0
0.0 -0.0003878004024583419 0.0 0.501790157691193 0.0 0.013615388568467675 0.013615388568467857 0.013615388568466568 0.013615388568512007 1.5524735588948966 0.0 -5.602146496520593e-06 0.003742698886213282 0.0 0.0
0.0 -0.00031363108325959234 0.0 0.5048222897557229 0.0 0.013603246297905287 0.013603246297905294 0.013603246297907667 0.013603246298016368 1.5524735589976468 0.0 -5.610470308978823e-06 0.0037426985609838393 0.0 0.0
0.0 -0.0002328708994186701 0.0 0.5081185444231873 0.0 0.013588276925831833 0.01358827692583179 0.013588276925833177 0.013588276925834551 1.5524735590012055 0.0 -5.610487238011109e-06 0.0037426985588483027 0.0 0.0
0.0 -0.00014650921861536235 0.0 0.5116408979164517 0.0 0.013571435086040343 0.013571435086040345 0.01357143508609771 0.013571435086034771 1.5524735669305278 0.0 -5.610488942209849e-06 0.0037426982743177404 0.0 0.0
0.0 -5.5602155812750744e-05 0.0 0.5153483221995815 0.0 0.013553608798185214 0.013553608798185218 0.013553608798178022 0.013553608798178149 1.552473558894909 0.0 -5.602146496565638e-06 0.0037426988862131623 0.0 0.0
0.0 3.87769399566391e-05 0.0 0.5192017836354358 0.0 0.01353655279314768 0.013536552793147914 0.013536552793060753 0.013536552793060755 1.552473569597115 0.0 -5.610418511525601e-06 0.003742698240356141 0.0 0.0
0.0 0.00013554212799395953 0.0 0.523161241190252 0.0 0.013521898974268006 0.01352189897426789 0.013521898974259693 0.013521898974259696 1.5524735708875395 0.0 -5.610422543484315e-06 0.003742698223709638 0.0 0.0
0.0 0.00023363019518260188 0.0 0.5271886545264641 0.0 0.013511604210983442 0.013511604210983436 0.01351160421097445 0.013511604211054637 1.5524735718574192 0.0 -5.610412647260975e-06 0.003742698212339596 0.0 0.0
0.0 0.00033188345713612354 0.0 0.5312419816091034 0.0 0.013507600930967891 0.013507600930967884 0.013507600930960382 0.013507600930957991 1.5524735722383254 0.0 -5.610394819310392e-06 0.0037426982085326413 0.0 0.0
0.0 0.0004292588657930696 0.0 0.5352831853042652 0.0 0.013511578054250501 0.013511578054250491 0.013511578054326706 0.01351157805423999 1.5524735718210705 0.0 -5.610376205478752e-06 0.003742698214112244 0.0 0.0
0.0 0.0005246616920224641 0.0 0.53927123092898 0.0 0.013524947437038566 0.013524947437038562 0.013524947437026556 0.01352494743702206 1.5524735588949161 0.0 -5.6021464966013665e-06 0.0037426988862131316 0.0 0.0
0.0 0.0006170500276086637 0.0 0.5431660931984595 0.0 0.01354870837385567 0.013548708373855665 0.013548708373841952 0.013548708373841959 1.5524735663367586 0.0 -5.609898109370964e-06 0.0037426982928448075 0.0 0.0
0.0 0.0007054667912346407 0.0 0.5469277598797684 0.0 0.01358274318422937 0.013582743184229366 0.013582743184217353 0.013582743184292157 1.5524735660700033 0.0 -5.610415025412876e-06 0.003742698291071119 0.0 0.0
0.0 0.0007889670281607695 0.0 0.5505162229009948 0.0 0.013626747465888865 0.013626747465888869 0.013626747465876688 0.013626747465876688 1.5524735633621032 0.0 -5.610366892752869e-06 0.0037426985360979026 0.0 0.0
0.0 0.0008666375034597803 0.0 0.5538904855411236 0.0 0.013679661374473073 0.013679661374473072 0.0136796613744162 0.013679661374413237 1.5524735616607084 0.0 -5.610468173303343e-06 0.003742698375787946 0.0 0.0
0.0 0.0009376874105907644 0.0 0.5570115657420661 0.0 0.013739421591249855 0.013739421591249858 0.013739421591240898 0.013739421591240893 1.5524735602761044 0.0 -5.610466982551961e-06 0.0037426984203528823 0.0 0.0
0.0 0.0010056460015186578 0.0 0.5600284960823801 0.0 0.013807017374742846 0.013807017374742846 0.01380701737473158 0.013807017374731586 1.5524735594681953 0.0 -5.610464839791722e-06 0.0037426984601772444 0.0 0.0
0.0 0.001074390657277203 0.0 0.5631063053273584 0.0 0.013883963265337612 0.013883963265337614 0.013883963265259551 0.01388396326525955 1.5524735591182084 0.0 -5.610462614900227e-06 0.003742698492218124 0.0 0.0
0.0 0.001143829642306328 0.0 0.5662320346842095 0.0 0.013967237591153979 0.013967237591153973 0.013967237591159115 0.013967237591469547 1.552473559036193 0.0 -5.610456786415505e-06 0.0037426985106348114 0.0 0.0
0.0 0.0012138174629240093 0.0 0.5693897282464736 0.0 0.014053563834472987 0.014053563834472952 0.014053563834735602 0.014053563834745687 1.5524735590328151 0.0 -5.610443666701978e-06 0.003742698513571155 0.0 0.0
0.0 0.0012843176142973295 0.0 0.5725664384668692 0.0 0.014139170437833101 0.014139170437833153 0.014139170439375778 0.01413917043937405 1.5524735590327599 0.0 -5.610420949211559e-06 0.0037426985161728137 0.0 0.0
0.0 0.0013552331072909862 0.0 0.5757482091641003 0.0 0.014220784441147874 0.014220784441147858 0.014220784441160627 0.01422078444116059 1.5524735588948966 0.0 -5.60214649652238e-06 0.003742698886213281 0.0 0.0
0.0 0.0014265021475747715 0.0 0.5789210965755487 0.0 0.014294632872846042 0.014294632872846056 0.014294632872852452 0.01429463287285246 1.5524735590320988 0.0 -5.61045717882676e-06 0.0037426985232795486 0.0 0.0
0.0 0.0014980044712924435 0.0 0.5820701398679317 0.0 0.01435744114141835 0.014357441141418247 0.014357441141418608 0.014357441141497737 1.5524735590297825 0.0 -5.610452763976927e-06 0.0037426985294745593 0.0 0.0
0.0 0.0015695998072958197 0.0 0.5851803817777125 0.0 0.01440618475800651 0.01440618475800643 0.014406184758004663 0.014406184757935576 1.5524735590267111 0.0 -5.61044504056829e-06 0.0037426985351421147 0.0 0.0
0.0 0.0016410792005750589 0.0 0.5882348590283073 0.0 0.014438120108257008 0.014438120108257 0.014438120108933878 0.01443812010895273 1.5524735764538053 0.0 -5.610469077479071e-06 0.003742698144818787 0.0 0.0
0.0 0.0017122216640765157 0.0 0.5912195893266645 0.0 0.014451653346105814 0.014451653346105707 0.0144516533468176 0.014451653346837037 1.5524735748910599 0.0 -5.610463492504517e-06 0.003742698161919016 0.0 0.0
0.0 0.001782637467596823 0.0 0.5941145856100108 0.0 0.014445511376860757 0.014445511376860776 0.014445511376893178 0.014445511376893174 1.552473559115487 0.0 -5.609980029611629e-06 0.0037426985396766094 0.0 0.0
0.0 0.0018519560574240701 0.0 0.5969038462000726 0.0 0.0144194774538191 0.014419477453819121 0.014419477453815546 0.014419477453815535 1.5524735588948966 0.0 -5.6021464965268725e-06 0.003742698886213282 0.0 0.0
0.0 0.0019197271116391855 0.0 0.5995693669526319 0.0 0.014373741760909085 0.014373741760909076 0.014373741760913892 0.014373741760913897 1.552473559029222 0.0 -5.610441755388301e-06 0.003742698530345129 0.0 0.0
0.0 0.0019854139814230566 0.0 0.602094111140063 0.0 0.014310027284369059 0.01431002728436907 0.014310027284367874 0.014310027284391647 1.5524735590320489 0.0 -5.610403270618093e-06 0.0037426985236357624 0.0 0.0
0.0 0.0020484174824904684 0.0 0.6044600414401275 0.0 0.014230555503034972 0.01423055550303497 0.014230555503102938 0.014230555503046702 1.5524735590333156 0.0 -5.610434387978857e-06 0.0037426985180896762 0.0 0.0
0.0 0.0021080892502630035 0.0 0.6066501045768122 0.0 0.014138549647686639 0.01413854964768566 0.014138549648100003 0.014138549648099989 1.5524735590334522 0.0 -5.610440379798324e-06 0.0037426985139689104 0.0 0.0
0.0 0.0021638587362086854 0.0 0.6086512447515039 0.0 0.014037489402617094 0.0140374894026145 0.014037489402845146 0.01403748940284516 1.5524735590335161 0.0 -5.610340092091799e-06 0.003742698511083518 0.0 0.0
0.0 0.00221499676673143 0.0 0.6104483819238272 0.0 0.013932351502936438 0.013932351502936438 0.013932351502880167 0.013932351502880184 1.5524735590512129 0.0 -5.610303747987207e-06 0.00374269850402456 0.0 0.0
0.0 0.002260835037893115 0.0 0.6120274448902046 0.0 0.013827614624586588 0.013827614624586588 0.013827614624607035 0.01382761462456876 1.5524735593168864 0.0 -5.610394171071768e-06 0.003742698470225602 0.0 0.0
0.0 0.002302689470252373 0.0 0.6134454389821828 0.0 0.013724121587939885 0.013724121587939885 0.01372412158791952 0.013724121587919517 1.5524735604967939 0.0 -5.610304664268174e-06 0.003742698411264641 0.0 0.0
0.0 0.002342218369770247 0.0 0.6147743699079118 0.0 0.013622990110890994 0.013622990110890994 0.01362299011088853 0.013622990110863839 1.5524735636696783 0.0 -5.610367003166093e-06 0.003742698328654573 0.0 0.0
0.0 0.0023794356433671027 0.0 0.616026184697994 0.0 0.013527970825001583 0.013527970825001592 0.013527970824988482 0.013527970824407706 1.5524735590127408 0.0 -5.610220462393874e-06 0.0037426985503540506 0.0 0.0
0.0 0.002414395860584574 0.0 0.6172108491606568 0.0 0.013441604523154793 0.0134416045231548 0.013441604523144834 0.01344160452269287 1.552473559024373 0.0 -5.610261199760614e-06 0.0037426985380009867 0.0 0.0
0.0 0.0024472543122459815 0.0 0.6183393414315711 0.0 0.013365399946615352 0.013365399946615356 0.013365399946572643 0.013365399946572645 1.5524735588950622 0.0 -5.6021464968866785e-06 0.0037426988862128622 0.0 0.0
0.0 0.002478061916235399 0.0 0.6194176515583727 0.0 0.013300616930584265 0.01330061693058428 0.013300616930579417 0.013300616930529958 1.5524735588858882 0.0 -5.610204841407585e-06 0.003742698726945413 0.0 0.0
0.0 0.0025069699698353344 0.0 0.6204527708299348 0.0 0.013247516750237125 0.013247516750236917 0.013247516750257529 0.013247516750484035 1.5524735590333572 0.0 -5.6103097774061825e-06 0.0037426985188095266 0.0 0.0
0.0 0.0025341096432236216 0.0 0.6214516960448876 0.0 0.013206610674806437 0.013206610674806428 0.013206610674821723 0.013206610675409085 1.552473559033673 0.0 -5.610309707715334e-06 0.003742698516274744 0.0 0.0
0.0 0.002559620088689422 0.0 0.6224194300584431 0.0 0.013177656683072709 0.013177656683072685 0.013177656683097162 0.013177656683097153 1.5524735588948966 0.0 -5.6021464964750315e-06 0.0037426988862132816 0.0 0.0
0.0 0.0025836078830210494 0.0 0.6233619718438937 0.0 0.013161164505354183 0.013161164505354152 0.013161164505383956 0.013161164505951157 1.5524735588948966 0.0 -5.602146496472513e-06 0.003742698886213281 0.0 0.0
0.0 0.0026061692468678627 0.0 0.6242833225422737 0.0 0.013157140555925774 0.013157140555925768 0.013157140555957717 0.013157140557309432 1.5524735590337335 0.0 -5.610277514452467e-06 0.0037426985140662818 0.0 0.0
0.0 0.002627364525884256 0.0 0.6251874710924334 0.0 0.01316609129104889 0.013166091291048915 0.013166091291075545 0.013166091292299027 1.5524735590336998 0.0 -5.610257895212315e-06 0.0037426985145882974 0.0 0.0
0.0 0.0026473012415373287 0.0 0.626080411767153 0.0 0.01318852640735763 0.013188526407357638 0.013188526407377358 0.013188526407377358 1.5524735588948966 0.0 -5.602146496459558e-06 0.0037426988862132816 0.0 0.0
0.0 0.002665909935301536 0.0 0.6269631330964229 0.0 0.013225697747035735 0.013225697747035739 0.013225697746993413 0.013225697747581812 1.5524735590333927 0.0 -5.610208821924618e-06 0.0037426985181671364 0.0 0.0
0.0 0.002683172143783301 0.0 0.627838610228659 0.0 0.01327886025837027 0.013278860258370261 0.013278860258372351 0.013278860258543548 1.5524735590326497 0.0 -5.610179865557814e-06 0.003742698522171673 0.0 0.0
0.0 0.00269895848215866 0.0 0.6287068192602528 0.0 0.01334976422045754 0.01334976422045753 0.01334976422045298 0.013349764220331791 1.5524735590304102 0.0 -5.610148038252469e-06 0.0037426985287870146 0.0 0.0
0.0 0.002713121647039442 0.0 0.6295677300859182 0.0 0.013440409931285886 0.013440409931285884 0.013440409931287114 0.013440409930939413 1.5524735591164438 0.0 -5.609666378177512e-06 0.0037426985390862483 0.0 0.0
0.0 0.002725315162812199 0.0 0.6304152979313097 0.0 0.013553538196369974 0.013553538196369983 0.013553538196345256 0.013553538196348967 1.5524735588949077 0.0 -5.602146496450081e-06 0.003742698886213174 0.0 0.0
0.0 0.0027351062549778654 0.0 0.6312414758130371 0.0 0.013692386675694914 0.013692386675703631 0.013692386675679255 0.01369238667567925 1.5524735588948975 0.0 -5.602146496467905e-06 0.0037426988862132534 0.0 0.0
0.0 0.0027419795677692087 0.0 0.632033218978988 0.0 0.013859685222679724 0.013859685222679722 0.013859685222661405 0.013859685222661225 1.552473559174685 0.0 -5.610224097564272e-06 0.003742698484575488 0.0 0.0
0.0 0.0027452316747999033 0.0 0.6327505636400631 0.0 0.014051868318758015 0.014051868318758026 0.014051868319246708 0.014051868318970684 1.5524735590332825 0.0 -5.610158348674405e-06 0.0037426985125446318 0.0 0.0
0.0 0.002744827299890786 0.0 0.6333646386914983 0.0 0.01425988893678745 0.014259888936787446 0.014259888936805897 0.01425988893680589 1.5524735590325363 0.0 -5.6100587610268015e-06 0.0037426985224092396 0.0 0.0
0.0 0.0027411686256665286 0.0 0.6338814985635112 0.0 0.014480255873897178 0.014480255873897166 0.014480255873920815 0.014480255873886103 1.5524735590195506 0.0 -5.6101918753314825e-06 0.003742698544040362 0.0 0.0
0.0 0.0027345004595708054 0.0 0.6343021880939638 0.0 0.01470997310968175 0.01470997310968175 0.01470997311072612 0.014709973110748278 1.5524735604520292 0.0 -5.610040303195293e-06 0.003742698413023662 0.0 0.0
0.0 0.0027251576165697056 0.0 0.6346337432771816 0.0 0.01494679318506806 0.014946793185068046 0.014946793187758671 0.014946793187828595 1.5524735591289782 0.0 -5.6096794310863096e-06 0.0037426985085342113 0.0 0.0
0.0 0.002713388588480075 0.0 0.6348811918537567 0.0 0.015188982144127651 0.015188982144127642 0.015188982143175609 0.015188982143161124 1.5524735590324323 0.0 -5.609928277674881e-06 0.003742698520421486 0.0 0.0
0.0 0.0026993947142644695 0.0 0.6350475608131058 0.0 0.015434791771137416 0.015434791771137409 0.01543479177153947 0.015434791771549586 1.5524735590235679 0.0 -5.609972985875063e-06 0.003742698541266048 0.0 0.0
0.0 0.0026833810522765063 0.0 0.6351398595888077 0.0 0.01568373539198504 0.015683735391985032 0.0156837353883562 0.015683735388383652 1.5524735602229314 0.0 -5.609544178979906e-06 0.003742698423059051 0.0 0.0
0.0 0.00266553636986129 0.0 0.6351621083824269 0.0 0.015934562800904373 0.015934562800904377 0.01593456279870453 0.01593456279869482 1.552473559043935 0.0 -5.610000029789941e-06 0.003742698509081777 0.0 0.0
0.0 0.0026459804991441813 0.0 0.6351193083200921 0.0 0.01618728837606885 0.01618728837606885 0.016187288373367477 0.01618728837335645 1.5524735590327474 0.0 -5.609988983863547e-06 0.0037426985191878924 0.0 0.0
0.0 0.0026247801197986633 0.0 0.6350134638454058 0.0 0.016441663196103896 0.0164416631961039 0.016441663193151726 0.016441663193162565 1.5524735590225445 0.0 -5.609962826069734e-06 0.003742698542573373 0.0 0.0
0.0 0.0026021162188735684 0.0 0.6348505841976214 0.0 0.016697199092984824 0.01669719909298483 0.01669719909299111 0.01669719909051574 1.5524735601947965 0.0 -5.6099165450538625e-06 0.0037426984198785634 0.0 0.0
0.0 0.002577987852562007 0.0 0.6346336551818536 0.0 0.01695489421022566 0.016954894210225658 0.01695489421019839 0.01695489420831226 1.5524735590355108 0.0 -5.6098562398872e-06 0.003742698515021191 0.0 0.0
0.0 0.0025525091273295364 0.0 0.6343666817625714 0.0 0.017214511699774032 0.017214511699774022 0.01721451169977406 0.01721451169677721 1.5524735590313732 0.0 -5.609777005567736e-06 0.003742698525263628 0.0 0.0
0.0 0.002525739630244835 0.0 0.6340536574898462 0.0 0.017476555783635588 0.01747655578363558 0.01747655578363657 0.017476555781050233 1.5524735591083598 0.0 -5.609528836959297e-06 0.003742698547444821 0.0 0.0
0.0 0.0024976593259404497 0.0 0.6336975648326856 0.0 0.017742282604089655 0.01774228260408976 0.01774228260408338 0.01774228260408132 1.552473559586007 0.0 -5.609871703408085e-06 0.0037426984507011266 0.0 0.0
0.0 0.0024683760455927227 0.0 0.6333043976227447 0.0 0.018012198563206513 0.01801219856320294 0.01801219856320296 0.018012198562924343 1.5524735590311252 0.0 -5.609755547455919e-06 0.0037426985201056825 0.0 0.0
0.0 0.002437899289116693 0.0 0.6328791350260966 0.0 0.018287815150005715 0.018287815150005708 0.01828781514999818 0.01828781514999831 1.5524735590311602 0.0 -5.60992286034063e-06 0.003742698527408016 0.0 0.0
0.0 0.0024063182714646448 0.0 0.6324277674571672 0.0 0.01856989096855331 0.01856989096855328 0.018569890968553278 0.018569890968553306 1.5524735589982694 0.0 -5.609794792247092e-06 0.003742698565590646 0.0 0.0
0.0 0.0023736780731942377 0.0 0.6319582672943196 0.0 0.01886043943903278 0.018860439439033063 0.018860439439728847 0.018860439439047135 1.5524735590947114 0.0 -5.609940876126853e-06 0.0037426984963371715 0.0 0.0
0.0 0.0023403354783145197 0.0 0.631481656415624 0.0 0.019158227484335846 0.01915822748433532 0.019158227483510374 0.019158227484322735 1.5524735590316656 0.0 -5.609807532309217e-06 0.0037426985217944076 0.0 0.0
0.0 0.0023065396198970025 0.0 0.6310029625238877 0.0 0.01946151324833837 0.019461513248338384 0.01946151324888991 0.019461513248351034 1.5524735590191518 0.0 -5.609953949501959e-06 0.003742698546186878 0.0 0.0
0.0 0.0022722725376130215 0.0 0.6305221797268599 0.0 0.019770546699365496 0.019770546699365645 0.019770546699365493 0.019770546702313187 1.5524735588948966 0.0 -5.602146496375215e-06 0.003742698886213278 0.0 0.0
0.0 0.0022374960981872195 0.0 0.6300393068786053 0.0 0.02008582789820532 0.02008582789820533 0.020085827895509854 0.02008582790030998 1.5524735590306116 0.0 -5.609665618265251e-06 0.003742698522884359 0.0 0.0
0.0 0.002202150706301157 0.0 0.6295533299319802 0.0 0.02040785527615437 0.02040785527615437 0.020407855276630475 0.02040785527928719 1.552473559024022 0.0 -5.6098270555636086e-06 0.0037426985420018887 0.0 0.0
0.0 0.0021661990494328607 0.0 0.6290642433715756 0.0 0.020737129709253815 0.02073712970925382 0.020737129710080543 0.020737129710083478 1.5524735594179673 0.0 -5.609670797816158e-06 0.003742698463251718 0.0 0.0
0.0 0.0021296228834574303 0.0 0.6285720435763229 0.0 0.021073898957151675 0.021073898957150183 0.02107389895405175 0.021073898954053295 1.5524735590316074 0.0 -5.60982960037587e-06 0.0037426985188291693 0.0 0.0
0.0 0.0020923852172302524 0.0 0.6280767229268108 0.0 0.021418665332411064 0.021418665332411057 0.021418665332933143 0.02141866533293314 1.552473559021773 0.0 -5.609676367880303e-06 0.0037426985468858964 0.0 0.0
0.0 0.0020544251553441663 0.0 0.6275772737809129 0.0 0.021771927007209573 0.021771927007209566 0.02177192700720976 0.021771927007176273 1.5524735592407861 0.0 -5.609827962882086e-06 0.0037426984751583714 0.0 0.0
0.0 0.002015730064231782 0.0 0.627074688775107 0.0 0.02213418441138959 0.022134184411389576 0.022134184411293455 0.02213418441134634 1.5524735590307324 0.0 -5.609672849823228e-06 0.0037426985241260104 0.0 0.0
0.0 0.001976257345701279 0.0 0.6265679640322787 0.0 0.022505687161978854 0.022505687161978788 0.0225056871619788 0.022505687161953843 1.5524735590098526 0.0 -5.609827119536009e-06 0.0037426985560673936 0.0 0.0
0.0 0.0019359702058287607 0.0 0.6260570919053662 0.0 0.02288693508145479 0.022886935081454795 0.02288693508147497 0.022886935081466556 1.5524735590513281 0.0 -5.609664553977704e-06 0.0037426985115652798 0.0 0.0
0.0 0.0018948378706339249 0.0 0.6255430594618825 0.0 0.0232786796449355 0.023278679644935223 0.02327867964495429 0.023278679644954302 1.5524735588948966 0.0 -5.602146496374928e-06 0.0037426988862132807 0.0 0.0
0.0 0.0018528110269048453 0.0 0.6250238723492451 0.0 0.02368091769629328 0.023680917696293383 0.0236809176963245 0.02368091769632451 1.5524735589487293 0.0 -5.609655575490642e-06 0.0037426985919836796 0.0 0.0
0.0 0.001809907749714021 0.0 0.6245025139749216 0.0 0.024094404519235068 0.024094404519236622 0.024094404520457472 0.02409440451927157 1.5524735590314478 0.0 -5.609802119270588e-06 0.0037426985199388247 0.0 0.0
0.0 0.00176604315876284 0.0 0.6239769761471711 0.0 0.024519636536953337 0.024519636536953347 0.02451963653695335 0.024519636536924808 1.5524735588948966 0.0 -5.602146496341171e-06 0.003742698886213282 0.0 0.0
0.0 0.0017212216727830112 0.0 0.6234482618127117 0.0 0.024956865588005736 0.024956865588005736 0.02495686558800914 0.024956865585996336 1.5524735590324552 0.0 -5.609783540641623e-06 0.0037426985178064904 0.0 0.0
0.0 0.0016753836017213742 0.0 0.6229153568320595 0.0 0.02540659007817955 0.025406590078179553 0.025406590078204214 0.025406590075193445 1.5524735590234873 0.0 -5.6099165865389206e-06 0.0037426985411672326 0.0 0.0
0.0 0.0016285398321484632 0.0 0.6223802563810084 0.0 0.025869313393086353 0.025869313393086353 0.025869313393089007 0.02586931339308224 1.5524735590546086 0.0 -5.609760273548713e-06 0.0037426985074047077 0.0 0.0
0.0 0.0015806535367903518 0.0 0.6218429530077465 0.0 0.026345535433153478 0.026345535433153516 0.026345535433152902 0.026345535433152885 1.5524735590280283 0.0 -5.609894495047443e-06 0.0037426985346218898 0.0 0.0
0.0 0.0015317191136019189 0.0 0.6213024501125848 0.0 0.026835004323509385 0.026835004323509392 0.026835004323509395 0.026835004323509385 1.5524735588215768 0.0 -5.609739418707029e-06 0.0037426986295411805 0.0 0.0
0.0 0.0014816826755409522 0.0 0.620755750654544 0.0 0.02733746632811029 0.027337466328110273 0.027337466328109662 0.027337466328110297 1.5524735590282253 0.0 -5.609868103938174e-06 0.003742698534466225 0.0 0.0
0.0 0.0014303151142966437 0.0 0.6201948447331613 0.0 0.027853407094325575 0.027853407094325575 0.02785340709432558 0.027853407094321516 1.5524735587948333 0.0 -5.609703201799355e-06 0.0037426986361799217 0.0 0.0
0.0 0.0013773629156461783 0.0 0.6196107223398527 0.0 0.02838331394414956 0.02838331394414955 0.028383313943658707 0.028383313946461396 1.5524735588793321 0.0 -5.609729505347616e-06 0.003742698740915894 0.0 0.0
0.0 0.0013226152971572438 0.0 0.6189953773638045 0.0 0.02892742285383572 0.028927422853847626 0.028927422853607693 0.028927422853607228 1.5524735590338885 0.0 -5.6096302464687085e-06 0.0037426985194548832 0.0 0.0
0.0 0.001265765160321087 0.0 0.6183368026659212 0.0 0.02948596492086423 0.029485964920887855 0.0294859649203622 0.029485964920359903 1.5524735590088883 0.0 -5.6097408629616975e-06 0.00374269855722707 0.0 0.0
0.0 0.0012065478453164079 0.0 0.6176239949993326 0.0 0.030058922664437798 0.030058922664437764 0.03005892266562466 0.030058922664653175 1.5524735590314351 0.0 -5.609822868704524e-06 0.0037426985189287186 0.0 0.0
0.0 0.0011445728458208276 0.0 0.6168399531431972 0.0 0.030646018525629422 0.03064601852562943 0.0306460185250875 0.030646018525629422 1.552473558950389 0.0 -5.60957659749785e-06 0.003742698590700889 0.0 0.0
0.0 0.0010795585215710517 0.0 0.6159706844628172 0.0 0.03124648041118106 0.031246480411181072 0.03124648041118376 0.031246480411166247 1.5524735590296397 0.0 -5.609616913755981e-06 0.0037426985322655997 0.0 0.0
0.0 0.0010111583884610345 0.0 0.6149972058539794 0.0 0.031858776681976314 0.03185877668197632 0.0318587766819764 0.03185877668195471 1.5524735587584386 0.0 -5.6096283875281625e-06 0.0037426986434356824 0.0 0.0
0.0 0.000938935106661923 0.0 0.6138975297154998 0.0 0.032481623512405904 0.0324816235124059 0.03248162351238671 0.0324816235124059 1.5524735590067957 0.0 -5.609589950037667e-06 0.003742698560912876 0.0 0.0
0.0 0.000862574883909954 0.0 0.612648698104036 0.0 0.03311173211418589 0.03311173211418589 0.033111732114204186 0.033111732112485304 1.552473559029455 0.0 -5.609499397062908e-06 0.003742698527950994 0.0 0.0
0.0 0.0007817528370171007 0.0 0.611225758055341 0.0 0.033745312209168404 0.0337453122091684 0.033745312209633456 0.0337453122087108 1.5524735588948966 0.0 -5.602146496288526e-06 0.0037426988862132838 0.0 0.0
0.0 0.0006961810106481071 0.0 0.6096007862174121 0.0 0.03437706818128845 0.03437706818128845 0.034377068182246735 0.03437706818129131 1.552473559021448 0.0 -5.609479055219193e-06 0.003742698549237275 0.0 0.0
0.0 0.0006057265704580136 0.0 0.6077468736491162 0.0 0.03499995565577308 0.03499995565577309 0.034999955655948295 0.03499995565577266 1.5524735588883474 0.0 -5.609159692454281e-06 0.0037426987253293795 0.0 0.0
0.0 0.000510348750395176 0.0 0.6056341524421326 0.0 0.0356046750209037 0.03560467502090376 0.03560467502124259 0.035604675020892367 1.5524735589582634 0.0 -5.609227191351296e-06 0.0037426985918390158 0.0 0.0
0.0 0.00041032442107924466 0.0 0.603236798701757 0.0 0.03617893308946286 0.03617893308946287 0.036178933089738304 0.03617893309350383 1.5524735590274594 0.0 -5.609146303578647e-06 0.003742698538392739 0.0 0.0
0.0 0.00030621087273565865 0.0 0.6005330269743603 0.0 0.036707941699123996 0.036707941699123996 0.036707941699384926 0.03670794169862141 1.5524735587414407 0.0 -5.6091085700454575e-06 0.0037426988077101262 0.0 0.0
0.0 0.0001990155013638451 0.0 0.5975091074113463 0.0 0.03717342664184588 0.03717342664184588 0.037173426641845884 0.03717342664182336 1.552473558888364 0.0 -5.608954164228441e-06 0.0037426987308786207 0.0 0.0
0.0 9.04013691156122e-05 0.0 0.594166373290076 0.0 0.037553135229453735 0.037553135229453735 0.03755313522947501 0.03755313522944655 1.5524735589768406 0.0 -5.609017650885629e-06 0.003742698585653743 0.0 0.0
0.0 -1.9325869280520015e-05 0.0 0.5904581029899756 0.0 0.037827489717588245 0.03782748971758825 0.037827489717588245 0.0378274897175932 1.5524735590479928 0.0 -5.609032760242835e-06 0.003742698521557703 0.0 0.0
0.0 -0.0001288711551037791 0.0 0.5863726160531357 0.0 0.037974967253114375 0.03797496725311438 0.03797496725311439 0.037974967230271724 1.5524735590265821 0.0 -5.609025640237444e-06 0.0037426985355020295 0.0 0.0
0.0 -0.00023434665439842311 0.0 0.5819923258972565 0.0 0.03796969559385821 0.03796969559385821 0.037969695594113756 0.03796969559388163 1.5524735590266145 0.0 -5.6090060125756845e-06 0.003742698535415563 0.0 0.0
0.0 -0.0003317403788475334 0.0 0.5774215699749881 0.0 0.03779133846442348 0.037791338464423486 0.037791338464423486 0.03779133846442348 1.5524735590649619 0.0 -5.609018011575907e-06 0.0037426985148188018 0.0 0.0
0.0 -0.000416958898642962 0.0 0.5727856039881761 0.0 0.037425346340167004 0.037425346340167004 0.037425346340167004 0.037425346340197944 1.552473560305674 0.0 -5.609004225432118e-06 0.003742698389512447 0.0 0.0
0.0 -0.0004862735747552724 0.0 0.5682165808234876 0.0 0.036864422559140124 0.03686442255914012 0.036864422559140124 0.03686442255914012 1.5524735590385983 0.0 -5.609047613328719e-06 0.0037426985254462087 0.0 0.0
0.0 -0.0005364087364395675 0.0 0.5638515335078094 0.0 0.03610905840247917 0.03610905840247917 0.03610905840251082 0.03610905840251083 1.5524735663423865 0.0 -5.609017526021453e-06 0.003742698182020763 0.0 0.0
0.0 -0.000564871710997856 0.0 0.5598183813717206 0.0 0.035167427051282306 0.03516742705128231 0.03516742705115849 0.03516742704806224 1.5524735651403994 0.0 -5.609020118557882e-06 0.003742698217117847 0.0 0.0
0.0 -0.0005699774618179162 0.0 0.5562299460774526 0.0 0.03405374003738606 0.03405374003738605 0.03405374003724234 0.034053740037413474 1.5524735698941754 0.0 -5.609036216892285e-06 0.0037426981155889334 0.0 0.0
0.0 -0.0005509023338661755 0.0 0.5531799629653489 0.0 0.03278766925378358 0.032787669253783576 0.03278766925196 0.03278766925378353 1.5524735899115691 0.0 -5.609173485532221e-06 0.0037426978320464375 0.0 0.0
0.0 -0.0005077298967143217 0.0 0.5507331106662525 0.0 0.031391692975653605 0.03139169297566373 0.031391692975663736 0.03139169297588029 1.5524735588955356 0.0 -5.60214649781083e-06 0.003742698886212144 0.0 0.0
0.0 -0.000441295762224014 0.0 0.5489300418481985 0.0 0.029890596652892093 0.029890596652898505 0.02989059665289202 0.0298905966528985 1.5524735877606866 0.0 -5.609312946483784e-06 0.0037426978806076585 0.0 0.0
0.0 -0.0003531014868648381 0.0 0.5477783996792223 0.0 0.0283074178059282 0.028307417805928197 0.0283074178059282 0.0283074178059282 1.5524735588967185 0.0 -5.60214650019587e-06 0.0037426988862126627 0.0 0.0
0.0 -0.0002451478031948694 0.0 0.5472618613068674 0.0 0.026664052512704827 0.026664052512704827 0.026664052512704834 0.026664052515172426 1.5524735588953635 0.0 -5.6021464974916185e-06 0.003742698886212341 0.0 0.0
0.0 -0.00011976079234818738 0.0 0.54733913871972 0.0 0.024978631666168333 0.024978631666170592 0.024978631666172157 0.024978631666170578 1.5524735589101626 0.0 -5.602146535631744e-06 0.00374269888621139 0.0 0.0
0.0 2.0621703360754857e-05 0.0 0.5479500122256461 0.0 0.023264561014609268 0.023264561014609164 0.023264561014609164 0.023264561010397426 1.55247355890276 0.0 -5.602146516128898e-06 0.0037426988862119845 0.0 0.0
0.0 0.00017344185859712318 0.0 0.5490163206459409 0.0 0.021530966924645418 0.021530966924645414 0.021530966924645414 0.021530966924645515 1.5524735588986889 0.0 -5.602146505417728e-06 0.003742698886212437 0.0 0.0
0.0 0.0003361733522635143 0.0 0.550445973710957 0.0 0.01978195251187779 0.01978195251187772 0.019781952511877726 0.019781952511870305 1.5524735588965408 0.0 -5.602146499778526e-06 0.0037426988862127473 0.0 0.0
0.0 0.0005063014450886093 0.0 0.5521359341910407 0.0 0.018017852883038414 0.01801785288303828 0.018017852883047223 0.01801785288893165 1.5524735589978726 0.0 -5.602146768795678e-06 0.00374269888620862 0.0 0.0
0.0 0.0006813655134170549 0.0 0.5539732219239422 0.0 0.016234985879238877 0.016234985879238866 0.016234985879241257 0.01623498587921493 1.5524735589805858 0.0 -5.602146723012627e-06 0.0037426988862093746 0.0 0.0
