0.0 0.0007962216677481803 0.0 0.5527623086441075 0.0 0.014268453097356783 0.014268453118268363 0.014268453153855451 0.01426845313178203 1.5524735599993273 0.0 -5.602149444306084e-06 0.0037426988862087887 0.0 0.0
0.0 0.0006527847443080249 0.0 0.5484638819182003 0.0 0.01480815559128545 0.014808155591285448 0.014808155591309127 0.014808155591276859 1.5524735588962393 0.0 -5.609103224149111e-06 0.003742698621421243 0.0 0.0
0.0 0.0005073231700442754 0.0 0.5441262182493681 0.0 0.015362550368598554 0.015362550368598541 0.015362550368924295 0.015362550368935768 1.5524735590235164 0.0 -5.6090717963898986e-06 0.00374269855110324 0.0 0.0
0.0 0.00035974043160039035 0.0 0.5397582624164636 0.0 0.0159358992111694 0.0159358992111694 0.01593589921147798 0.01593589921148345 1.5524735587798617 0.0 -5.609086297941415e-06 0.0037426986535527514 0.0 0.0
0.0 0.00021003041421758872 0.0 0.5353719566721385 0.0 0.016532223541784397 0.016532223541784102 0.01653222353740091 0.016532223537409154 1.5524735590886618 0.0 -5.608707881247561e-06 0.003742698571334424 0.0 0.0
0.0 5.811352697255946e-05 0.0 0.5309792281750388 0.0 0.017156542099413998 0.01715654209941504 0.017156542099406844 0.017156542075313773 1.5524735590272534 0.0 -5.609071841195529e-06 0.0037426985371214272 0.0 0.0
0.0 -9.596230401674726e-05 0.0 0.526595020190371 0.0 0.017813129634990904 0.0178131296349909 0.017813129634990908 0.017813129634172215 1.552473558882997 0.0 -5.609103568081066e-06 0.0037426986247190396 0.0 0.0
0.0 -0.00025222307174398173 0.0 0.522234257147741 0.0 0.01850726182159335 0.018507261821593356 0.01850726182159314 0.018507261821390054 1.5524735590084293 0.0 -5.609155695614123e-06 0.003742698567435411 0.0 0.0
0.0 -0.0004104766074948349 0.0 0.517917879350971 0.0 0.01924322226269027 0.01924322226269028 0.01924322226205368 0.01924322226270116 1.5524735590268783 0.0 -5.6090760803394364e-06 0.0037426985416265475 0.0 0.0
0.0 -0.0005706155747090414 0.0 0.5136648245655991 0.0 0.02002579156044136 0.02002579156044129 0.02002579156033097 0.020025791560438867 1.5524735586287326 0.0 -5.60910526683192e-06 0.0037426986831411834 0.0 0.0
0.0 -0.0007324070361444918 0.0 0.509500023262008 0.0 0.020860012433212186 0.020860012433212186 0.020860012433046634 0.02086001243364014 1.5524735588901502 0.0 -5.608717077646683e-06 0.0037426986399604276 0.0 0.0
0.0 -0.00089543514677203 0.0 0.5054514313419511 0.0 0.02174942909509007 0.02174942909509007 0.021749429094842912 0.021749429094842912 1.5524735589145375 0.0 -5.609136770692787e-06 0.0037426986128776454 0.0 0.0
0.0 -0.0010592671682789815 0.0 0.5015499921757077 0.0 0.02269834185913604 0.022698341859136033 0.022698341859136037 0.022698341859462335 1.55247355894127 0.0 -5.609074281402108e-06 0.0037426986038918706 0.0 0.0
0.0 -0.001223311709551599 0.0 0.4978286782902068 0.0 0.023709554153159586 0.023709554153159586 0.023709554153148488 0.023709554153148484 1.5524735589329626 0.0 -5.6090917684239485e-06 0.0037426986063364754 0.0 0.0
0.0 -0.0013867482484087694 0.0 0.49432846381387313 0.0 0.024785382038646823 0.024785382038646823 0.02478538203907534 0.024785382038662592 1.5524735588781526 0.0 -5.609068426576098e-06 0.0037426986243793594 0.0 0.0
0.0 -0.0015486824480190867 0.0 0.49109034333963786 0.0 0.025927141261453426 0.025927141261453426 0.025927141261453426 0.025927141262269134 1.5524735587657976 0.0 -5.608697120707424e-06 0.003742698663824326 0.0 0.0
0.0 -0.0017079708785781723 0.0 0.48816033850524826 0.0 0.027134405437267337 0.027134405437267337 0.02713440543726733 0.02713440543726734 1.5524735583010423 0.0 -5.609116941818852e-06 0.0037426987292811698 0.0 0.0
0.0 -0.0018633057262533715 0.0 0.4855874886249597 0.0 0.028405501881909368 0.028405501881909368 0.028405501881910218 0.02840550188191647 1.5524735572324733 0.0 -5.609176741600447e-06 0.003742698838743997 0.0 0.0
0.0 -0.0020130937637404846 0.0 0.4834258697861931 0.0 0.029736523217122838 0.029736523217099183 0.029736523217715284 0.029736523217715447 1.5524735588970564 0.0 -5.609141799083373e-06 0.0037426986164133817 0.0 0.0
0.0 -0.002155659748421722 0.0 0.4817275827055123 0.0 0.031121792206615578 0.031121792206615585 0.031121792207369988 0.03112179220661558 1.55247355825324 0.0 -5.609453677101061e-06 0.003742698728914512 0.0 0.0
0.0 -0.0022913402922765664 0.0 0.48052739788544946 0.0 0.03257736823561532 0.03257736823561532 0.032577368235615266 0.032577368235645596 1.5524735556408238 0.0 -5.60927044651034e-06 0.00374269912582005 0.0 0.0
0.0 -0.0024196332918890884 0.0 0.4798751875777058 0.0 0.03411284615779957 0.03411284615779957 0.03411284615779957 0.03411284615679779 1.5524735582087787 0.0 -5.609497809555181e-06 0.0037426987310779525 0.0 0.0
0.0 -0.0025373911922274782 0.0 0.47983927831113693 0.0 0.0357078096600074 0.03570780966000737 0.035707809661789644 0.03570780966000691 1.5524735541695227 0.0 -5.609790282547702e-06 0.003742699022702673 0.0 0.0
0.0 -0.002641572954002372 0.0 0.4804730433276094 0.0 0.03733837001924231 0.03733837001924231 0.03733837001924135 0.03733837002382995 1.5524735588948966 0.0 -5.6021464963840644e-06 0.003742698886213307 0.0 0.0
0.0 -0.0027294615609780117 0.0 0.4818108845633731 0.0 0.03897878236809893 0.03897878236809795 0.038978782368097944 0.038978782368143096 1.5524735493565367 0.0 -5.61027126063301e-06 0.003742699223172483 0.0 0.0
0.0 -0.0027987529632012126 0.0 0.4838672008614367 0.0 0.04060237233632274 0.04060237233632274 0.04060237233632273 0.040602372336369805 1.5524735544625528 0.0 -5.61016243858424e-06 0.00374269918753579 0.0 0.0
0.0 -0.0028476118525721105 0.0 0.48663440398922553 0.0 0.04218158953256622 0.04218158953256623 0.04218158952746103 0.042181589528433934 1.5524735576265678 0.0 -5.609953681614006e-06 0.003742698775735162 0.0 0.0
0.0 -0.002874820563835852 0.0 0.4900838735983192 0.0 0.04369038506498521 0.0436903850649852 0.04369038507314473 0.04369038506496021 1.552473558894896 0.0 -5.602146496514957e-06 0.0037426988862133575 0.0 0.0
0.0 -0.002879700056762502 0.0 0.49416996392392987 0.0 0.045104431533456016 0.04510443153345602 0.045104431533456245 0.04510443153902121 1.5524735588948966 0.0 -5.602146496544489e-06 0.0037426988862132955 0.0 0.0
0.0 -0.0028622967125659076 0.0 0.4988259713744288 0.0 0.046402365018926896 0.04640236501892689 0.04640236502001993 0.04640236502510723 1.5524735557366605 0.0 -5.610103610739843e-06 0.003742699096263143 0.0 0.0
0.0 -0.0028231489528649104 0.0 0.5039731515083149 0.0 0.04756557435920189 0.04756557435920188 0.047565574360050135 0.047565574360015975 1.5524735589572032 0.0 -5.610150870960116e-06 0.003742698579919077 0.0 0.0
0.0 -0.002763529912027404 0.0 0.5095196668825561 0.0 0.04858114189202503 0.04858114189202503 0.048581141892025066 0.048581141892063806 1.552473558943546 0.0 -5.6098779650884005e-06 0.0037426985875115117 0.0 0.0
0.0 -0.002685116202252983 0.0 0.5153676320433904 0.0 0.049439665233451925 0.049439665233451925 0.04943966524353805 0.04943966524349397 1.5524735588589593 0.0 -5.609823411523068e-06 0.003742698756666773 0.0 0.0
0.0 -0.0025900785354050276 0.0 0.5214130757181995 0.0 0.050136476774577214 0.050136476774577214 0.05013647677459613 0.050136476897817535 1.5524735590275522 0.0 -5.609122644809964e-06 0.00374269853611704 0.0 0.0
0.0 -0.0024809865532658955 0.0 0.5275529600620336 0.0 0.05067266124979333 0.05067266124979367 0.05067266124979368 0.05067266125612979 1.5524735588510445 0.0 -5.608925766539455e-06 0.0037426986202422105 0.0 0.0
0.0 -0.002360566232903105 0.0 0.5336891839296335 0.0 0.05105306321906201 0.051053063219061966 0.051053063263763486 0.051053063263809643 1.552473559028853 0.0 -5.60961912134205e-06 0.0037426985282787836 0.0 0.0
0.0 -0.002231747721893638 0.0 0.5397265766351445 0.0 0.05128628075836383 0.051286280758359545 0.05128628075789291 0.05128628075789288 1.5524735590256393 0.0 -5.609551926186388e-06 0.003742698542883047 0.0 0.0
0.0 -0.002097551747251294 0.0 0.5455799215381197 0.0 0.05138542979976836 0.05138542979976835 0.05138542979963451 0.051385429799155495 1.552473558870419 0.0 -5.609516284097756e-06 0.003742698750248562 0.0 0.0
0.0 -0.001960857988389472 0.0 0.5511759693004589 0.0 0.051365647220920255 0.051365647220920255 0.051365647220919845 0.05136564722094122 1.5524735598023132 0.0 -5.609835756745297e-06 0.0037426983885843136 0.0 0.0
0.0 -0.0018245741260926067 0.0 0.5564494230215 0.0 0.05124507694256841 0.051245076942568406 0.05124507694214932 0.05124507694214665 1.5524735590279366 0.0 -5.609637650066531e-06 0.0037426985376702512 0.0 0.0
0.0 -0.0016907362766978027 0.0 0.5613720066597994 0.0 0.051042180800341085 0.05104218080034176 0.051042181934339285 0.05104218191904422 1.5524735588948966 0.0 -5.602146496526585e-06 0.0037426988862132816 0.0 0.0
0.0 -0.0015600616262740426 0.0 0.56596346908095 0.0 0.05077324359227673 0.050773243592277056 0.05077324359188704 0.05077324359188671 1.5524735590540595 0.0 -5.609884379973828e-06 0.0037426985051353654 0.0 0.0
0.0 -0.001432820001522161 0.0 0.570250642939846 0.0 0.050450809562601874 0.050450809562601874 0.050450809562073214 0.05045080956207354 1.5524735595087757 0.0 -5.610174283852265e-06 0.0037426984134413025 0.0 0.0
0.0 -0.0013090931501697877 0.0 0.5742613752011113 0.0 0.05008517307786916 0.05008517307811043 0.05008517307291743 0.05008517320653997 1.552473559031184 0.0 -5.610165117928237e-06 0.0037426985206738942 0.0 0.0
0.0 -0.0011886086281932922 0.0 0.57802757703406 0.0 0.04968313941008605 0.04968313941010572 0.04968313941008806 0.049683139412492965 1.5524735591048247 0.0 -5.610224029968522e-06 0.003742698481259399 0.0 0.0
0.0 -0.00107099474379786 0.0 0.5815791856112236 0.0 0.049249509070586235 0.04924950907065345 0.04924950907058623 0.04924950906619673 1.5524735606364797 0.0 -5.610311998041628e-06 0.003742698316419484 0.0 0.0
0.0 -0.0009556707567848338 0.0 0.5849471756400568 0.0 0.048786573260990417 0.048786573260990417 0.04878657326326556 0.048786573263317805 1.5524735590546248 0.0 -5.610368122138467e-06 0.0037426984963059777 0.0 0.0
0.0 -0.0008419895680795028 0.0 0.5881615399486116 0.0 0.048295391904137716 0.04829539190413788 0.048295391899456315 0.04829539189945633 1.5524735603705833 0.0 -5.610353988301246e-06 0.0037426983340393834 0.0 0.0
0.0 -0.0007292511395644248 0.0 0.591248302079383 0.0 0.04777499582230112 0.04777499582235168 0.04777499582235169 0.04777499582231446 1.5524735590594299 0.0 -5.610348513225937e-06 0.003742698495122788 0.0 0.0
0.0 -0.0006167020115091537 0.0 0.594233495915732 0.0 0.04722368799549575 0.04722368799549553 0.0472236879954979 0.047223687995497504 1.5524735610752636 0.0 -5.610345230770439e-06 0.003742698292625822 0.0 0.0
0.0 -0.0005035780429678787 0.0 0.5971381798056249 0.0 0.046637987493309406 0.04663798749330941 0.04663798749331319 0.04663798749330687 1.552473559166997 0.0 -5.6103539654014185e-06 0.0037426984634869056 0.0 0.0
0.0 -0.0003890626784121379 0.0 0.5999834237133265 0.0 0.04601369894255241 0.04601369894255241 0.04601369894266478 0.046013698942667006 1.5524735644363667 0.0 -5.610365315999858e-06 0.0037426981511726105 0.0 0.0
0.0 -0.0002724108969793819 0.0 0.602783311773594 0.0 0.045345309190393646 0.04534530919039365 0.045345309190393916 0.04534530919038722 1.5524735588948968 0.0 -5.602146496507244e-06 0.003742698886213266 0.0 0.0
0.0 -0.000152823073291631 0.0 0.6055529422598644 0.0 0.044626872718984315 0.044626872718984315 0.04462687271897946 0.044626872721913395 1.5524735588948966 0.0 -5.602146496501997e-06 0.003742698886213278 0.0 0.0
0.0 -2.9674872799073243e-05 0.0 0.6082984124803531 0.0 0.04385188763449703 0.04385188763449703 0.04385188763449298 0.04385188764081899 1.5524735588949021 0.0 -5.602146496499418e-06 0.003742698886213141 0.0 0.0
0.0 9.774195279408924e-05 0.0 0.6110248455563011 0.0 0.04301237333831863 0.04301237333831863 0.04301237333823463 0.04301237334409078 1.5524735653290538 0.0 -5.610285506625512e-06 0.003742698331894063 0.0 0.0
0.0 0.00022995864068526298 0.0 0.6137313504046379 0.0 0.04210079886263197 0.04210079886263196 0.04210079886263196 0.04210079886263213 1.5524735639232692 0.0 -5.610375421456884e-06 0.0037426981830215255 0.0 0.0
0.0 0.0003674792726018237 0.0 0.6164130543989808 0.0 0.041108673927383606 0.0411086739273836 0.041108673932745476 0.041108673927400016 1.5524735640904785 0.0 -5.610371518862314e-06 0.003742698179895307 0.0 0.0
0.0 0.000510707661495811 0.0 0.6190600851146845 0.0 0.04002723243022742 0.04002723243022741 0.040027232424266465 0.040027232424045156 1.5524735666256542 0.0 -5.610364972895285e-06 0.0037426981122098586 0.0 0.0
0.0 0.0006598973388704737 0.0 0.6216555744681681 0.0 0.03884745200768876 0.038847452007688764 0.03884745200768876 0.03884745200766582 1.5524735747337237 0.0 -5.610401474404091e-06 0.003742697937591895 0.0 0.0
0.0 0.000819970082647005 0.0 0.6242492933106538 0.0 0.037518596188203246 0.03751859618820325 0.037518596188203246 0.03751859618817973 1.552473558895001 0.0 -5.602146495738167e-06 0.0037426988862130977 0.0 0.0
0.0 0.0009928234929742481 0.0 0.6267978395981256 0.0 0.0360004376681797 0.036000437668179716 0.03600043766813084 0.036000437668104075 1.552473570384376 0.0 -5.610393907425662e-06 0.00374269804425194 0.0 0.0
0.0 0.0011736289175138584 0.0 0.6291290127291939 0.0 0.03430210492329957 0.03430210492329956 0.03430210492381759 0.03430210492966601 1.5524735588954242 0.0 -5.602146496816445e-06 0.00374269888621288 0.0 0.0
0.0 0.0013569152057394227 0.0 0.6310605452737438 0.0 0.032438124822837575 0.03243812482283756 0.03243812482912046 0.032438124822807356 1.552473558895303 0.0 -5.6021464965097e-06 0.0037426988862129403 0.0 0.0
0.0 0.0015366332290993243 0.0 0.6324040698328653 0.0 0.030428926870126806 0.030428926870126966 0.030428926870094124 0.030428926870143647 1.5524735588955358 0.0 -5.6021464971214185e-06 0.0037426988862128713 0.0 0.0
0.0 0.001706098533805867 0.0 0.6329730829985076 0.0 0.028304217330617557 0.028304217330617568 0.02830421732990353 0.028304217330617713 1.5524735588967151 0.0 -5.602146500200795e-06 0.003742698886212609 0.0 0.0
0.0 0.0018583061662686023 0.0 0.6325959470329864 0.0 0.026102977926535747 0.026102977926535747 0.026102977926539633 0.026102977929522313 1.5524735589019572 0.0 -5.602146514637192e-06 0.0037426988862095598 0.0 0.0
0.0 0.0019862235123625773 0.0 0.63113187575053 0.0 0.02387474169478804 0.02387474169478805 0.02387474169478805 0.02387474169478805 1.552473558923657 0.0 -5.60214657137828e-06 0.003742698886210864 0.0 0.0
0.0 0.002083122943521747 0.0 0.6284809561424411 0.0 0.021678358847944373 0.02167835884794435 0.021678358847950458 0.021678358847919278 1.5524735589946315 0.0 -5.602146759115861e-06 0.0037426988862006823 0.0 0.0
0.0 0.0021431734550742066 0.0 0.6246041766361635 0.0 0.019580528581695532 0.019580528581695535 0.01958052858169554 0.019580528580765717 1.5524735591447814 0.0 -5.602147157549379e-06 0.0037426988861941493 0.0 0.0
0.0 0.002162225143516851 0.0 0.6195385176096122 0.0 0.017650071277959516 0.017650071277959513 0.01765007127893716 0.017650071277971812 1.5524735589019516 0.0 -5.6021465140700065e-06 0.003742698886212361 0.0 0.0
0.0 0.0021380851631853577 0.0 0.613397007643894 0.0 0.015954181600319358 0.01595418160031935 0.0159541816003239 0.01595418160021807 1.5524735591597831 0.0 -5.602147200069436e-06 0.0037426988862065786 0.0 0.0
0.0 0.0020711781594471177 0.0 0.6063748301196971 0.0 0.014551430701780783 0.014551430701780806 0.014551430708961203 0.014551430708966823 1.552473558934867 0.0 -5.6021466015852854e-06 0.0037426988862111106 0.0 0.0
0.0 0.001964722252754849 0.0 0.5987354363794628 0.0 0.013484778705657365 0.013484778705657355 0.013484778705646542 0.013484778705651106 1.552473573888988 0.0 -5.609973031663984e-06 0.0037426982016665706 0.0 0.0
0.0 0.0018246280891657048 0.0 0.5907905728766597 0.0 0.012776393366047672 0.012776393366047675 0.012776393366145788 0.012776393366145798 1.5524735598596382 0.0 -5.61085606714913e-06 0.0037426984427193105 0.0 0.0
0.0 0.0016589895442988033 0.0 0.5828703677151014 0.0 0.012424690948630177 0.012424690948630177 0.012424690948459662 0.012424690947810707 1.5524735872707782 0.0 -5.610920229921651e-06 0.0037426980766215646 0.0 0.0
0.0 0.001477539165828046 0.0 0.5752943312779784 0.0 0.012402238932112857 0.0124022389320737 0.012402238931563113 0.012402238966132142 1.5524735590265277 0.0 -5.6105072816548695e-06 0.003742698537806009 0.0 0.0
0.0 0.0012904116404084977 0.0 0.5683342812527842 0.0 0.012660383742111307 0.012660383742111304 0.01266038374200142 0.012660383741312542 1.552473561795952 0.0 -5.609324230143554e-06 0.0037426983977962972 0.0 0.0
0.0 0.001107582704924872 0.0 0.5621982987618044 0.0 0.01313162617983721 0.013131626179837205 0.013131626179754973 0.013131626179736901 1.5524735590286483 0.0 -5.6093570934740735e-06 0.003742698531095674 0.0 0.0
0.0 0.0009376877173868264 0.0 0.5570115682998485 0.0 0.01373941901417723 0.013739419014177228 0.013739419014165224 0.013739419013652415 1.5524735589394905 0.0 -5.609156493348912e-06 0.003742698605392281 0.0 0.0
0.0 0.0007807390548664588 0.0 0.5526267740579883 0.0 0.014435012852807122 0.01443501285280673 0.014435012852987174 0.014435012852793479 1.5524735590186225 0.0 -5.60908344417657e-06 0.003742698558255747 0.0 0.0
0.0 0.00063260878556366 0.0 0.54881513075639 0.0 0.015199287214564554 0.01519928721456455 0.015199287214563085 0.015199287214586042 1.5524735590272494 0.0 -5.609073039612004e-06 0.003742698538800179 0.0 0.0
0.0 0.0004939047006855281 0.0 0.5455150464594128 0.0 0.016003637874919728 0.01600363787491977 0.016003637874919763 0.016003637874925432 1.5524735586965495 0.0 -5.609091416343388e-06 0.0037426986724448863 0.0 0.0
0.0 0.0003644455901810839 0.0 0.5426587985937739 0.0 0.016828204383122786 0.016828204383122786 0.01682820438393173 0.01682820438364041 1.5524735587307448 0.0 -5.609004564305009e-06 0.0037426988190899656 0.0 0.0
0.0 0.0002436125803109294 0.0 0.540182555392849 0.0 0.017660381192548754 0.017660381192548754 0.017660381192786234 0.017660381193045284 1.5524735589674117 0.0 -5.609153733026153e-06 0.0037426985929985166 0.0 0.0
0.0 0.00013053314943612125 0.0 0.5380264158590026 0.0 0.01849232089563696 0.01849232089563702 0.018492320895636963 0.018492320895636967 1.5524735590112202 0.0 -5.6093053036081935e-06 0.0037426985636714134 0.0 0.0
0.0 2.4219766591705438e-05 0.0 0.5361394141286929 0.0 0.019320691294431046 0.019320691294431057 0.019320691294554035 0.0193206912944287 1.5524735590261307 0.0 -5.609326673928204e-06 0.0037426985438660442 0.0 0.0
0.0 -7.631797665723642e-05 0.0 0.5344765557613247 0.0 0.020144168879143397 0.020144168879143397 0.020144168879145195 0.020144168879145195 1.552473558402872 0.0 -5.609418653122335e-06 0.0037426987183889265 0.0 0.0
0.0 -0.0001721843052855741 0.0 0.5329987958789972 0.0 0.02096494444980955 0.02096494444980955 0.02096494444984428 0.02096494445115418 1.552473558712059 0.0 -5.609594747586297e-06 0.0037426986604147325 0.0 0.0
0.0 -0.0002643570747676444 0.0 0.5316730872459136 0.0 0.021785463434710037 0.021785463434710037 0.02178546343471041 0.02178546343471227 1.5524735588909435 0.0 -5.609479859195748e-06 0.0037426986162279316 0.0 0.0
0.0 -0.0003538413773449924 0.0 0.5304713544603389 0.0 0.02261018168842251 0.02261018168842251 0.022610181688422566 0.022610181688480894 1.5524735589803969 0.0 -5.609404318674806e-06 0.003742698582053424 0.0 0.0
0.0 -0.0004416013222021316 0.0 0.5293695120327813 0.0 0.023444311589450095 0.0234443115894501 0.02344431158945057 0.023444311589450574 1.5524735590188115 0.0 -5.609700287863254e-06 0.0037426985496570725 0.0 0.0
0.0 -0.0005285231609648486 0.0 0.5283474714791834 0.0 0.024293321949947027 0.024293321949947013 0.024293321949947686 0.024293321949947218 1.552473559029234 0.0 -5.609690169677194e-06 0.0037426985334189844 0.0 0.0
0.0 -0.0006155298921920212 0.0 0.5273851371887042 0.0 0.025163180176338534 0.025163180176338538 0.025163180176498844 0.02516318017634081 1.552473558266423 0.0 -5.609706054632369e-06 0.0037426987305824526 0.0 0.0
0.0 -0.000703576092981944 0.0 0.526463402522387 0.0 0.026060610195696048 0.02606061019569605 0.02606061019569249 0.026060610193535335 1.5524735584935587 0.0 -5.609726299863805e-06 0.0037426986957439876 0.0 0.0
0.0 -0.0007935068830718972 0.0 0.525566169148629 0.0 0.026991835184704164 0.026991835184704164 0.026991835184706 0.026991835184705416 1.5524735586123917 0.0 -5.6097535838454515e-06 0.0037426986741464327 0.0 0.0
0.0 -0.0008863484389787623 0.0 0.5246713274247315 0.0 0.02796357164469767 0.02796357164469767 0.02796357164494977 0.02796357164469671 1.5524735588948966 0.0 -5.602146496292988e-06 0.0037426988862132894 0.0 0.0
0.0 -0.0009831521476387816 0.0 0.5237557757667674 0.0 0.028982531590578127 0.028982531590578123 0.028982531590576337 0.028982531591359013 1.5524735586027216 0.0 -5.609490595611695e-06 0.003742698677777476 0.0 0.0
0.0 -0.0010850567744051139 0.0 0.5227904097022222 0.0 0.03005467147848605 0.03005467147847322 0.030054671478828815 0.03005467147882881 1.552473558440873 0.0 -5.609500437384274e-06 0.0037426987031710882 0.0 0.0
0.0 -0.001193370416888536 0.0 0.5217391288914606 0.0 0.031185935423143216 0.031185935423143213 0.03118593542352406 0.03118593542314007 1.5524735588948966 0.0 -5.602146496310527e-06 0.003742698886213293 0.0 0.0
0.0 -0.0013075123240483147 0.0 0.5205811544105428 0.0 0.03236153158518547 0.03236153158518547 0.03236153158518541 0.03236153158520077 1.552473557249892 0.0 -5.60942436760805e-06 0.0037426988305929464 0.0 0.0
0.0 -0.0014258474286482665 0.0 0.5193257713906753 0.0 0.03356222664879185 0.03356222664879185 0.033562226648792125 0.033562226648793284 1.5524735558208451 0.0 -5.6093391216786485e-06 0.003742698931290141 0.0 0.0
0.0 -0.0015483454584709268 0.0 0.5179719929927444 0.0 0.03478727683450936 0.03478727683450936 0.03478727683532469 0.03478727683450941 1.5524735586791276 0.0 -5.609449934299094e-06 0.003742698823045303 0.0 0.0
0.0 -0.0016749795091865443 0.0 0.5165178313014972 0.0 0.03603566481655733 0.03603566481655733 0.036035664816557324 0.03603566481657463 1.5524735588948966 0.0 -5.60214649629421e-06 0.003742698886213289 0.0 0.0
0.0 -0.0018056345174868084 0.0 0.514964311497673 0.0 0.03730614364836833 0.03730614364836833 0.03730614364774736 0.037306143647084525 1.552473557278909 0.0 -5.609245114567403e-06 0.003742698821165521 0.0 0.0
0.0 -0.0019402672677674858 0.0 0.5133124315624283 0.0 0.03859846742321288 0.0385984674232129 0.03859846742253384 0.03859846742323811 1.552473554923327 0.0 -5.609321992798859e-06 0.003742698971845795 0.0 0.0
0.0 -0.0020787628838681116 0.0 0.5115632127554126 0.0 0.039911400501697336 0.039911400501697336 0.03991140050100101 0.03991140050102587 1.5524735585932274 0.0 -5.609397013298288e-06 0.003742698672433871 0.0 0.0
0.0 -0.0022210829573906144 0.0 0.5097166623101768 0.0 0.041244421645455574 0.041244421645455574 0.04124442164545557 0.04124442164542579 1.5524735573974608 0.0 -5.609184918332186e-06 0.003742698805567576 0.0 0.0
0.0 -0.002367058069795905 0.0 0.5077767963590847 0.0 0.04259654299976848 0.04259654299976848 0.04259654300070099 0.04259654300157027 1.5524735543778443 0.0 -5.609193432708334e-06 0.003742698989114203 0.0 0.0
0.0 -0.002516646977183464 0.0 0.5057446191601868 0.0 0.04396753331916288 0.04396753331916287 0.04396753331916288 0.0439675333191629 1.5524735582360558 0.0 -5.609083176644642e-06 0.0037426988921189057 0.0 0.0
0.0 -0.0026696964596653215 0.0 0.5036241409287968 0.0 0.04535662879767788 0.04535662879767788 0.04535662879767788 0.04535662879733156 1.5524735588948966 0.0 -5.602146496236506e-06 0.0037426988862133107 0.0 0.0
0.0 -0.0028261160595716827 0.0 0.5014183722946779 0.0 0.04676357394987026 0.04676357394987026 0.04676357395090967 0.046763573948435465 1.5524735510601606 0.0 -5.609118129874216e-06 0.0037426991144464557 0.0 0.0
0.0 -0.002985756660380316 0.0 0.49913131970712055 0.0 0.04818766949727351 0.04818766949727351 0.04818766949731388 0.04818766949727577 1.552473557321921 0.0 -5.609254622637773e-06 0.003742698800600537 0.0 0.0
0.0 -0.003148470620946518 0.0 0.4967689868633865 0.0 0.04962887600314496 0.04962887600314496 0.049628876004251365 0.04962887600318752 1.5524735526116749 0.0 -5.609174250649845e-06 0.0037426990466197254 0.0 0.0
0.0 -0.0033141462652472218 0.0 0.49433537895592417 0.0 0.051086990322449725 0.051086990322449725 0.05108699032244742 0.05108699032486464 1.55247355770584 0.0 -5.6090995619989515e-06 0.0037426987653272244 0.0 0.0
0.0 -0.003482623686228022 0.0 0.49183550419223293 0.0 0.052561482203155846 0.052561482203155846 0.052561482201928265 0.052561482201930514 1.552473552997579 0.0 -5.609181355081485e-06 0.0037426990220222065 0.0 0.0
0.0 -0.003653731574831977 0.0 0.4892773620906467 0.0 0.054052651998914784 0.05405265199891478 0.054052651998960484 0.05405265199757569 1.5524735577321511 0.0 -5.609086601660122e-06 0.003742698758883176 0.0 0.0
0.0 -0.0038273476139643126 0.0 0.48666595117836753 0.0 0.055560482591354786 0.05556048259135478 0.05556048259135254 0.05556048259140077 1.5524735588948955 0.0 -5.602146496230391e-06 0.0037426988862133553 0.0 0.0
0.0 -0.004003261663719232 0.0 0.4840092820950955 0.0 0.05708474103399395 0.05708474103399418 0.057084741033994066 0.05708474103404982 1.5524735588948966 0.0 -5.602146496192633e-06 0.003742698886213302 0.0 0.0
0.0 -0.004181316907067643 0.0 0.4813153494921231 0.0 0.05862592527067637 0.05862592527067616 0.05862592527085471 0.05862592527080363 1.552473550059226 0.0 -5.60908107549512e-06 0.0037426991043535635 0.0 0.0
