0.0 -0.0008658585658497217 0.0 0.48202091989207757 0.0 0.013619206145731977 0.013619206146605558 0.013619206187821389 0.01361920618066342 1.552473560465369 0.0 -5.602150688653408e-06 0.0037426988862076334 0.0 0.0
0.0 -0.0008636213712296866 0.0 0.48211394881711633 0.0 0.013619352165558731 0.013619352165558695 0.013619352165560776 0.013619352165836833 1.5524735589918353 0.0 -5.609899644261817e-06 0.0037426985690221393 0.0 0.0
0.0 -0.0008599827341970407 0.0 0.4822659868443767 0.0 0.0136198459964502 0.01361984599645019 0.013619845996451654 0.013619845996450941 1.5524735588949001 0.0 -5.6021464963915785e-06 0.003742698886213226 0.0 0.0
0.0 -0.0008549735443858351 0.0 0.4824750455928059 0.0 0.01362043111984616 0.013620431119846161 0.013620431119848007 0.013620431120124798 1.552473558992047 0.0 -5.6099996619216074e-06 0.003742698567632614 0.0 0.0
0.0 -0.0008485983798153935 0.0 0.482740122146634 0.0 0.01362085605873561 0.013620856058735557 0.013620856058738725 0.013620856059014651 1.5524735589922531 0.0 -5.610070855913946e-06 0.003742698566717994 0.0 0.0
0.0 -0.0008409673380697913 0.0 0.4830582102158851 0.0 0.013621625827444772 0.013621625827444774 0.01362162582744752 0.013621625827447519 1.5524735640193579 0.0 -5.6098884088540715e-06 0.003742698331274181 0.0 0.0
0.0 -0.0008321268333135748 0.0 0.48342730914021115 0.0 0.013622714881825334 0.013622714881825329 0.013622714881828025 0.013622714881827943 1.552473562715533 0.0 -5.609535193157092e-06 0.003742698358662067 0.0 0.0
0.0 -0.0008220654790726473 0.0 0.4838464265846336 0.0 0.013623639364566474 0.013623639364566478 0.013623639364570289 0.0136236393645682 1.5524735639340508 0.0 -5.6101016669383725e-06 0.0037426983274237127 0.0 0.0
0.0 -0.0008108732160922173 0.0 0.4843125572779416 0.0 0.013624636541144155 0.013624636541144196 0.013624636541146384 0.013624636541146384 1.5524735638759701 0.0 -5.609958369169092e-06 0.003742698332019453 0.0 0.0
0.0 -0.0007985976475310605 0.0 0.48482370102148153 0.0 0.013625696441085989 0.013625696441086028 0.013625696441089186 0.01362569644134772 1.552473558843094 0.0 -5.609995167711685e-06 0.003742698769764236 0.0 0.0
0.0 -0.0007852834396679184 0.0 0.48537885380395024 0.0 0.013627095802284028 0.01362709580228403 0.013627095802285995 0.013627095802285993 1.5524735637585723 0.0 -5.609977326063076e-06 0.0037426983338216756 0.0 0.0
0.0 -0.0007709626836316225 0.0 0.4859750198866705 0.0 0.013628292313644994 0.013628292313644996 0.013628292313645159 0.013628292313645067 1.5524735588949 0.0 -5.602146496442792e-06 0.003742698886213223 0.0 0.0
0.0 -0.0007557058068960404 0.0 0.4866102017441324 0.0 0.013629569617636537 0.013629569617636535 0.013629569617638036 0.013629569617638077 1.5524735636450426 0.0 -5.610040972198855e-06 0.003742698334504921 0.0 0.0
0.0 -0.0007395152831465117 0.0 0.4872833959829848 0.0 0.013630648693089602 0.013630648693089591 0.013630648693091425 0.013630648693091349 1.5524735635887077 0.0 -5.609951618754222e-06 0.0037426983378692933 0.0 0.0
0.0 -0.000722501174823318 0.0 0.48799159676285897 0.0 0.013632033935331531 0.013632033935331533 0.01363203393533239 0.01363203393533244 1.5524735635359797 0.0 -5.610140194641956e-06 0.0037426983345383623 0.0 0.0
0.0 -0.0007046563467413404 0.0 0.4887328143952618 0.0 0.01363297203027294 0.013632972030272942 0.013632972030273943 0.013632972030273931 1.552473563488073 0.0 -5.610074514901962e-06 0.003742698336905596 0.0 0.0
0.0 -0.0006860416869787927 0.0 0.48950604127058406 0.0 0.013633961435663797 0.013633961435663804 0.013633961435664912 0.013633961435665002 1.5524735634386186 0.0 -5.61001440425506e-06 0.0037426983393151836 0.0 0.0
0.0 -0.0006666925403426261 0.0 0.4903082840189017 0.0 0.013634497308860481 0.013634497308860474 0.013634497308861671 0.013634497308863933 1.5524735634098914 0.0 -5.6099603066580526e-06 0.0037426983412604873 0.0 0.0
0.0 -0.0006466938529117552 0.0 0.49113753474188526 0.0 0.013635076504026055 0.013635076504026058 0.013635076504046282 0.01363507650402623 1.5524735633956637 0.0 -5.610177567809207e-06 0.0037426983366980818 0.0 0.0
0.0 -0.0006260328463685157 0.0 0.4919928002990134 0.0 0.013635197327127395 0.013635197327127395 0.01363519732712756 0.013635197327119356 1.5524735633862348 0.0 -5.610142761537423e-06 0.0037426983375528937 0.0 0.0
0.0 -0.0005991338897087103 0.0 0.49310515133903576 0.0 0.013634980182946708 0.013634980182946699 0.013634980182948814 0.01363498018294882 1.5524735633950346 0.0 -5.6101710088060424e-06 0.0037426983368223903 0.0 0.0
0.0 -0.0005609491251181174 0.0 0.49468066607913797 0.0 0.013633505297658772 0.013633505297658777 0.013633505297657708 0.013633505297657824 1.5524735634653917 0.0 -5.610300450694958e-06 0.0037426983333223173 0.0 0.0
0.0 -0.0005124040126891627 0.0 0.49667934035216094 0.0 0.013630208478790264 0.013630208478790266 0.013630208478768516 0.013630208478770695 1.5524735636094233 0.0 -5.610301548451406e-06 0.003742698330350694 0.0 0.0
0.0 -0.000454381548510579 0.0 0.49906217421339116 0.0 0.013624277189653656 0.013624277189653594 0.013624277189628643 0.013624277189628647 1.5524735638862193 0.0 -5.610374454242836e-06 0.003742698324074081 0.0 0.0
0.0 -0.0003878007651811677 0.0 0.5017901598729195 0.0 0.013615388515961137 0.013615388515961125 0.013615388515962357 0.01361538851598649 1.5524735589944556 0.0 -5.610467489718793e-06 0.003742698563031906 0.0 0.0
0.0 -0.0003136319658590677 0.0 0.5048222898797146 0.0 0.013603257940396324 0.01360325794039632 0.013603257940390284 0.01360325794039029 1.5524735649657728 0.0 -5.6104745839039905e-06 0.003742698303972992 0.0 0.0
0.0 -0.00023289032060424178 0.0 0.5081185408172605 0.0 0.013588540270149652 0.013588540270149654 0.013588540270094082 0.013588540270093988 1.5524735658203084 0.0 -5.610493295824052e-06 0.003742698289941892 0.0 0.0
0.0 -0.00014652733278051335 0.0 0.5116408939731393 0.0 0.013571681286725859 0.013571681286725855 0.013571681286719322 0.013571681286782229 1.552473565060659 0.0 -5.6100113417529174e-06 0.0037426983090549175 0.0 0.0
0.0 -5.5640371476642405e-05 0.0 0.5153483164944492 0.0 0.013554122462328773 0.013554122462328774 0.013554122462321523 0.013554122462376758 1.5524735660779732 0.0 -5.6100216015542e-06 0.0037426982909634426 0.0 0.0
0.0 3.874011572312293e-05 0.0 0.5192017761397275 0.0 0.01353705278507612 0.013537052785076125 0.01353705278490923 0.013537052784909232 1.5524735695543963 0.0 -5.6104184158071784e-06 0.0037426982409203917 0.0 0.0
0.0 0.00013552936188462086 0.0 0.5231622339809159 0.0 0.013522400562025853 0.01352240056202585 0.013522400562020002 0.013522400562019995 1.5524735708408406 0.0 -5.610422249419602e-06 0.003742698224302646 0.0 0.0
0.0 0.00023359524449966085 0.0 0.5271886467637203 0.0 0.01351207919903114 0.013512079199031135 0.013512079199034308 0.013512079198914452 1.5524735590147298 0.0 -5.610393104239246e-06 0.003742698550513455 0.0 0.0
0.0 0.00033184663434882575 0.0 0.5312419741134893 0.0 0.013508100907669393 0.0135081009076694 0.013508100907659627 0.01350810090765963 1.5524735721878298 0.0 -5.610394703597818e-06 0.0037426982091276107 0.0 0.0
0.0 0.0004292221118855684 0.0 0.535283177770633 0.0 0.013512077536280037 0.013512077536280035 0.013512077536269517 0.013512077536269521 1.5524735713639113 0.0 -5.610290234970316e-06 0.0037426984181494626 0.0 0.0
0.0 0.0005246227737346139 0.0 0.5392712238897278 0.0 0.013525469900543709 0.013525469900543704 0.013525469900530204 0.013525469900532555 1.5524735704844896 0.0 -5.6103675494936165e-06 0.003742698230674724 0.0 0.0
0.0 0.0006170312736072457 0.0 0.5431660896628469 0.0 0.013548962773698821 0.01354896277369883 0.013548962773768713 0.013548962773687168 1.5524735684756532 0.0 -5.610379646762075e-06 0.0037426982566249965 0.0 0.0
0.0 0.0007054483783216014 0.0 0.5469277561319504 0.0 0.013582993191200944 0.013582993191200947 0.01358299319119144 0.013582993191266353 1.5524735660542506 0.0 -5.610414991699095e-06 0.003742698291325558 0.0 0.0
0.0 0.0007889485654559707 0.0 0.5505162191882004 0.0 0.013626997785587713 0.013626997785587706 0.013626997785509326 0.013626997785509328 1.5524735636545395 0.0 -5.610458100079919e-06 0.0037426983321459046 0.0 0.0
0.0 0.0008666190895178288 0.0 0.5538904817934582 0.0 0.013679911397493453 0.013679911397493456 0.013679911397529158 0.013679911397478522 1.5524735616532124 0.0 -5.610468159632801e-06 0.0037426983759920904 0.0 0.0
0.0 0.0009376874105907644 0.0 0.5570115657420661 0.0 0.013739421591249855 0.013739421591249858 0.013739421591240898 0.013739421591240893 1.5524735602761044 0.0 -5.610466982551961e-06 0.0037426984203528823 0.0 0.0
0.0 0.0010056460468106905 0.0 0.5600284959306503 0.0 0.013807017003031927 0.013807017003031925 0.013807017003015907 0.013807017003015896 1.5524735593697043 0.0 -5.610001348354041e-06 0.0037426984724433262 0.0 0.0
0.0 0.0010744090724883158 0.0 0.5631063090744166 0.0 0.013883713228618774 0.013883713228618776 0.013883713228610133 0.013883713228614642 1.5524735591187586 0.0 -5.61046261342273e-06 0.003742698492139612 0.0 0.0
0.0 0.0011438664723293925 0.0 0.5662320421798359 0.0 0.01396673751610437 0.01396673751610299 0.013966737516107247 0.01396673751580651 1.5524735590363175 0.0 -5.610456783655912e-06 0.0037426985105796238 0.0 0.0
0.0 0.001213872727153507 0.0 0.5693897394544828 0.0 0.01405281371002848 0.014052813710028592 0.014052813710249575 0.014052813706681324 1.552473558887607 0.0 -5.610343532314014e-06 0.003742698716663849 0.0 0.0
0.0 0.0012843916818785865 0.0 0.5725664522529799 0.0 0.014138170272373789 0.014138170272373756 0.01413817027240997 0.014138170272409958 1.5524735588948966 0.0 -5.602146496469755e-06 0.003742698886213279 0.0 0.0
0.0 0.0013553063740838153 0.0 0.57574822622658 0.0 0.014219784306605933 0.014219784306605698 0.014219784306486866 0.014219784306616209 1.5524735590332708 0.0 -5.610455461757253e-06 0.0037426985175631074 0.0 0.0
0.0 0.0014265942491924284 0.0 0.5789211152127384 0.0 0.0142933826748606 0.014293382674860624 0.014293382674863834 0.014293382674863839 1.55247355898388 0.0 -5.610142768596067e-06 0.0037426987241887923 0.0 0.0
0.0 0.0014981149618258454 0.0 0.5820701623528491 0.0 0.014355940915208755 0.014355940915208767 0.01435594091520921 0.014355940915209118 1.5524735590298537 0.0 -5.610452755897412e-06 0.003742698529323301 0.0 0.0
0.0 0.0015697102977089523 0.0 0.5851804042630803 0.0 0.014404684531917412 0.014404684531917403 0.01440468453191565 0.014404684531845579 1.5524735590268228 0.0 -5.6104450311641915e-06 0.0037426985349676765 0.0 0.0
0.0 0.0016412167073897035 0.0 0.5882358798722432 0.0 0.014436587424898577 0.014436587424898586 0.014436587424898579 0.01443658742491852 1.5524735588949392 0.0 -5.602146496635722e-06 0.003742698886213055 0.0 0.0
0.0 0.0017123321302804713 0.0 0.5912196118154256 0.0 0.014450153444302014 0.014450153444302002 0.01445015344501414 0.014450153445091289 1.5524735750569691 0.0 -5.610463877651537e-06 0.003742698160069745 0.0 0.0
0.0 0.0017827483568383313 0.0 0.5941146065719632 0.0 0.014444011149351257 0.01444401114935124 0.014444011149348634 0.014444011149348663 1.5524735588948966 0.0 -5.602146496531949e-06 0.0037426988862132816 0.0 0.0
0.0 0.0018520632304353615 0.0 0.5969038709851067 0.0 0.014418016042395728 0.014418016042395603 0.014418016043212616 0.014418016043183287 1.5524735788843602 0.0 -5.610483742699308e-06 0.0037426981180764766 0.0 0.0
0.0 0.0019198376020378477 0.0 0.5995693894375106 0.0 0.01437224153483893 0.014372241534838936 0.01437224153482765 0.014372241534835939 1.552473559029307 0.0 -5.610441749057956e-06 0.003742698530185534 0.0 0.0
0.0 0.001985506056794898 0.0 0.6020941298779827 0.0 0.01430877709584598 0.014308777095845986 0.014308777095821111 0.014308777095821052 1.5524735590320837 0.0 -5.610403267711849e-06 0.00374269852352696 0.0 0.0
0.0 0.0020484911616160373 0.0 0.604460056398826 0.0 0.014229555338625747 0.014229555338625768 0.014229555338630524 0.014229555338630509 1.552473558887166 0.0 -5.6103349664372734e-06 0.0037426987219995314 0.0 0.0
0.0 0.0021081629106608347 0.0 0.6066501195666066 0.0 0.014137549497025613 0.014137549497025581 0.014137549497072549 0.014137549497072617 1.552473559033451 0.0 -5.61044037720044e-06 0.003742698513934093 0.0 0.0
0.0 0.0021638955664995633 0.0 0.6086512522466518 0.0 0.01403698932713192 0.014036989327131816 0.014036989327535145 0.014036989327535129 1.5524735590335137 0.0 -5.610340092802589e-06 0.003742698511081628 0.0 0.0
0.0 0.00221501562134255 0.0 0.6104483833062047 0.0 0.013932101415706114 0.013932101415706118 0.013932101415718726 0.013932101415820733 1.5524735588948966 0.0 -5.602146496474899e-06 0.003742698886213281 0.0 0.0
0.0 0.002260835037893115 0.0 0.6120274448902046 0.0 0.013827614624586588 0.013827614624586588 0.013827614624607035 0.01382761462456876 1.5524735593168864 0.0 -5.610394171071768e-06 0.003742698470225602 0.0 0.0
0.0 0.0023026710918916055 0.0 0.6134454352041243 0.0 0.01372437144308699 0.013724371443086995 0.013724371443066595 0.013724371443066595 1.5524735602588091 0.0 -5.610211950738938e-06 0.0037426986161314527 0.0 0.0
0.0 0.002342181543059115 0.0 0.6147743624127872 0.0 0.013623490141459613 0.013623490141459497 0.013623490141437624 0.013623490141437624 1.552473563646699 0.0 -5.6103669562657164e-06 0.003742698329119016 0.0 0.0
0.0 0.0023793563408947634 0.0 0.6160251731663969 0.0 0.013528719334311939 0.013528719334311897 0.013528719334298769 0.013528719333735312 1.552473559012609 0.0 -5.610220234831425e-06 0.0037426985504690606 0.0 0.0
0.0 0.0024143222175560695 0.0 0.6172108340410917 0.0 0.013442604674849128 0.013442604674849121 0.013442604674863912 0.013442604674448664 1.5524735591170093 0.0 -5.6098101042248655e-06 0.0037426985378268976 0.0 0.0
0.0 0.002447132888711244 0.0 0.6183383254550959 0.0 0.013366713476867517 0.013366713476867513 0.013366713476859833 0.013366713476844453 1.5524735922393698 0.0 -5.610356866458702e-06 0.0037426980173816365 0.0 0.0
0.0 0.002477927349866728 0.0 0.6194166288133033 0.0 0.013302115567976572 0.013302115567976567 0.013302115567976227 0.013302115567926152 1.552473559032363 0.0 -5.610302857035873e-06 0.0037426985230177953 0.0 0.0
0.0 0.0025068170070658485 0.0 0.6204517443080941 0.0 0.013249265410629627 0.01324926541062962 0.013249265410636424 0.013249265410921801 1.552473559033337 0.0 -5.6103095909509204e-06 0.0037426985189301567 0.0 0.0
0.0 0.002533956680501485 0.0 0.6214506695230486 0.0 0.01320835933525934 0.013208359335259996 0.013208359335296184 0.013208359335844876 1.5524735590336671 0.0 -5.61030952074532e-06 0.003742698516374434 0.0 0.0
0.0 0.00255944824153234 0.0 0.6224184021554553 0.0 0.01317965539797482 0.013179655397974803 0.013179655398088122 0.01317965539898318 1.5524735590337504 0.0 -5.610303614035465e-06 0.003742698514907187 0.0 0.0
0.0 0.0025834303908690848 0.0 0.6233599473958835 0.0 0.013162911579006615 0.013162911579007237 0.013162911579035598 0.013162911580288573 1.5524735590337528 0.0 -5.61029255243228e-06 0.003742698514210821 0.0 0.0
0.0 0.002605968169511631 0.0 0.6242802954427853 0.0 0.013158886009292872 0.013158886009292884 0.01315888600943214 0.013158886010642648 1.5524735590337333 0.0 -5.610276901696053e-06 0.003742698514143391 0.0 0.0
0.0 0.0026271634486211798 0.0 0.6251844439933675 0.0 0.013167836744392933 0.013167836744392935 0.0131678367444558 0.013167836745612659 1.5524735590336953 0.0 -5.6102572553677605e-06 0.003742698514669514 0.0 0.0
0.0 0.002647076107083323 0.0 0.626076384379312 0.0 0.013190270257212798 0.013190270257212804 0.013190270257231332 0.013190270257232004 1.5524735588948966 0.0 -5.602146496459364e-06 0.003742698886213281 0.0 0.0
0.0 0.002665684800909507 0.0 0.6269591057072751 0.0 0.013227441596872495 0.013227441596872799 0.01322744159688233 0.013227441597402691 1.5524735590333778 0.0 -5.610207892023307e-06 0.003742698518285159 0.0 0.0
0.0 0.0026829654246524654 0.0 0.6278345865881049 0.0 0.013280354070501346 0.01328035407050135 0.013280354070503216 0.01328035407066584 1.5524735590326197 0.0 -5.610178897485634e-06 0.003742698522298708 0.0 0.0
0.0 0.002698794720948133 0.0 0.6287037974030321 0.0 0.01335100958537609 0.013351009585376244 0.013351009585360821 0.013351009585360658 1.5524735588948966 0.0 -5.602146496441063e-06 0.0037426988862132816 0.0 0.0
0.0 0.002712951740640497 0.0 0.6295637140632819 0.0 0.013441403666768057 0.013441403666768064 0.013441403666758278 0.01344140366636387 1.552473559024015 0.0 -5.610112228268381e-06 0.0037426985395245284 0.0 0.0
0.0 0.0027251859857275965 0.0 0.6304122881854505 0.0 0.013554300345952558 0.013554300345952562 0.013554300345922827 0.01355430034592591 1.552473567650906 0.0 -5.610083982610805e-06 0.003742698265157869 0.0 0.0
0.0 0.002735038911668628 0.0 0.6312394738847401 0.0 0.01369263770839873 0.013692637708398741 0.01369263770835973 0.013692637708359729 1.5524735611818934 0.0 -5.6102702190205625e-06 0.0037426983892469615 0.0 0.0
0.0 0.0027419795677692087 0.0 0.632033218978988 0.0 0.013859685222679724 0.013859685222679722 0.013859685222661405 0.013859685222661225 1.552473559174685 0.0 -5.610224097564272e-06 0.003742698484575488 0.0 0.0
0.0 0.0027452741469785303 0.0 0.6327515676766217 0.0 0.014051619884613894 0.014051619884613963 0.014051619884828451 0.014051619884821185 1.5524735590332837 0.0 -5.610158596750528e-06 0.00374269851253784 0.0 0.0
0.0 0.002744960359087486 0.0 0.6333686473423888 0.0 0.014259395275531538 0.014259395275531045 0.014259395275549364 0.014259395275560227 1.552473559032547 0.0 -5.610059849512901e-06 0.003742698522357282 0.0 0.0
0.0 0.002741368214052988 0.0 0.6338875115401748 0.0 0.014479515382145314 0.014479515382145314 0.014479515382134302 0.014479515382151805 1.552473559019653 0.0 -5.610193297175001e-06 0.0037426985439237867 0.0 0.0
0.0 0.002734790632396559 0.0 0.6343112056855386 0.0 0.014708987425316747 0.014708987425316875 0.014708987426361939 0.014708987426384008 1.5524735604697792 0.0 -5.610042807133972e-06 0.003742698412307947 0.0 0.0
0.0 0.002725519945843145 0.0 0.6346457618585355 0.0 0.014945812286405276 0.014945812286405274 0.01494581228663231 0.014945812286638157 1.5524735590413208 0.0 -5.610131237490312e-06 0.003742698508456376 0.0 0.0
0.0 0.0027137749926779823 0.0 0.6348942105975541 0.0 0.015188002839325586 0.015188002839325592 0.01518800283837491 0.015188002838345233 1.5524735590324552 0.0 -5.609931777748485e-06 0.0037426985202991345 0.0 0.0
0.0 0.0026998348750930075 0.0 0.6350635766741135 0.0 0.015434067314805873 0.015434067314805873 0.015434067315205406 0.015434067315215488 1.5524735590236622 0.0 -5.6099770961519065e-06 0.003742698541098343 0.0 0.0
0.0 0.002683893324868323 0.0 0.6351588764275365 0.0 0.015683016619460956 0.015683016619460834 0.01568301661652911 0.015683016616544837 1.552473560434756 0.0 -5.609909815825672e-06 0.0037426986051403025 0.0 0.0
0.0 0.0026660543442429464 0.0 0.6351821216567718 0.0 0.015934094796776523 0.015934094796776523 0.01593409479458834 0.015934094794596735 1.5524735590441758 0.0 -5.610005669622753e-06 0.0037426985089113983 0.0 0.0
0.0 0.002646504115673931 0.0 0.6351403181306408 0.0 0.016187072012762354 0.01618707201276235 0.01618707201009048 0.016187072010079507 1.552473559032777 0.0 -5.609994324623065e-06 0.003742698519074407 0.0 0.0
0.0 0.0026253339094980403 0.0 0.6350364683564815 0.0 0.016441700077235697 0.016441700077235735 0.016441700073768845 0.016441700073332604 1.5524735588948966 0.0 -5.602146496390095e-06 0.003742698886213285 0.0 0.0
0.0 0.002602651120409654 0.0 0.6348735870895365 0.0 0.016697486004585 0.016697486004584993 0.016697486004584997 0.016697486002082804 1.5524735601909165 0.0 -5.609922762969219e-06 0.0037426984198899054 0.0 0.0
0.0 0.0025785043384972117 0.0 0.6346566543274543 0.0 0.016955431166915197 0.0169554311669152 0.01695543116691582 0.016955431164984654 1.5524735590354353 0.0 -5.6098628423547145e-06 0.003742698514932502 0.0 0.0
0.0 0.0025530015560542305 0.0 0.6343886806208253 0.0 0.017215047053149038 0.017215047053149034 0.017215047053168113 0.01721504705010681 1.5524735590314134 0.0 -5.609783773949381e-06 0.0037426985251401697 0.0 0.0
0.0 0.0025261711540226785 0.0 0.6340746486818815 0.0 0.017477589610224394 0.017477589610224407 0.01747758961022439 0.017477589607255577 1.5524735590178764 0.0 -5.609976900958964e-06 0.003742698547427953 0.0 0.0
0.0 0.002498042754015186 0.0 0.6337165553283657 0.0 0.017743313207149856 0.01774331320714998 0.017743313207143587 0.017743313207143594 1.5524735595782566 0.0 -5.609877058745529e-06 0.0037426984510744023 0.0 0.0
0.0 0.0024686877520953823 0.0 0.6333203851384508 0.0 0.01801322436204695 0.018013224362046932 0.018013224348218476 0.018013224348218494 1.5524735588948966 0.0 -5.602146496364802e-06 0.003742698886213281 0.0 0.0
0.0 0.0024381327305299043 0.0 0.6328911272465504 0.0 0.018288584505689244 0.01828858450568924 0.018288584505683166 0.01828858450568317 1.5524735590311591 0.0 -5.6099260899168365e-06 0.00374269852740666 0.0 0.0
0.0 0.00240644984214367 0.0 0.6324347619837677 0.0 0.0185704022685895 0.018570402268589505 0.01857040226859157 0.01857040226859162 1.5524735589981506 0.0 -5.609796918284353e-06 0.0037426985656347778 0.0 0.0
0.0 0.0023736785334348472 0.0 0.6319582651647774 0.0 0.018860439304423736 0.018860439304423732 0.01886043930443956 0.018860439304439106 1.5524735588948966 0.0 -5.602146496399709e-06 0.0037426988862132807 0.0 0.0
0.0 0.002340198266158249 0.0 0.6314736653482896 0.0 0.019157464542739634 0.019157464542739647 0.01915746454187264 0.019157464542727935 1.552473559031651 0.0 -5.609805135819404e-06 0.003742698521815276 0.0 0.0
0.0 0.0023062779676371525 0.0 0.6309859875969193 0.0 0.01945948568681876 0.01945948568681875 0.01945948568736748 0.01945948568683136 1.5524735590193937 0.0 -5.609949505114962e-06 0.003742698545990357 0.0 0.0
0.0 0.002271904378665849 0.0 0.6304962268155903 0.0 0.01976700505646521 0.019767005056464997 0.0197670050572836 0.019767005059232786 1.5524735593226602 0.0 -5.609808719543474e-06 0.0037426984694597146 0.0 0.0
0.0 0.002236974271234969 0.0 0.6300023711887254 0.0 0.02008076781336496 0.02008076781336497 0.020080767810435347 0.020080767813814012 1.5524735590323393 0.0 -5.609950562376336e-06 0.003742698516353094 0.0 0.0
0.0 0.0022015115821051798 0.0 0.6295054210044717 0.0 0.020400777250962898 0.020400777250962905 0.020400777251427474 0.02040077725403949 1.5524735590245513 0.0 -5.6098128532913836e-06 0.0037426985414522863 0.0 0.0
0.0 0.002165442609056636 0.0 0.6290053612449436 0.0 0.02072803383816563 0.020728033838165627 0.020728033838999845 0.020728033839002884 1.5524735594671666 0.0 -5.60965118666883e-06 0.0037426984598228925 0.0 0.0
0.0 0.002128725084725937 0.0 0.6285011879679439 0.0 0.02106278344640868 0.021062783446408644 0.021062783442106055 0.021062783442109614 1.552473559031455 0.0 -5.6098086885280685e-06 0.003742698519130505 0.0 0.0
0.0 0.0020913705204875415 0.0 0.627994892035999 0.0 0.02140553187853642 0.021405531878536423 0.021405531878548652 0.02140553187854865 1.5524735588948966 0.0 -5.602146496343762e-06 0.0037426988862132816 0.0 0.0
0.0 0.0020532743159615225 0.0 0.627484468035901 0.0 0.021757025750498264 0.021757025750498264 0.02175702575050363 0.021757025750469797 1.5524735592912653 0.0 -5.609800497044973e-06 0.0037426984702516246 0.0 0.0
0.0 0.0020144434970694627 0.0 0.6269709061278783 0.0 0.022117515153353546 0.022117515153353563 0.02211751515339426 0.02211751515342593 1.5524735590323162 0.0 -5.609937651455496e-06 0.003742698517603819 0.0 0.0
0.0 0.0019748704072473475 0.0 0.6264561977696126 0.0 0.02248775489296327 0.022487754892963275 0.022487754892961932 0.022487754892935627 1.5524735590129048 0.0 -5.609793834710321e-06 0.0037426985540316192 0.0 0.0
0.0 0.0019344885137713944 0.0 0.6259383386570593 0.0 0.022867991453913876 0.022867991453913876 0.022867991453938228 0.022867991453937395 1.5524735590649097 0.0 -5.609926301839831e-06 0.0037426985016683983 0.0 0.0
0.0 0.0018932723297370596 0.0 0.625419314343953 0.0 0.023259227916953663 0.02325922791695366 0.02325922791698436 0.02325922791696781 1.5524735590306813 0.0 -5.609779622873034e-06 0.0037426985287255057 0.0 0.0
0.0 0.0018512274836505636 0.0 0.6249001212897067 0.0 0.023661715986902195 0.023661715986902195 0.023661715986902292 0.0236617159869023 1.5524735590394996 0.0 -5.609479020535904e-06 0.0037426985843829474 0.0 0.0
0.0 0.0018083411272429063 0.0 0.6243817526084784 0.0 0.02407595773657328 0.02407595773657329 0.024075957738518762 0.024075957736630352 1.552473559031174 0.0 -5.609765648445706e-06 0.0037426985203888527 0.0 0.0
0.0 0.0017645585021908744 0.0 0.6238641946110022 0.0 0.024502702809377108 0.024502702809377105 0.024502702809377098 0.024502702809347226 1.5524735588948966 0.0 -5.602146496392083e-06 0.003742698886213281 0.0 0.0
0.0 0.0017199141211284425 0.0 0.6233504450112659 0.0 0.02494245627350521 0.024942456273506882 0.024942456273398934 0.024942456270437285 1.5524735588948966 0.0 -5.602146496362881e-06 0.0037426988862132816 0.0 0.0
0.0 0.0016743715547951914 0.0 0.6228404941973247 0.0 0.02539571818829338 0.025395718188293392 0.025395718187803736 0.025395718183722424 1.5524735588948966 0.0 -5.602146496390267e-06 0.003742698886213282 0.0 0.0
0.0 0.0016279473334572375 0.0 0.6223373339064651 0.0 0.02586324354177717 0.025863243541777166 0.025863243541777166 0.025863243541777173 1.5524735590578376 0.0 -5.609747028990824e-06 0.003742698506588646 0.0 0.0
0.0 0.0015806535555400714 0.0 0.6218429529808063 0.0 0.026345535416977903 0.02634553541697791 0.026345535416977914 0.026345535416981567 1.5524735588827596 0.0 -5.609798995743326e-06 0.0037426987355796875 0.0 0.0
0.0 0.0015323368623227486 0.0 0.6213563270185438 0.0 0.02684434225405513 0.026844342254055246 0.026844342254052158 0.02684434225405524 1.5524735586615732 0.0 -5.609656747870029e-06 0.0037426988303421614 0.0 0.0
0.0 0.0014827791261643835 0.0 0.620871439366524 0.0 0.0273606558069276 0.0273606558069276 0.027360655806930975 0.027360655806927564 1.5524735590269403 0.0 -5.6098999142266675e-06 0.003742698536376977 0.0 0.0
0.0 0.0014317997226748536 0.0 0.6203822785627096 0.0 0.027894965211351454 0.027894965211351454 0.02789496521067262 0.027894965211351444 1.5524735588948966 0.0 -5.602146496363903e-06 0.0037426988862132855 0.0 0.0
0.0 0.0013791455763165928 0.0 0.6198768550632222 0.0 0.028446751599288563 0.02844675159928855 0.0284467515987624 0.02844675160173936 1.5524735590173673 0.0 -5.609899363321778e-06 0.0037426985477557193 0.0 0.0
0.0 0.0013246197645378865 0.0 0.6193461635969658 0.0 0.029015750519798756 0.02901575051939596 0.02901575052396004 0.029015750523960035 1.5524735588879064 0.0 -5.609649635352463e-06 0.003742698719894818 0.0 0.0
0.0 0.0012678978213574142 0.0 0.6187752095737528 0.0 0.029601437729015002 0.02960143772904064 0.029601437728483202 0.029601437728483233 1.5524735589751397 0.0 -5.609870014648439e-06 0.003742698575192569 0.0 0.0
0.0 0.0012086373414845997 0.0 0.6181489922630004 0.0 0.03020353942130624 0.03020353942130624 0.0302035394210039 0.03020353942130609 1.552473559030592 0.0 -5.6096786373970714e-06 0.003742698527710437 0.0 0.0
0.0 0.0011464917633644447 0.0 0.6174485287818235 0.0 0.03082052420331953 0.03082052420331953 0.03082052420275747 0.030820524203319447 1.5524735588130343 0.0 -5.609774607822946e-06 0.003742698629220974 0.0 0.0
0.0 0.0010810719025647608 0.0 0.6166538320379311 0.0 0.031451111117477525 0.03145111111747753 0.03145111111747985 0.03145111111745727 1.5524735590148786 0.0 -5.60983003238105e-06 0.003742698550690605 0.0 0.0
0.0 0.0010119422016875849 0.0 0.6157399284317956 0.0 0.032093008578779336 0.03209300857877934 0.032093008578793054 0.03209300857879662 1.5524735588881533 0.0 -5.609443443892222e-06 0.0037426987230568982 0.0 0.0
0.0 0.0009387461903397432 0.0 0.6146828562438382 0.0 0.032743177728459964 0.032743177728459964 0.032743177728459964 0.03274317772845996 1.552473558876536 0.0 -5.609517293810712e-06 0.0037426986156765376 0.0 0.0
0.0 0.0008610936026580461 0.0 0.6134526740967281 0.0 0.033397070609850026 0.03339707060985003 0.033397070609850095 0.03339707060976768 1.5524735590191296 0.0 -5.60942927910439e-06 0.003742698552814181 0.0 0.0
0.0 0.000778643841964615 0.0 0.6120184556677265 0.0 0.03404913588533149 0.03404913588533149 0.03404913589617298 0.034049135885547456 1.5524735590301384 0.0 -5.6096243783006964e-06 0.003742698523510801 0.0 0.0
0.0 0.000691306980572034 0.0 0.6103513159439554 0.0 0.03469107583397025 0.03469107583397025 0.03469107583428416 0.03469107583397024 1.5524735589092673 0.0 -5.609399734554505e-06 0.0037426986071062854 0.0 0.0
0.0 0.0005990312730946025 0.0 0.6084193921166715 0.0 0.035313088336059915 0.03531308833605993 0.03531308833639681 0.03531308833604752 1.5524735590257177 0.0 -5.6094118090074064e-06 0.0037426985437995766 0.0 0.0
0.0 0.0005021249035485061 0.0 0.6061958711708131 0.0 0.035902126773583766 0.03590212677358384 0.03590212677392638 0.03590212677356844 1.5524735586521645 0.0 -5.609357194350344e-06 0.003742698665683809 0.0 0.0
0.0 0.00040125538476109125 0.0 0.6036589904009689 0.0 0.036441905736574805 0.036441905736574805 0.03644190573686383 0.036441905736620976 1.5524735590100656 0.0 -5.60922793889296e-06 0.003742698563718045 0.0 0.0
0.0 0.00029766714257398484 0.0 0.6008010376683625 0.0 0.036912907391899494 0.03691290739185944 0.0369129073923162 0.036912907391875416 1.5524735588948966 0.0 -5.602146496158697e-06 0.0037426988862132794 0.0 0.0
0.0 0.00019314954537848398 0.0 0.5976263653820894 0.0 0.037292135352013575 0.03729213535201357 0.03729213535192189 0.03729213535190866 1.5524735590248024 0.0 -5.609055260692567e-06 0.003742698548393029 0.0 0.0
0.0 9.04013691156122e-05 0.0 0.594166373290076 0.0 0.037553135229453735 0.037553135229453735 0.03755313522947501 0.03755313522944655 1.5524735589768406 0.0 -5.609017650885629e-06 0.003742698585653743 0.0 0.0
0.0 -1.509898666566231e-05 0.0 0.5901683086596157 0.0 0.03767424870953698 0.03767424870953698 0.03767424870953423 0.03767424870955543 1.5524735591902161 0.0 -5.609010817038244e-06 0.0037426984876483284 0.0 0.0
0.0 -0.00012239308024233523 0.0 0.5854830586016712 0.0 0.03759322539491642 0.03759322539491643 0.03759322539491643 0.03759322539491652 1.5524735593849512 0.0 -5.609007928900951e-06 0.0037426984610708595 0.0 0.0
0.0 -0.00021931028766169407 0.0 0.5803987765338497 0.0 0.03723902084328639 0.03723902084328639 0.03723902084328639 0.0372390208432864 1.55247356271136 0.0 -5.609017944748965e-06 0.0037426982822839788 0.0 0.0
0.0 -0.00029439508130722417 0.0 0.5752751399420951 0.0 0.03657393608326287 0.03657393608326287 0.03657393608323656 0.03657393608326286 1.5524735594847252 0.0 -5.609032474753755e-06 0.00374269845106772 0.0 0.0
0.0 -0.0003389247855119196 0.0 0.5704802284533942 0.0 0.035600330414214613 0.035600330414214613 0.035600330414168824 0.03560033041271865 1.5524735594202865 0.0 -5.609022506428856e-06 0.0037426984590898747 0.0 0.0
0.0 -0.0003483706880021165 0.0 0.5663135814108329 0.0 0.03435518847681153 0.03435518847681152 0.03435518847674637 0.03435518847681152 1.55247356153058 0.0 -5.609025637802367e-06 0.0037426983370058738 0.0 0.0
0.0 -0.00032254679443753924 0.0 0.5629643631603595 0.0 0.03289835225182772 0.03289835225182772 0.032898352249673524 0.0328983522518407 1.5524735802967082 0.0 -5.609125522800318e-06 0.003742697952883279 0.0 0.0
0.0 -0.0002651260237616416 0.0 0.5604905491056305 0.0 0.0312990660055899 0.031299066005595406 0.031299066005509295 0.03129906600693611 1.5524735588958802 0.0 -5.602146497975866e-06 0.0037426988862128275 0.0 0.0
0.0 -0.00018227728032205802 0.0 0.5588341538040089 0.0 0.029622367922259765 0.029622367922257625 0.029622367922259894 0.029622367922259977 1.5524735588951881 0.0 -5.6021464961993215e-06 0.0037426988862130335 0.0 0.0
0.0 -8.14269876992571e-05 0.0 0.5578533158435952 0.0 0.027922809469099162 0.02792280946909916 0.027922809469092192 0.02792280946909219 1.5524735901651405 0.0 -5.609601525991364e-06 0.0037426978573338924 0.0 0.0
0.0 2.9780670611633268e-05 0.0 0.5573583392245729 0.0 0.026242161382177786 0.02624216138217778 0.026242161382149954 0.026242161383826703 1.552473558898862 0.0 -5.602146505816542e-06 0.003742698886212367 0.0 0.0
0.0 0.00014420481177487366 0.0 0.5571496986470131 0.0 0.02461204190200252 0.024612041902002606 0.02461204190200252 0.024612041902011064 1.5524735588959384 0.0 -5.6021464981687535e-06 0.0037426988862128254 0.0 0.0
0.0 0.0002555885075661035 0.0 0.5570449594008406 0.0 0.023057665379696356 0.023057665379696456 0.02305766537955289 0.02305766537969412 1.5524735913544492 0.0 -5.609973772116402e-06 0.003742697884105186 0.0 0.0
0.0 0.000358770216642596 0.0 0.5568997230336499 0.0 0.021601864842032813 0.021601864842032817 0.021601864842032734 0.021601864842034003 1.5524735588974619 0.0 -5.602146502180421e-06 0.00374269888621261 0.0 0.0
0.0 0.00044987793083707853 0.0 0.5566246261723117 0.0 0.02026797589945022 0.02026797589945023 0.02026797589968358 0.02026797589967958 1.5524735770713673 0.0 -5.609832679327108e-06 0.003742698080839682 0.0 0.0
0.0 0.0005263937490592413 0.0 0.5561882860923733 0.0 0.01908003354251947 0.01908003354251947 0.019080033542536127 0.019080033544862034 1.5524735588951555 0.0 -5.602146496989069e-06 0.00374269888621269 0.0 0.0
0.0 0.00058715114850269 0.0 0.555615364891186 0.0 0.018062059920391494 0.018062059920391456 0.018062059920393926 0.01806205992038429 1.5524736217622488 0.0 -5.60994162788338e-06 0.0037426977422474654 0.0 0.0
0.0 0.0006324323206850211 0.0 0.5549835453036984 0.0 0.01723584521242721 0.017235845212427214 0.01723584521274388 0.017235845212741352 1.5524735923445632 0.0 -5.60967582088918e-06 0.0037426979794787005 0.0 0.0
0.0 0.0006633133070099319 0.0 0.5543975694740898 0.0 0.01662123878589548 0.016621238785895515 0.016621238785892695 0.016621238784151664 1.5524735617882615 0.0 -5.609741041139076e-06 0.003742698370238215 0.0 0.0
0.0 0.0006813651535934247 0.0 0.5539732240438271 0.0 0.016234985729179065 0.01623498572917906 0.01623498572588374 0.016234985725901086 1.5524735590317142 0.0 -5.609905333025839e-06 0.003742698523770667 0.0 0.0
0.0 0.0006927618471554419 0.0 0.5536729416915664 0.0 0.01598045991351941 0.01598045991351942 0.015980459910910818 0.015980459910835312 1.5524735588948966 0.0 -5.60214649637537e-06 0.0037426988862132816 0.0 0.0
0.0 0.0007035377661941931 0.0 0.5534093669702619 0.0 0.015746498036555808 0.015746498036555805 0.01574649803480555 0.01574649803481036 1.552473559795004 0.0 -5.609743313293275e-06 0.003742698446464783 0.0 0.0
0.0 0.0007142382855804957 0.0 0.5531975354530052 0.0 0.015530633617003447 0.015530633617003454 0.015530633614348588 0.015530633614016232 1.5524735663767322 0.0 -5.60997498166213e-06 0.003742698271435816 0.0 0.0
0.0 0.0007252538458085962 0.0 0.5530474816934937 0.0 0.01533084383343711 0.015330843833437115 0.015330843833437123 0.015330843833443767 1.5524735590298053 0.0 -5.609926697144294e-06 0.0037426985307659373 0.0 0.0
0.0 0.0007366309073651288 0.0 0.5529582208441816 0.0 0.015146168473816559 0.015146168473816566 0.015146168473816356 0.015146168473823978 1.5524735590319845 0.0 -5.609902511914046e-06 0.0037426985193058614 0.0 0.0
0.0 0.0007484385931289565 0.0 0.5529287711739347 0.0 0.014975341387102823 0.014975341387102827 0.014975341387102827 0.014975341387106454 1.5524735588883596 0.0 -5.609799898686994e-06 0.003742698717064014 0.0 0.0
0.0 0.0007605508700523207 0.0 0.5529531347806785 0.0 0.014818103516563564 0.014818103516563562 0.014818103516563621 0.014818103516572 1.5524735593242835 0.0 -5.609900284766787e-06 0.003742698474471062 0.0 0.0
0.0 0.0007729266087346407 0.0 0.5530273217044839 0.0 0.014673701057665125 0.014673701057665122 0.014673701057667944 0.014673701057677093 1.552473561317289 0.0 -5.609922311868975e-06 0.0037426983873979315 0.0 0.0
0.0 0.0007854650971251519 0.0 0.5531433484432826 0.0 0.014540875250151323 0.014540875250151374 0.014540875250151422 0.014540875250160895 1.5524735671784575 0.0 -5.609964016968635e-06 0.0037426982669747292 0.0 0.0
0.0 0.0007981392521871917 0.0 0.5532992178325347 0.0 0.014419337909254929 0.014419337909254936 0.014419337909248021 0.014419337909245085 1.55247355902516 0.0 -5.6099976082348105e-06 0.0037426985386863677 0.0 0.0
0.0 0.0008109363968414082 0.0 0.5534899491669376 0.0 0.014307624076071892 0.014307624076071885 0.014307624076080829 0.014307624076063894 1.5524735588948966 0.0 -5.602146496353804e-06 0.003742698886213279 0.0 0.0
0.0 0.0008239306428977299 0.0 0.5537155615851307 0.0 0.014204717692102768 0.014204717692102771 0.014204717692175389 0.014204717692096054 1.5524735588948966 0.0 -5.602146496417089e-06 0.003742698886213284 0.0 0.0
0.0 0.000837097932010142 0.0 0.5539750547778032 0.0 0.01411061716439572 0.014110617164395689 0.01411061716441318 0.0141106171644275 1.552473559031975 0.0 -5.609909669697879e-06 0.003742698518019251 0.0 0.0
0.0 0.0008505551438123214 0.0 0.5542694435392861 0.0 0.014024073876272622 0.014024073876272657 0.014024073876461702 0.01402407387641924 1.5524735590322467 0.0 -5.609989027940295e-06 0.003742698515478329 0.0 0.0
0.0 0.0008643910043458417 0.0 0.5546047205198466 0.0 0.013945847599446691 0.013945847599447078 0.013945847599440658 0.013945847599440663 1.552473559043637 0.0 -5.610080239794066e-06 0.0037426985087856317 0.0 0.0
0.0 0.0008786352040095184 0.0 0.554982882349257 0.0 0.013876191712781687 0.013876191712781687 0.013876191712773923 0.013876191712773924 1.552473559134437 0.0 -5.609911820927282e-06 0.003742698494568396 0.0 0.0
0.0 0.0008932847713128722 0.0 0.5554099010301478 0.0 0.013817116219472557 0.013817116219472554 0.013817116219462822 0.013817116219465499 1.5524735592062953 0.0 -5.609934633054686e-06 0.003742698670999597 0.0 0.0
0.0 0.0009082149461821285 0.0 0.5558897326185427 0.0 0.01377162763150308 0.01377162763150309 0.013771627631488778 0.013771627631498362 1.5524735595902106 0.0 -5.609701491371752e-06 0.0037426984574109134 0.0 0.0
0.0 0.0009232031767810636 0.0 0.5564253180956226 0.0 0.013743732543704389 0.013743732543704392 0.013743732543693968 0.013743732543693975 1.5524735601918291 0.0 -5.610033419269368e-06 0.0037426984269246606 0.0 0.0
0.0 0.0009376874172028634 0.0 0.5570115660906653 0.0 0.01373942157259486 0.013739421572594859 0.013739421572583803 0.01373942157259409 1.5524735602663111 0.0 -5.6101844575209625e-06 0.0037426984213564506 0.0 0.0
0.0 0.0009499592476904764 0.0 0.5575903958817852 0.0 0.01376285273063972 0.013762852730639728 0.013762852730624336 0.013762852730624267 1.5524735599130852 0.0 -5.610078148680529e-06 0.003742698438081198 0.0 0.0
0.0 0.0009590893212675292 0.0 0.5581048811517676 0.0 0.01380793433978485 0.013807934339784854 0.013807934339774897 0.013807934339774904 1.5524735594547927 0.0 -5.609945705522431e-06 0.003742698465603813 0.0 0.0
0.0 0.0009655620285913 0.0 0.5585561160466428 0.0 0.01386841757520982 0.013868417575209737 0.013868417575200211 0.01386841757520022 1.5524735591563419 0.0 -5.6100694439049404e-06 0.0037426984889332438 0.0 0.0
0.0 0.0009697626212604247 0.0 0.5589471648070878 0.0 0.013940056643217619 0.013940056643217518 0.01394005664320515 0.013940056643205152 1.5524735588966847 0.0 -5.609810837481339e-06 0.0037426987121910774 0.0 0.0
0.0 0.0009720379684421866 0.0 0.5592840706791472 0.0 0.014020110618287316 0.014020110618287323 0.014020110618299704 0.01402011061834198 1.5524735588876497 0.0 -5.609901022900584e-06 0.0037426987175727257 0.0 0.0
0.0 0.0009726853999580472 0.0 0.5595738618628323 0.0 0.014106840274951233 0.014106840274951226 0.0141068402749531 0.014106840274877469 1.5524735590327658 0.0 -5.610075455134446e-06 0.003742698514998166 0.0 0.0
0.0 0.0009718383948134716 0.0 0.5598205446584769 0.0 0.014199751893912153 0.014199751893911924 0.014199751893847952 0.014199751893847734 1.5524735588948966 0.0 -5.602146496385207e-06 0.003742698886213281 0.0 0.0
0.0 0.0009696160803038875 0.0 0.5600291271177942 0.0 0.014298853551664594 0.014298853551664586 0.01429885355165497 0.014298853551658646 1.5524735590308385 0.0 -5.6099283468680135e-06 0.0037426985278299885 0.0 0.0
0.0 0.0009660308938601046 0.0 0.5602015958539417 0.0 0.014404648461002211 0.014404648461002183 0.014404648460992873 0.014404648460991761 1.5524735588804197 0.0 -5.609878339712045e-06 0.003742698739156987 0.0 0.0
0.0 0.0009610441332625123 0.0 0.5603379457930436 0.0 0.014517655908381416 0.014517655908381416 0.014517655908820917 0.014517655908832028 1.552473568822974 0.0 -5.610026489835955e-06 0.003742698240761569 0.0 0.0
0.0 0.0009545195326544209 0.0 0.5604361569489109 0.0 0.014639071629168415 0.014639071629168415 0.014639071629599798 0.014639071629610841 1.5524735620634333 0.0 -5.6099524282682175e-06 0.003742698560542761 0.0 0.0
0.0 0.000946350642233536 0.0 0.5604942180202668 0.0 0.014769682603622715 0.014769682603622715 0.014769682604031196 0.014769682604041672 1.5524735596859693 0.0 -5.610052024333025e-06 0.0037426984474056087 0.0 0.0
0.0 0.0009363623220258865 0.0 0.560507116204721 0.0 0.014910226650893461 0.014910226650893461 0.014910226651210336 0.014910226651226875 1.5524735590664718 0.0 -5.610055813468697e-06 0.0037426985026406774 0.0 0.0
0.0 0.000924360797603553 0.0 0.5604698349999243 0.0 0.015061693320109534 0.015061693320109546 0.01506169331949214 0.015061693319490104 1.5524735590310492 0.0 -5.609768861582413e-06 0.003742698520196261 0.0 0.0
0.0 0.0009101465358989574 0.0 0.5603763616044505 0.0 0.015224822028331756 0.015224822028331747 0.01522482202865079 0.015224822028642754 1.552473559032395 0.0 -5.610020861613905e-06 0.0037426985209561337 0.0 0.0
0.0 0.0008935568138757088 0.0 0.5602206903524277 0.0 0.015399853117878977 0.015399853117878988 0.01539985311827258 0.015399853118282788 1.5524735590263945 0.0 -5.60997802510679e-06 0.0037426985369545173 0.0 0.0
0.0 0.0008744635320184005 0.0 0.5599998093231011 0.0 0.01558754070785678 0.015587540707856782 0.015587540705165543 0.015587540705172587 1.552473563537135 0.0 -5.609921432706184e-06 0.0037426983269109346 0.0 0.0
0.0 0.0008527582354133755 0.0 0.5597136957398912 0.0 0.01578935840588546 0.0157893584058855 0.015789358406332544 0.015789358406343202 1.5524735589100576 0.0 -5.609842384376535e-06 0.0037426986061872007 0.0 0.0
0.0 0.0008284726954893692 0.0 0.5593683291059378 0.0 0.01600684310794911 0.016006843107949108 0.01600684310705376 0.016006843107590523 1.5524735590307845 0.0 -5.609735411301971e-06 0.0037426985209904986 0.0 0.0
0.0 0.0008016512918163882 0.0 0.5589746675703294 0.0 0.016243003447572565 0.01624300344757254 0.01624300344430981 0.01624300344431536 1.5524735590316574 0.0 -5.609909082488209e-06 0.0037426985242218816 0.0 0.0
0.0 0.0007609594248070879 0.0 0.5583890586314987 0.0 0.016605128088113454 0.01660512808811346 0.016605128085863733 0.016605128085873194 1.5524735589908039 0.0 -5.609742775238783e-06 0.003742698571459554 0.0 0.0
0.0 0.0006971465525221077 0.0 0.5575110759045427 0.0 0.01718632256341987 0.017186322563419877 0.017186322563413136 0.01718632255986726 1.552473559031214 0.0 -5.609775381294212e-06 0.003742698523867861 0.0 0.0
0.0 0.0006137154012910845 0.0 0.556433006138296 0.0 0.017969231529687973 0.017969231529688046 0.017969231530091594 0.017969231528760267 1.5524735588948966 0.0 -5.602146496301119e-06 0.003742698886213285 0.0 0.0
0.0 0.0005142480254800095 0.0 0.5552451702183089 0.0 0.01893474602215364 0.018934746022153604 0.018934746022487403 0.018934746022488534 1.5524735587649925 0.0 -5.609694142211247e-06 0.0037426986481968612 0.0 0.0
0.0 0.00040186195856062795 0.0 0.5540138898395497 0.0 0.02006222017809407 0.02006222017809407 0.020062220178094066 0.02006222017808706 1.5524735588948966 0.0 -5.602146496336266e-06 0.003742698886213287 0.0 0.0
0.0 0.0002791772315206634 0.0 0.55277653626885 0.0 0.021328206071101325 0.02132820607110133 0.02132820607136153 0.02132820607213026 1.5524735578436766 0.0 -5.6095363203131725e-06 0.0037426987877915447 0.0 0.0
0.0 0.0001481396745797827 0.0 0.5515354898576155 0.0 0.022706953782139643 0.022706953782139567 0.022706953782139574 0.0227069537821355 1.5524735556576563 0.0 -5.609449399445032e-06 0.0037426989643151785 0.0 0.0
0.0 9.815853947946882e-06 0.0 0.5502551339616951 0.0 0.024172164364809904 0.024172164364809904 0.024172164364810025 0.024172164364810046 1.5524735588948966 0.0 -5.602146496286561e-06 0.0037426988862132903 0.0 0.0
0.0 -0.00013519147627918214 0.0 0.5488728851546024 0.0 0.025694965194079707 0.02569496519407971 0.025694965193977782 0.025694965194079714 1.5524735588948964 0.0 -5.602146496307408e-06 0.003742698886213326 0.0 0.0
0.0 -0.000286730471146438 0.0 0.5473051614265271 0.0 0.027245721581072843 0.027245721581072843 0.027245721581075525 0.027245721581070304 1.552473557952677 0.0 -5.609364802279456e-06 0.0037426987698458854 0.0 0.0
0.0 -0.00044446956411291655 0.0 0.5454674176709267 0.0 0.028792039126174673 0.028792039126174753 0.028792039126174746 0.028792039126174746 1.5524735541846164 0.0 -5.60940694493575e-06 0.0037426990354676604 0.0 0.0
0.0 -0.0006075588641832762 0.0 0.5432891564788453 0.0 0.030299068066505837 0.030299068066505837 0.03029906806665381 0.030299068066651766 1.5524735576379969 0.0 -5.6093516354233005e-06 0.0037426987987344306 0.0 0.0
0.0 -0.0007743550182421562 0.0 0.5407289051670534 0.0 0.03173070862468936 0.031730708624689366 0.0317307086246914 0.0317307086246914 1.5524735544366177 0.0 -5.609223451234587e-06 0.0037426990135027154 0.0 0.0
0.0 -0.000941923699716492 0.0 0.5377952249174793 0.0 0.0330497448758729 0.03304974487587294 0.03304974487587476 0.03304974487587477 1.5524735583928124 0.0 -5.6090747330315375e-06 0.003742698711531208 0.0 0.0
0.0 -0.001106383247511486 0.0 0.5345496210935387 0.0 0.03422349927800333 0.03422349927801728 0.034223499277687634 0.034223499278969054 1.5524735588948966 0.0 -5.602146496202618e-06 0.003742698886213295 0.0 0.0
0.0 -0.0012629143075404035 0.0 0.5311125298778178 0.0 0.035225913165100604 0.035225913165100604 0.03522591316282492 0.03522591316508205 1.552473557753132 0.0 -5.609037482273246e-06 0.0037426987824947123 0.0 0.0
0.0 -0.0014064122983906348 0.0 0.5276512094811237 0.0 0.03604251059823493 0.036042510598234934 0.03604251059823493 0.0360425105982529 1.5524735588948966 0.0 -5.602146496204518e-06 0.0037426988862132885 0.0 0.0
0.0 -0.0015320111310956272 0.0 0.524365740349925 0.0 0.036672854685084896 0.036672854685084896 0.03667285468460757 0.036672854684381945 1.5524735589162977 0.0 -5.609034464561691e-06 0.003742698608933012 0.0 0.0
0.0 -0.0016355717580033564 0.0 0.5214639973296116 0.0 0.03712903375426674 0.03712903375426674 0.03712903375426673 0.03712903375408245 1.5524735591170669 0.0 -5.608722297052421e-06 0.003742698534047341 0.0 0.0
0.0 -0.0017138907293202334 0.0 0.5191447197232061 0.0 0.03743286949569326 0.03743286949569325 0.03743286949569326 0.037432869495713304 1.5524735588701057 0.0 -5.609187854764127e-06 0.00374269875446688 0.0 0.0
0.0 -0.0017770147821040089 0.0 0.5171928482408455 0.0 0.03765052955932131 0.03765052955932131 0.03765052955932131 0.03765052955930116 1.552473559245295 0.0 -5.609284430625638e-06 0.0037426984743487456 0.0 0.0
0.0 -0.0018367738573507196 0.0 0.5152765001320908 0.0 0.03783398973050417 0.0378339897305041 0.03783398973050233 0.03783398973048447 1.5524735591307317 0.0 -5.608878399480775e-06 0.0037426985184303855 0.0 0.0
0.0 -0.001893205270980361 0.0 0.5134086083377063 0.0 0.03798802278022131 0.0379880227802213 0.03798802278118579 0.03798802278044087 1.5524735590280616 0.0 -5.609340547035063e-06 0.0037426985305834236 0.0 0.0
0.0 -0.0019464408290619502 0.0 0.5115951180510171 0.0 0.038116388565681586 0.03811638856568159 0.03811638856633401 0.03811638856576395 1.5524735590288004 0.0 -5.60940593541753e-06 0.0037426985303856035 0.0 0.0
0.0 -0.0019966124144053018 0.0 0.5098419748522026 0.0 0.03822284724401926 0.03822284724401925 0.0382228472438422 0.038222847244014195 1.552473559027281 0.0 -5.609206171035559e-06 0.003742698540335453 0.0 0.0
0.0 -0.002043802330973367 0.0 0.5081541389287788 0.0 0.03831015724403149 0.03831015724403149 0.03831015724403149 0.03831015724400951 1.552473559024909 0.0 -5.609273074023185e-06 0.003742698546588454 0.0 0.0
0.0 -0.0020882018493196554 0.0 0.5065335622481392 0.0 0.038381572261462084 0.03838157226146208 0.03838157226146208 0.03838157226144512 1.5524735590197383 0.0 -5.609382263326888e-06 0.003742698552367272 0.0 0.0
0.0 -0.002129971228192843 0.0 0.5049812075779332 0.0 0.038439596455376555 0.03843959645537655 0.03843959645538017 0.03843959645540747 1.5524735601376454 0.0 -5.609227633842677e-06 0.0037426983938785093 0.0 0.0
0.0 -0.00216920929874908 0.0 0.5034990454664534 0.0 0.038486228411624905 0.038486228411624905 0.03848622841090986 0.03848622841093556 1.552473559835778 0.0 -5.609364108480312e-06 0.003742698411187492 0.0 0.0
0.0 -0.002206063608991932 0.0 0.5020870460666135 0.0 0.03852347139661342 0.038523471396613426 0.03852347139661348 0.03852347139663718 1.5524735596445582 0.0 -5.609562117353905e-06 0.0037426984207059033 0.0 0.0
0.0 -0.002240668595311316 0.0 0.5007441863750519 0.0 0.03855282291916087 0.03855282291916087 0.038552822919160866 0.03855282291913941 1.5524735589795933 0.0 -5.609453235389981e-06 0.003742698578095802 0.0 0.0
0.0 -0.0022731349485182275 0.0 0.4994704440492307 0.0 0.03857578536142926 0.03857578536142926 0.03857578536142928 0.03857578536140596 1.552473558969142 0.0 -5.609357192013089e-06 0.0037426985846804703 0.0 0.0
0.0 -0.002303578779412933 0.0 0.4982648002129913 0.0 0.03859360684597262 0.0385936068459726 0.03859360684527558 0.03859360684529845 1.5524735593777979 0.0 -5.609616282118904e-06 0.0037426984465790763 0.0 0.0
0.0 -0.00233212129733487 0.0 0.49712523693444066 0.0 0.03860728206522996 0.03860728206522995 0.03860728206456831 0.03860728206521132 1.5524735588948966 0.0 -5.602146496327449e-06 0.0037426988862132825 0.0 0.0
0.0 -0.002358818949972544 0.0 0.49605174933764984 0.0 0.03861756314206163 0.03861756314206163 0.03861756314206163 0.0386175631420394 1.552473558949467 0.0 -5.609553262330921e-06 0.0037426985891358265 0.0 0.0
0.0 -0.0023837741096345974 0.0 0.49504231937978826 0.0 0.038625197209066986 0.03862519720906698 0.03862519720906959 0.0386251972090927 1.552473559291128 0.0 -5.609544397896019e-06 0.0037426984597057327 0.0 0.0
0.0 -0.0024070478675103438 0.0 0.49409594133788887 0.0 0.038630681288083446 0.038630681288083446 0.038630681287384915 0.03863068128741049 1.5524735592782313 0.0 -5.609561159317222e-06 0.003742698461040127 0.0 0.0
0.0 -0.002428725231009338 0.0 0.4932106071452187 0.0 0.03863451292695103 0.03863451292695103 0.038634512926951525 0.03863451292697111 1.552473559269757 0.0 -5.609596965188037e-06 0.003742698461268213 0.0 0.0
0.0 -0.002448867061353682 0.0 0.49238530898862654 0.0 0.03863719054553612 0.03863719054553609 0.0386371905455361 0.03863719054555671 1.5524735590992162 0.0 -5.609560624906856e-06 0.0037426986592523017 0.0 0.0
0.0 -0.002467539938417581 0.0 0.49161804258925235 0.0 0.038638961073336836 0.038638961073336836 0.038638961073336836 0.038638961073358645 1.5524735590956413 0.0 -5.60962833793872e-06 0.003742698658802302 0.0 0.0
0.0 -0.0024854114353865223 0.0 0.49088179429146167 0.0 0.03864003079908015 0.038640030799080155 0.03864003079839003 0.038640030798415985 1.5524735588948966 0.0 -5.602146496311604e-06 0.003742698886213279 0.0 0.0
0.0 -0.0025031506077225645 0.0 0.490149558808672 0.0 0.03864060771685437 0.03864060771685437 0.03864060771685696 0.038640607716880125 1.5524735592562013 0.0 -5.609576222456313e-06 0.003742698463811978 0.0 0.0
0.0 -0.002520611978984796 0.0 0.4894273315237759 0.0 0.03864070003965932 0.03864070003965931 0.038640700039660074 0.0386407000396871 1.5524735592912082 0.0 -5.609223215523207e-06 0.0037426984688312226 0.0 0.0
0.0 -0.0025377478856628225 0.0 0.4887171154287013 0.0 0.03864031174671831 0.038640311746718316 0.03864031174600339 0.0386403117460245 1.5524735592584722 0.0 -5.609745202677513e-06 0.0037426984590416138 0.0 0.0
0.0 -0.002554528537092242 0.0 0.48802090695580796 0.0 0.03863969575731877 0.03863969575732134 0.03863969575660604 0.03863969575662997 1.5524735592580063 0.0 -5.609533962433087e-06 0.0037426984647053164 0.0 0.0
0.0 -0.002570833699793754 0.0 0.4873437077820013 0.0 0.03863886019987531 0.03863886019987524 0.038638860199878715 0.03863886019990091 1.5524735592608305 0.0 -5.6096350286219924e-06 0.003742698461547251 0.0 0.0
0.0 -0.0025865727733275384 0.0 0.4866885224403532 0.0 0.038637559847296075 0.038637559847296075 0.038637559847296075 0.03863755984731855 1.552473559264685 0.0 -5.6097360652056195e-06 0.0037426984583530595 0.0 0.0
0.0 -0.0026017344606922635 0.0 0.4860573439798428 0.0 0.0386362979780165 0.0386362979780165 0.0386362979780165 0.03863629797804336 1.552473559265867 0.0 -5.609544722573546e-06 0.003742698463260391 0.0 0.0
0.0 -0.002616180087542007 0.0 0.48545517770388047 0.0 0.03863483257656453 0.03863483257656454 0.03863483257656454 0.03863483257658537 1.5524735592703702 0.0 -5.609667604925409e-06 0.003742698459290825 0.0 0.0
0.0 -0.002629861140190799 0.0 0.48488402199312447 0.0 0.03863316636602375 0.03863316636602375 0.03863316636530207 0.038633166365322304 1.5524735588948966 0.0 -5.6021464963680445e-06 0.003742698886213279 0.0 0.0
0.0 -0.0026427193626329983 0.0 0.484347876839743 0.0 0.038631807278625224 0.03863180727862523 0.03863180727862415 0.03863180727864802 1.5524735592771801 0.0 -5.609634746357573e-06 0.0037426984591869645 0.0 0.0
0.0 -0.0026546686805444244 0.0 0.48384874402968503 0.0 0.0386302570052722 0.0386302570052722 0.0386302570052722 0.03863025700529349 1.5524735592821663 0.0 -5.609779289188769e-06 0.0037426984547372657 0.0 0.0
0.0 -0.002665607582815364 0.0 0.48339162332574626 0.0 0.03862877407864682 0.03862877407864682 0.038628774078646816 0.038628774078670776 1.5524735592845609 0.0 -5.60964749798861e-06 0.003742698457802211 0.0 0.0
0.0 -0.002675487980339282 0.0 0.48297851533945274 0.0 0.038627361709586874 0.03862736170958683 0.03862736170958683 0.03862736170960857 1.5524735592894845 0.0 -5.6098139513982185e-06 0.003742698452848276 0.0 0.0
0.0 -0.0026842320342375207 0.0 0.48261341745911246 0.0 0.038626276345367964 0.038626276345367964 0.03862627634536916 0.038626276345391605 1.5524735592912575 0.0 -5.60971248074139e-06 0.00374269845515567 0.0 0.0
0.0 -0.0026917491698046645 0.0 0.4822993342878991 0.0 0.03862527276140769 0.03862527276140769 0.038625272761408896 0.03862527276143226 1.5524735592928864 0.0 -5.6096188598177006e-06 0.003742698457413919 0.0 0.0
0.0 -0.002697966840241583 0.0 0.48203926462494884 0.0 0.038624355246561375 0.038624355246561375 0.03862435524581521 0.03862435524583592 1.5524735588948966 0.0 -5.602146496375997e-06 0.003742698886213278 0.0 0.0
0.0 -0.0027028323672656073 0.0 0.4818362118684807 0.0 0.03862377955218517 0.03862377955218517 0.03862377955218518 0.03862377955216339 1.5524735589477798 0.0 -5.609780467384629e-06 0.0037426985860151284 0.0 0.0
0.0 -0.0027062538109668176 0.0 0.4816931722281772 0.0 0.03862330034500729 0.0386233003450073 0.03862330034425975 0.03862330034428204 1.5524735588948966 0.0 -5.602146496357284e-06 0.0037426988862132786 0.0 0.0
