0.0 -0.0003259680540003399 0.0 0.5057783403158302 0.0 0.014086865655575292 0.014086865656581732 0.014086865692032118 0.014086865691244439 1.55247356011845 0.0 -5.6021497623826005e-06 0.0037426988862084157 0.0 0.0
0.0 -0.00038936474864961307 0.0 0.5045092527958601 0.0 0.014533407273236515 0.014533407273236511 0.01453340727323429 0.014533407273246193 1.5524735588948966 0.0 -5.602146496299822e-06 0.0037426988862132825 0.0 0.0
0.0 -0.0004552256675871425 0.0 0.5031948732352043 0.0 0.0149986319522749 0.014998631952274896 0.014998631952274905 0.014998631951973864 1.5524735590280312 0.0 -5.6093246035838465e-06 0.003742698530884203 0.0 0.0
0.0 -0.0005234477371198499 0.0 0.5018401933236196 0.0 0.015482795326632864 0.015482795326632872 0.015482795326632867 0.015482795326633441 1.5524735588948966 0.0 -5.602146496319571e-06 0.003742698886213282 0.0 0.0
0.0 -0.0005939544952655135 0.0 0.5004492184102469 0.0 0.01598615389543627 0.0159861538954363 0.015986153895317212 0.015986153895317073 1.5524735588881664 0.0 -5.60929611042304e-06 0.0037426987235062133 0.0 0.0
0.0 -0.0006665465241355464 0.0 0.4990309394684338 0.0 0.016508972106325955 0.01650897210632595 0.01650897210309211 0.01650897210326395 1.5524735588948966 0.0 -5.6021464963303134e-06 0.0037426988862132816 0.0 0.0
0.0 -0.000741123254344092 0.0 0.497590362063603 0.0 0.01705150802302813 0.017051508023028236 0.017051508023474937 0.01705150801770571 1.5524735588881686 0.0 -5.609342092842599e-06 0.0037426987235339806 0.0 0.0
0.0 -0.0008175280827812226 0.0 0.49613547508960953 0.0 0.01761427447753475 0.017614274477534757 0.01761427447753335 0.0176142744777213 1.5524735589849454 0.0 -5.6093042792318225e-06 0.003742698582108512 0.0 0.0
0.0 -0.0008955760025116744 0.0 0.49467627215464194 0.0 0.01819803781515812 0.018198037815158104 0.01819803781515661 0.018198037815156613 1.5524735588879497 0.0 -5.609367943838246e-06 0.0037426987274977465 0.0 0.0
0.0 -0.0009750870098536839 0.0 0.4932217463705162 0.0 0.018803312347543667 0.018803312347546387 0.01880331234754639 0.01880331234754181 1.5524735588948966 0.0 -5.602146496278557e-06 0.0037426988862132833 0.0 0.0
0.0 -0.0010558158609933297 0.0 0.4917829031813183 0.0 0.01943036580525204 0.019430365805252096 0.019430365804937202 0.01943036580524746 1.5524735588776233 0.0 -5.609400120560023e-06 0.0037426987472671245 0.0 0.0
0.0 -0.001137570294221097 0.0 0.4903707227272918 0.0 0.0200802160218784 0.020080216021878417 0.020080216021878376 0.020080216024993693 1.5524735588948966 0.0 -5.602146496226441e-06 0.0037426988862132794 0.0 0.0
0.0 -0.0012200756854739358 0.0 0.48899820937898847 0.0 0.020753383684367455 0.02075338368436746 0.020753383683971963 0.02075338368537936 1.5524735589183083 0.0 -5.609563050462977e-06 0.0037426986060289766 0.0 0.0
0.0 -0.0013029702221444102 0.0 0.48768036127453573 0.0 0.02144989342434162 0.02144989342434163 0.021449893424336303 0.02144989342433633 1.552473559017272 0.0 -5.609451836740691e-06 0.0037426985552942056 0.0 0.0
0.0 -0.0013859782855839226 0.0 0.4864301767829431 0.0 0.022170265621343038 0.02217026562134295 0.022170265621342944 0.022170265621345667 1.552473559028455 0.0 -5.60936041703009e-06 0.003742698533260647 0.0 0.0
0.0 -0.0014687092818369792 0.0 0.48526465718760303 0.0 0.02291477718329766 0.02291477718329766 0.022914777183297663 0.022914777183312147 1.5524735586151102 0.0 -5.609543882559737e-06 0.0037426988438292374 0.0 0.0
0.0 -0.001550699137608233 0.0 0.48420081846153035 0.0 0.0236827067472745 0.0236827067472745 0.023682706747259898 0.023682706747259905 1.55247355895093 0.0 -5.609619267952747e-06 0.003742698591703904 0.0 0.0
0.0 -0.0016315203386485988 0.0 0.4832556692939269 0.0 0.024473830325797197 0.024473830325797204 0.024473830326254407 0.02447383032580923 1.5524735590140941 0.0 -5.60963295463351e-06 0.0037426985552305027 0.0 0.0
0.0 -0.001710594048549011 0.0 0.48245023076431537 0.0 0.025287181629073844 0.025287181629073844 0.025287181629068192 0.02528718162609656 1.5524735590293726 0.0 -5.6096893947642364e-06 0.003742698532910662 0.0 0.0
0.0 -0.0017873582293646882 0.0 0.48180253428074993 0.0 0.026121038044590393 0.026121038044590393 0.026121038044572914 0.026121038041859113 1.5524735583619853 0.0 -5.609795848845572e-06 0.003742698715385497 0.0 0.0
0.0 -0.001863456528868115 0.0 0.48132120394627903 0.0 0.02700067085259783 0.027000670852597847 0.027000670852597858 0.02700067085259785 1.5524735585997516 0.0 -5.6096519568718235e-06 0.003742698677751387 0.0 0.0
0.0 -0.0019396177282782795 0.0 0.48103993480829116 0.0 0.027947135697664497 0.02794713569766449 0.0279471356976639 0.027947135697663897 1.5524735586795781 0.0 -5.609855174102478e-06 0.003742698659417143 0.0 0.0
0.0 -0.002013661774717693 0.0 0.48101889405890963 0.0 0.028950527409389304 0.028950527409389307 0.02895052741006627 0.028950527413135856 1.552473558663863 0.0 -5.609847865535545e-06 0.0037426986619421183 0.0 0.0
0.0 -0.002083375691466086 0.0 0.4813142719163091 0.0 0.0299991849088821 0.029999184908863066 0.029999184908864968 0.029999184908864402 1.5524735588948966 0.0 -5.60214649639489e-06 0.0037426988862132872 0.0 0.0
0.0 -0.0021464115575259343 0.0 0.48198030400122327 0.0 0.031078940001479444 0.031078940001479444 0.03107894000224272 0.031078940001479472 1.5524735583741258 0.0 -5.610102400153646e-06 0.003742698706608774 0.0 0.0
0.0 -0.0022004337362453545 0.0 0.48306225160104305 0.0 0.032172864868942816 0.032172864868942816 0.032172864868942816 0.032172864868980564 1.5524735580756444 0.0 -5.610122007681866e-06 0.003742698744872129 0.0 0.0
0.0 -0.002243171109251801 0.0 0.48459740644407173 0.0 0.03326226774702861 0.03326226774702862 0.03326226774702685 0.03326226774780778 1.5524735588948966 0.0 -5.602146496443348e-06 0.003742698886213301 0.0 0.0
0.0 -0.0022725649547245042 0.0 0.48660510681091834 0.0 0.034325418386279415 0.03432541838627942 0.03432541838627941 0.03432541838146346 1.5524735573545696 0.0 -5.610244189791077e-06 0.003742698816202435 0.0 0.0
0.0 -0.002286825899752939 0.0 0.4890926776774185 0.0 0.0353403326014154 0.03534033260141539 0.035340332605823414 0.0353403326014394 1.5524735570546808 0.0 -5.610221252387758e-06 0.0037426990278447217 0.0 0.0
0.0 -0.002284620824195388 0.0 0.4920454616019285 0.0 0.036283980907541584 0.036283980907541584 0.03628398090754167 0.03628398090756195 1.552473557466621 0.0 -5.6104437260252925e-06 0.0037426988027751376 0.0 0.0
0.0 -0.0022650918700626624 0.0 0.4954297899607321 0.0 0.037133555038163575 0.03713355503816357 0.03713355503734262 0.0371335550423549 1.552473558064169 0.0 -5.610449727479943e-06 0.003742698739970918 0.0 0.0
0.0 -0.0022281242974986322 0.0 0.49918795264462634 0.0 0.0378684583740144 0.0378684583740144 0.0378684583731954 0.037868458374000984 1.5524735587016578 0.0 -5.610383919712003e-06 0.00374269864685039 0.0 0.0
0.0 -0.0021742644501856613 0.0 0.503246180918972 0.0 0.03847181900086023 0.03847181900086024 0.0384718190002445 0.03847181900082912 1.5524735590080452 0.0 -5.610362395663265e-06 0.0037426985533535848 0.0 0.0
0.0 -0.0021047680353661687 0.0 0.5075126417963065 0.0 0.038930487540694836 0.03893048754069389 0.038930487540694836 0.03893048754073224 1.5524735590335534 0.0 -5.610292995567365e-06 0.0037426985150422944 0.0 0.0
0.0 -0.0020216213755607105 0.0 0.5118834123719861 0.0 0.03923729666306433 0.039237296663064344 0.039237296663064435 0.03923729666310825 1.5524735590319079 0.0 -5.610397318709463e-06 0.0037426985236476574 0.0 0.0
0.0 -0.001927494896098024 0.0 0.5162474570895564 0.0 0.03939206840601428 0.03939206840601428 0.03939206840548136 0.03939206840551638 1.552473559021549 0.0 -5.610335440677631e-06 0.003742698542076094 0.0 0.0
0.0 -0.001825404863115878 0.0 0.5204976569823302 0.0 0.03940063472961975 0.03940063472961975 0.03940063472961975 0.039400634729603805 1.5524735603665523 0.0 -5.610260807799967e-06 0.0037426983567335165 0.0 0.0
0.0 -0.0017187199997689708 0.0 0.524532792146582 0.0 0.03927558306292707 0.039275583062927076 0.03927558306292707 0.03927558306291361 1.5524735617441239 0.0 -5.6102419400098105e-06 0.003742698285775214 0.0 0.0
0.0 -0.0016108953508893018 0.0 0.528265561795266 0.0 0.039035268643586765 0.03903526864358677 0.03903526865709948 0.03903526865743747 1.5524735590327063 0.0 -5.610418770249809e-06 0.0037426985139062713 0.0 0.0
0.0 -0.0015052508536489834 0.0 0.5316295900735937 0.0 0.03870310265216193 0.03870310265216193 0.03870310265216043 0.03870310265217537 1.552473559149554 0.0 -5.610396655815814e-06 0.003742698471644448 0.0 0.0
0.0 -0.0014023514557273324 0.0 0.5346516389012915 0.0 0.03829562490153732 0.03829562490153732 0.03829562490153732 0.038295624901545186 1.552473558894897 0.0 -5.602146496504034e-06 0.0037426988862132478 0.0 0.0
0.0 -0.0013015226944337994 0.0 0.537392569324365 0.0 0.03782368559293388 0.03782368559293388 0.037823685592936404 0.037823685592922346 1.5524735590572734 0.0 -5.610371986684574e-06 0.0037426984957925477 0.0 0.0
0.0 -0.0012037244213786923 0.0 0.5398581521799087 0.0 0.037302301482551745 0.037302301482551745 0.037302301482551745 0.03730230148246313 1.552473561746152 0.0 -5.610408695455051e-06 0.003742698282423363 0.0 0.0
0.0 -0.0011094123079692562 0.0 0.542065219006229 0.0 0.03674323608727261 0.03674323608727261 0.03674323608731089 0.03674323608727246 1.5524735591158216 0.0 -5.610331762381316e-06 0.003742698477736044 0.0 0.0
0.0 -0.0010189204673714855 0.0 0.5440296253739694 0.0 0.036156281827671936 0.03615628182767194 0.03615628182767558 0.03615628182767597 1.5524735588948986 0.0 -5.602146496483762e-06 0.0037426988862132044 0.0 0.0
0.0 -0.0009322780872157562 0.0 0.5457722735291054 0.0 0.03554871869681556 0.035548718696815765 0.03554871869681556 0.03554871870168688 1.5524735588948968 0.0 -5.602146496472097e-06 0.003742698886213274 0.0 0.0
0.0 -0.0008494218972508787 0.0 0.5473140795502331 0.0 0.03492658111244278 0.03492658111244278 0.034926581112443116 0.034926581112443095 1.552473558889169 0.0 -5.610103606505762e-06 0.0037426987128497966 0.0 0.0
0.0 -0.0007701884110376566 0.0 0.5486739821097258 0.0 0.0342939001228723 0.0342939001228723 0.0342939001228723 0.03429390012289639 1.5524735588948975 0.0 -5.6021464964684586e-06 0.0037426988862132365 0.0 0.0
0.0 -0.0006942948629288511 0.0 0.549872951401366 0.0 0.03365371043561779 0.03365371043561779 0.03365371043905941 0.0336537104356082 1.552473559316899 0.0 -5.610099719728455e-06 0.0037426984482346578 0.0 0.0
0.0 -0.0006214861433399481 0.0 0.5509269593267718 0.0 0.03300781422122431 0.033007814221224306 0.03300781422534773 0.03300781422121855 1.5524735733374555 0.0 -5.610136310436634e-06 0.0037426980080074927 0.0 0.0
0.0 -0.0005513734151879074 0.0 0.5518549977855196 0.0 0.03235716576649979 0.03235716576649976 0.03235716576649977 0.03235716576262016 1.5524735620052255 0.0 -5.610100453896512e-06 0.00374269829005133 0.0 0.0
0.0 -0.0004836560654868171 0.0 0.5526720605674266 0.0 0.03170260548488749 0.03170260548488749 0.03170260548488749 0.031702605484894515 1.5524735592300036 0.0 -5.6100553403584034e-06 0.0037426984625930503 0.0 0.0
0.0 -0.00041797455738374267 0.0 0.5533931521822251 0.0 0.03104417455281272 0.031044174552812637 0.031044174552812637 0.031044174552960303 1.552473573798709 0.0 -5.610005431669866e-06 0.003742698019782409 0.0 0.0
0.0 -0.0003539600955392157 0.0 0.5540302903886938 0.0 0.03038080694168773 0.030380806941684352 0.030380806941687728 0.030380806941801227 1.5524735621226726 0.0 -5.610149306487078e-06 0.0037426982916942317 0.0 0.0
0.0 -0.00029122015175426044 0.0 0.5545984873509109 0.0 0.029712095099285775 0.029712095099285882 0.029712095099363012 0.029712095099285886 1.5524735592428005 0.0 -5.6100419949986605e-06 0.0037426984627413266 0.0 0.0
0.0 -0.00022937570831550307 0.0 0.5551097656991966 0.0 0.029036831492216808 0.029036831492216808 0.029036831492281062 0.029036831492214487 1.5524735769985687 0.0 -5.609874110100227e-06 0.0037426981882021965 0.0 0.0
0.0 -0.00016806797718853123 0.0 0.5555741498109603 0.0 0.02835342800086856 0.028353428000868573 0.028353428000907014 0.028353428000907007 1.5524735627757271 0.0 -5.609584518015187e-06 0.0037426982851547505 0.0 0.0
0.0 -0.00010686832720939193 0.0 0.5560066577808416 0.0 0.027660993015062658 0.027660993015062658 0.027660993015033605 0.02766099301858265 1.5524735588948966 0.0 -5.602146496373783e-06 0.00374269888621328 0.0 0.0
0.0 -4.5326894930811605e-05 0.0 0.556419333548982 0.0 0.02695734097216846 0.02695734097216847 0.026957340972168464 0.02695734097558755 1.5524735895155992 0.0 -5.610060170275089e-06 0.0037426978477861014 0.0 0.0
0.0 1.6932261107306102e-05 0.0 0.5568241875041734 0.0 0.026241324563517444 0.02624132456351745 0.02624132456347844 0.02624132456351977 1.552473569006895 0.0 -5.610123519355099e-06 0.003742698138622852 0.0 0.0
0.0 7.918961346835098e-05 0.0 0.5572290415174671 0.0 0.025525332461415213 0.025525332461415307 0.025525332461415216 0.02552533246142383 1.5524735609191347 0.0 -5.609953480925108e-06 0.0037426983602868837 0.0 0.0
0.0 0.0001407361661696584 0.0 0.5576417145403997 0.0 0.024821617299470102 0.024821617299470102 0.024821617299470102 0.02482161729656985 1.5524735591032361 0.0 -5.610067591394974e-06 0.003742698489218357 0.0 0.0
0.0 0.0002019318168187917 0.0 0.5580742249915986 0.0 0.024129230637604603 0.024129230637604596 0.024129230637602278 0.024129230634726814 1.5524735801880352 0.0 -5.609953717746724e-06 0.003742697994199198 0.0 0.0
0.0 0.00026323992092776543 0.0 0.5585386091520022 0.0 0.023445822391596215 0.02344582239159632 0.023445822391440288 0.02344582239159265 1.5524735632791342 0.0 -5.610047423576956e-06 0.0037426982864363855 0.0 0.0
0.0 0.00032508756643847365 0.0 0.5590498870805078 0.0 0.022770515882238843 0.02277051588223874 0.022770515882241684 0.02277051588223874 1.552473559230928 0.0 -5.60991295026845e-06 0.003742698473436817 0.0 0.0
0.0 0.0003878274797218338 0.0 0.559618082061937 0.0 0.022101809251794606 0.022101809251794613 0.022101809251798766 0.02210180925179877 1.5524735588949792 0.0 -5.602146496617572e-06 0.0037426988862129078 0.0 0.0
0.0 0.00045183899771279105 0.0 0.560255222635894 0.0 0.021438475654880846 0.021438475654880843 0.021438475654880933 0.02143847565488084 1.5524735647662895 0.0 -5.609978716493232e-06 0.003742698262051201 0.0 0.0
0.0 0.0005175235004993333 0.0 0.5609763140088582 0.0 0.020780005454968234 0.020780005454968286 0.020780005455209853 0.020780005455213083 1.5524735590821184 0.0 -5.610068125301457e-06 0.0037426986722082596 0.0 0.0
0.0 0.0005852352201192514 0.0 0.5617933776135714 0.0 0.020125520145721304 0.02012552014572129 0.020125520145991137 0.020125520145982328 1.552473594805441 0.0 -5.6101933182128465e-06 0.0037426978856394824 0.0 0.0
0.0 0.0006553506799229566 0.0 0.5627214156574747 0.0 0.019474835051925227 0.01947483505192522 0.019474835052241714 0.019474835055993983 1.5524735646002412 0.0 -5.610026742275992e-06 0.0037426984723872756 0.0 0.0
0.0 0.0007281626709540939 0.0 0.5637754209607431 0.0 0.018828900289671862 0.01882890028967186 0.018828900290003364 0.018828900289662217 1.5524735588948966 0.0 -5.6021464964346865e-06 0.003742698886213279 0.0 0.0
0.0 0.0008040511290553661 0.0 0.564974390998823 0.0 0.018188779435006852 0.01818877943500686 0.01818877943536477 0.018188779434990393 1.5524735943491497 0.0 -5.6101788344720745e-06 0.0037426981218352698 0.0 0.0
0.0 0.0008832897733576609 0.0 0.566334292845774 0.0 0.017556029058607193 0.017556029058607196 0.017556029059030025 0.017556029059029924 1.5524735588948988 0.0 -5.602146496466447e-06 0.0037426988862132287 0.0 0.0
0.0 0.0009661459478537958 0.0 0.5678760989098108 0.0 0.01693389148414869 0.01693389148414884 0.01693389148415393 0.016933891483759216 1.55247355889469 0.0 -5.610261317987223e-06 0.0037426987095199337 0.0 0.0
0.0 0.0010527847659904744 0.0 0.5696187476038882 0.0 0.01632637580343001 0.01632637580343001 0.01632637580343001 0.01632637579838626 1.552473583308375 0.0 -5.610364460594309e-06 0.003742698044582793 0.0 0.0
0.0 0.0011432796405015833 0.0 0.5715831558081953 0.0 0.015739375900396122 0.0157393759003962 0.015739375896155636 0.015739375896147212 1.5524735598741768 0.0 -5.6103108382280365e-06 0.003742698431366692 0.0 0.0
0.0 0.0012375825567282534 0.0 0.5737902236944387 0.0 0.01518043423152799 0.015180434231527994 0.015180434226185155 0.015180434226175323 1.5524736205099225 0.0 -5.610490135668484e-06 0.0037426977911153097 0.0 0.0
0.0 0.001335389804212262 0.0 0.576255805369726 0.0 0.014658929637285887 0.014658929637286062 0.014658929637809681 0.014658929637824676 1.5524735614469758 0.0 -5.610327617857399e-06 0.0037426985738311016 0.0 0.0
0.0 0.0014362089889133026 0.0 0.5789967345552763 0.0 0.014187124864876648 0.01418712486487664 0.01418712486552603 0.014187124865494167 1.5524736302149251 0.0 -5.610559924355723e-06 0.0037426979704480268 0.0 0.0
0.0 0.0015391186836936934 0.0 0.5820187814066594 0.0 0.013779507749857303 0.013779507749857116 0.013779507749834687 0.013779507749906128 1.5524735588948968 0.0 -5.602146496529629e-06 0.003742698886213272 0.0 0.0
0.0 0.0016447599561717516 0.0 0.585382811871487 0.0 0.013447380038222182 0.01344738003822218 0.01344738003814212 0.013447380038203135 1.5524735785677808 0.0 -5.610385851803642e-06 0.0037426983380194033 0.0 0.0
0.0 0.0017525869530211561 0.0 0.5891155776024242 0.0 0.013207032402468285 0.013207032402468254 0.013207032402507262 0.0132070324024924 1.5524735590318115 0.0 -5.610267534701785e-06 0.003742698522414833 0.0 0.0
0.0 0.0018592720319562986 0.0 0.5931507125459329 0.0 0.013081978057530325 0.013081978057522611 0.013081978050673366 0.01308197805851654 1.5524735591258547 0.0 -5.609776884084333e-06 0.0037426985150936032 0.0 0.0
0.0 0.001961362247846966 0.0 0.5974009123042983 0.0 0.013090541770031125 0.013090541770031121 0.013090541770212138 0.013090541772174785 1.5524735590312522 0.0 -5.610129736904171e-06 0.0037426985203318094 0.0 0.0
0.0 0.0020554886957635235 0.0 0.6017649561058538 0.0 0.013245313529158809 0.013245313529156609 0.013245313531377149 0.013245313529198593 1.5524735590301333 0.0 -5.609919814664112e-06 0.0037426985298202277 0.0 0.0
0.0 0.0021386358637291783 0.0 0.6061357283480302 0.0 0.01355212264156626 0.013552122641566086 0.013552122641673813 0.01355212264167382 1.5524735588948966 0.0 -5.602146496545941e-06 0.0037426988862132816 0.0 0.0
0.0 0.0022081317818466663 0.0 0.610402188279021 0.0 0.01401079115053111 0.014010791150531117 0.014010791150700173 0.014010791150700206 1.5524735590309786 0.0 -5.610070762548513e-06 0.0037426985206753982 0.0 0.0
0.0 0.002261991679171125 0.0 0.6144604163572375 0.0 0.014614151121071586 0.014614151121071579 0.014614151120872823 0.014614151121067329 1.552473558989675 0.0 -5.6100257610926224e-06 0.0037426985726852855 0.0 0.0
0.0 0.002298959369536471 0.0 0.6182185808269118 0.0 0.01534905329226934 0.015349053292269349 0.015349053292558978 0.015349053292544544 1.5524735590282228 0.0 -5.610122713481543e-06 0.0037426985355664437 0.0 0.0
0.0 0.002318488563035173 0.0 0.6216029111391079 0.0 0.01619862495450394 0.01619862495450393 0.0161986249554041 0.016198624955418885 1.5524735583430405 0.0 -5.610329425175529e-06 0.0037426987254986065 0.0 0.0
0.0 0.002320694047037013 0.0 0.6245556946902158 0.0 0.01714227399972644 0.017142273999726444 0.017142273996580654 0.01714227399573217 1.5524735588948966 0.0 -5.602146496516921e-06 0.003742698886213288 0.0 0.0
0.0 0.0023064327356170436 0.0 0.6270432678881137 0.0 0.018157187377979483 0.01815718737797948 0.018157187378007804 0.018157187374068785 1.5524735584040068 0.0 -5.6103979733832475e-06 0.0037426987124738213 0.0 0.0
0.0 0.0022770390236379525 0.0 0.6290509659621077 0.0 0.01922034089908074 0.019220340899080965 0.01922034089908095 0.01922034089902338 1.552473558230441 0.0 -5.610397459200855e-06 0.003742698737554726 0.0 0.0
0.0 0.0022343014907921666 0.0 0.6305861230942175 0.0 0.020309741381711825 0.02030974138171172 0.020309741382652485 0.020309741381728228 1.5524735579331488 0.0 -5.610333226936762e-06 0.003742698774933329 0.0 0.0
0.0 0.002180279330749099 0.0 0.63166807055157 0.0 0.021403666053056495 0.02140366605305649 0.021403666053989818 0.021403666057658446 1.552473557534362 0.0 -5.610136122954294e-06 0.0037426988178415822 0.0 0.0
0.0 0.0021172439143556645 0.0 0.6323340981957555 0.0 0.022483425256264 0.022483425256264004 0.022483425256264025 0.022483425255633196 1.5524735588948966 0.0 -5.602146496418759e-06 0.003742698886213282 0.0 0.0
0.0 0.0020475293083091076 0.0 0.632629480359031 0.0 0.02353208202044043 0.02353208202044044 0.023532082020471815 0.023532082020469296 1.5524735588571361 0.0 -5.610017511156881e-06 0.0037426987587499505 0.0 0.0
0.0 0.0019734852707807534 0.0 0.6326084395024697 0.0 0.024535473760186208 0.024535473760186118 0.02453547375954684 0.02453547376015681 1.5524735588555498 0.0 -5.609742784467648e-06 0.003742698761501043 0.0 0.0
0.0 0.0018973240805774843 0.0 0.6323271703658766 0.0 0.02548193849549141 0.025481938495491425 0.02548193849551751 0.025481938493287254 1.552473559012061 0.0 -5.609752963092057e-06 0.0037426985550286945 0.0 0.0
0.0 0.001821225804822621 0.0 0.6318458400578445 0.0 0.026361570868372 0.026361570868372017 0.026361570868368413 0.026361570868368416 1.55247355902705 0.0 -5.6099011083975825e-06 0.003742698536275729 0.0 0.0
0.0 0.001744461680770787 0.0 0.6311981435351105 0.0 0.027195426802299687 0.027195426802299683 0.0271954268023018 0.02719542680229825 1.5524735581097215 0.0 -5.609714784842785e-06 0.0037426987486435977 0.0 0.0
0.0 0.0016653882222147616 0.0 0.6303927029091431 0.0 0.028008779828119938 0.028008779828119928 0.0280087798273552 0.028008779828115397 1.5524735588948966 0.0 -5.602146496365888e-06 0.0037426988862132877 0.0 0.0
0.0 0.0015845666778262124 0.0 0.6294475558529187 0.0 0.02879990295844171 0.02879990295844171 0.028799902957756637 0.02879990295996102 1.5524735588457157 0.0 -5.609785137824635e-06 0.0037426986216087203 0.0 0.0
0.0 0.001502576862883409 0.0 0.628383717072678 0.0 0.02956783237234988 0.02956783237237613 0.02956783237177239 0.029567832371771963 1.5524735588402065 0.0 -5.609665634884607e-06 0.003742698770013085 0.0 0.0
0.0 0.001419846173439784 0.0 0.627218195308633 0.0 0.030312344559174805 0.03031234455917482 0.030312344559174812 0.03031234455917474 1.5524735588948966 0.0 -5.602146496339232e-06 0.0037426988862132846 0.0 0.0
0.0 0.0013368378297567503 0.0 0.6259680129257327 0.0 0.03103271567192978 0.03103271567192979 0.031032715671278778 0.03103271567193156 1.552473558462882 0.0 -5.609628410871347e-06 0.0037426986974154093 0.0 0.0
0.0 0.0012539432455673063 0.0 0.6246501648254761 0.0 0.03172922605199388 0.03172922605199388 0.03172922605199388 0.03172922605197119 1.5524735588920362 0.0 -5.609513282778375e-06 0.003742698611602668 0.0 0.0
0.0 0.0011714381603495625 0.0 0.6232776493783753 0.0 0.032402394141783177 0.032402394141783204 0.03240239414176532 0.03240239414178318 1.5524735590185392 0.0 -5.609391191754574e-06 0.003742698554066406 0.0 0.0
0.0 0.0010896833950484156 0.0 0.6218654710067418 0.0 0.03305224436088882 0.03305224436088882 0.03305224436088883 0.03305224435308459 1.5524735590298657 0.0 -5.609581055706188e-06 0.0037426985246096856 0.0 0.0
0.0 0.001008954897005794 0.0 0.6204266257310168 0.0 0.0336792976339245 0.03367929763392451 0.03367929763392232 0.03367929763388802 1.5524735589208802 0.0 -5.609427952259533e-06 0.0037426986032311304 0.0 0.0
0.0 0.0009294435371875366 0.0 0.6189721020311592 0.0 0.03428457236620449 0.034284572366204503 0.03428457236846196 0.034284572366204476 1.5524735590284895 0.0 -5.609613900325316e-06 0.0037426985359095416 0.0 0.0
0.0 0.0008513959779723348 0.0 0.6175128970198638 0.0 0.03486833562616722 0.03486833562616723 0.034868335627713284 0.03486833562616722 1.5524735588948966 0.0 -5.602146496307777e-06 0.003742698886213285 0.0 0.0
0.0 0.0007749908069908569 0.0 0.6160580120331934 0.0 0.035431102136023095 0.035431102136023095 0.03543110213643345 0.035431102136008405 1.5524735590129377 0.0 -5.60932669786076e-06 0.0037426985600774324 0.0 0.0
0.0 0.0007004143920125911 0.0 0.6146174326637536 0.0 0.03597363807464571 0.03597363807464572 0.0359736380746496 0.03597363807546694 1.5524735590290095 0.0 -5.609483799960983e-06 0.0037426985264886873 0.0 0.0
0.0 0.00062782207001699 0.0 0.6131991556282727 0.0 0.03649645621300465 0.03649645621300465 0.036496456213374696 0.03649645621321053 1.552473558854994 0.0 -5.60926475550507e-06 0.003742698763968558 0.0 0.0
0.0 0.0005573156040493179 0.0 0.6118081788390682 0.0 0.03699981485338567 0.036999814853385646 0.03699981485338566 0.0369998148531588 1.55247355902956 0.0 -5.609547262659106e-06 0.0037426985254121877 0.0 0.0
0.0 0.0004890932059157754 0.0 0.6104535008595776 0.0 0.03748397819495533 0.03748397819495533 0.037483978194953936 0.03748397819494223 1.5524735590011411 0.0 -5.609420628094211e-06 0.0037426985671134773 0.0 0.0
0.0 0.0004232326119671571 0.0 0.6091391194060661 0.0 0.03794920290795745 0.03794920290795745 0.03794920290798343 0.037949202907950466 1.5524735590309897 0.0 -5.609653816375111e-06 0.003742698521163452 0.0 0.0
0.0 0.00035983574991945767 0.0 0.6078700318796316 0.0 0.03839574688429152 0.03839574688429156 0.038395746884290656 0.038395746884302674 1.5524735590186913 0.0 -5.609564569850837e-06 0.0037426985505859232 0.0 0.0
0.0 0.00029904128171721786 0.0 0.6066512436027467 0.0 0.03882336824620026 0.03882336824620025 0.03882336824620025 0.0388233682461937 1.5524735590504612 0.0 -5.609484320574226e-06 0.0037426985120111015 0.0 0.0
