0.0 0.0008194110416861864 0.0 0.6278286132570541 0.0 0.03870657039583163 0.0387065703958315 0.03870657062795878 0.038706570627909824 1.5524735740782776 0.0 -5.602185225684794e-06 0.0037426988830072177 0.0 0.0
0.0 0.0007383623475335424 0.0 0.6240067342430734 0.0 0.03855213905859014 0.03855213905859014 0.03855213905859014 0.038552139058579384 1.5524735594911048 0.0 -5.608998415749454e-06 0.0037426984492454243 0.0 0.0
0.0 0.0006570934687788842 0.0 0.6201917760309231 0.0 0.03840299744737422 0.03840299744737422 0.038402997447374215 0.038402997447447164 1.5524735590145387 0.0 -5.609016965564716e-06 0.0037426985619521598 0.0 0.0
0.0 0.0005754110802099058 0.0 0.6163817081467261 0.0 0.03826111586560575 0.03826111586560586 0.038261115865969184 0.03826111586562522 1.5524735588948966 0.0 -5.602146496201498e-06 0.003742698886213282 0.0 0.0
0.0 0.0004931061029051168 0.0 0.612575500151286 0.0 0.03812899216846029 0.038128992168460336 0.038128992167996915 0.03812899216803088 1.5524735588885448 0.0 -5.608962317638544e-06 0.003742698728846052 0.0 0.0
0.0 0.0004100265098036515 0.0 0.6087721189209917 0.0 0.03800837502464668 0.038008375024646684 0.03800837502469811 0.03800837502477666 1.5524735590266987 0.0 -5.608996986322402e-06 0.0037426985360333015 0.0 0.0
0.0 0.00032597506997750545 0.0 0.6049725207015061 0.0 0.03790226647885327 0.037902266478853266 0.03790226647884533 0.03790226647887045 1.5524735590310372 0.0 -5.6090027147651735e-06 0.0037426985311684482 0.0 0.0
0.0 0.0002408172336109278 0.0 0.6011756835240403 0.0 0.03781216519253109 0.0378121651925311 0.03781216519252729 0.03781216519253582 1.5524735590538472 0.0 -5.609012572971249e-06 0.0037426985192983804 0.0 0.0
0.0 0.0001543929067857011 0.0 0.5973825701993282 0.0 0.03774057316120412 0.03774057316120411 0.03774057316120411 0.03774057316120886 1.5524735591022705 0.0 -5.609026837390756e-06 0.0037426985047695626 0.0 0.0
0.0 6.65788275501589e-05 0.0 0.5935941510340325 0.0 0.0376894922692973 0.0376894922692973 0.037689492269412525 0.037689492269297 1.5524735591653314 0.0 -5.609045797808505e-06 0.003742698491551212 0.0 0.0
0.0 -2.2748244083077348e-05 0.0 0.5898113970423634 0.0 0.0376609243679019 0.03766092436790191 0.0376609243679217 0.0376609243679231 1.5524735592145273 0.0 -5.608999922611702e-06 0.003742698483698096 0.0 0.0
0.0 -0.0001137003218507505 0.0 0.5860372700814437 0.0 0.03765737458898931 0.0376573745889893 0.03765737458898917 0.037657374588989254 1.552473559221936 0.0 -5.6090050147649095e-06 0.003742698482642263 0.0 0.0
0.0 -0.00020633973681427235 0.0 0.5822737490470953 0.0 0.03768034631117335 0.03768034631117335 0.03768034631117335 0.037680346311173354 1.552473559024424 0.0 -5.608931306438656e-06 0.003742698680573109 0.0 0.0
0.0 -0.0003007120119402538 0.0 0.5785258017339285 0.0 0.03773209805882316 0.03773209805882316 0.0377320980588202 0.03773209805882308 1.5524735591117937 0.0 -5.609035705012101e-06 0.0037426985025113073 0.0 0.0
0.0 -0.00039689783370908436 0.0 0.5747954031478235 0.0 0.037814383229586135 0.037814383229586135 0.03781438322961983 0.03781438322958614 1.5524735589089975 0.0 -5.608918914802341e-06 0.003742698710570881 0.0 0.0
0.0 -0.0004948337806060388 0.0 0.5710905277756292 0.0 0.037928965066902125 0.037928965066902125 0.037928965066902125 0.03792896506715916 1.5524735590286423 0.0 -5.609009989203766e-06 0.00374269853325993 0.0 0.0
0.0 -0.000594576501797869 0.0 0.5674141511136543 0.0 0.03807759855775033 0.038077598557750315 0.03807759855775033 0.03807759855774809 1.5524735590268046 0.0 -5.609026747460116e-06 0.0037426985364520317 0.0 0.0
0.0 -0.0006960384032720731 0.0 0.5637752495576885 0.0 0.03826204837960185 0.03826204837960204 0.0382620483796026 0.03826204837971447 1.5524735590258785 0.0 -5.6090596272191575e-06 0.0037426985457223844 0.0 0.0
0.0 -0.0007991484765282679 0.0 0.5601798076920651 0.0 0.038483324287990985 0.03848332428799099 0.03848332428781661 0.03848332428799095 1.5524735588948966 0.0 -5.602146496135227e-06 0.00374269888621328 0.0 0.0
0.0 -0.0009038200939030575 0.0 0.5566368087461011 0.0 0.03874319115436524 0.038743191154365246 0.03874319115436524 0.03874319115435709 1.5524735590968382 0.0 -5.6090398382021206e-06 0.003742698505706666 0.0 0.0
0.0 -0.0010097252386659832 0.0 0.553155271018455 0.0 0.03904016274406043 0.03904016274406056 0.039040162744097474 0.03904016274406047 1.5524735590266656 0.0 -5.60901276037264e-06 0.0037426985361104018 0.0 0.0
0.0 -0.0011163269665443144 0.0 0.5497293303091066 0.0 0.0393649784356592 0.0393649784356592 0.03936497843560127 0.039364978435601536 1.5524735588948966 0.0 -5.602146496207016e-06 0.003742698886213282 0.0 0.0
0.0 -0.0012231102194903212 0.0 0.5463461601143484 0.0 0.039706365319354155 0.039706365319354155 0.039706365318972515 0.03970636531896821 1.5524735588761496 0.0 -5.609024513049095e-06 0.0037426986196590416 0.0 0.0
0.0 -0.0013297889861922025 0.0 0.5429878928842486 0.0 0.04005454384287919 0.040054543842877204 0.04005454384286508 0.04005454384286711 1.552473558888477 0.0 -5.6089859671820626e-06 0.0037426987270133775 0.0 0.0
0.0 -0.001436022806504654 0.0 0.5396366820822007 0.0 0.04039898275415784 0.04039898275415785 0.040398982754157854 0.04039898275421022 1.5524735588948966 0.0 -5.602146496202613e-06 0.0037426988862132816 0.0 0.0
0.0 -0.0015415342735518066 0.0 0.5362766620352606 0.0 0.040730655313212565 0.040730655313212565 0.04073065531312241 0.04073065531310826 1.5524735588948966 0.0 -5.602146496190473e-06 0.0037426988862132816 0.0 0.0
0.0 -0.0016459345690948278 0.0 0.5328919832951273 0.0 0.04103903439993419 0.041039034399934025 0.041039034161668396 0.04103903414144095 1.5524735588948966 0.0 -5.6021464962104904e-06 0.0037426988862132816 0.0 0.0
0.0 -0.0017487888545194583 0.0 0.5294717876902857 0.0 0.04131460058201991 0.041314600582019904 0.04131460057861339 0.04131460057872435 1.5524735590231882 0.0 -5.609025499630883e-06 0.0037426985515711312 0.0 0.0
0.0 -0.001849528315940216 0.0 0.5260092175799608 0.0 0.041547341381433615 0.041547341381433615 0.04154734138171671 0.04154734138171671 1.552473558974088 0.0 -5.609073481085413e-06 0.0037426985857816437 0.0 0.0
0.0 -0.0019474335792341352 0.0 0.5225014367984979 0.0 0.0417265006385209 0.0417265006385209 0.04172650063853977 0.041726500638502875 1.5524735589493386 0.0 -5.608937115798824e-06 0.003742698695441303 0.0 0.0
0.0 -0.002041557176487803 0.0 0.5189566009860115 0.0 0.04184183906134987 0.041841839061349875 0.041841839065361014 0.0418418390612738 1.5524735590404013 0.0 -5.609021143600888e-06 0.003742698524632619 0.0 0.0
0.0 -0.0021307223505031506 0.0 0.515390874531508 0.0 0.041882631032915695 0.041882631032915695 0.041882631037020425 0.04188263103291777 1.5524735590327443 0.0 -5.609021160019463e-06 0.0037426985297396896 0.0 0.0
0.0 -0.0022136207568313766 0.0 0.5118274189318598 0.0 0.041838661851823215 0.04183866185182321 0.04183866185349315 0.04183866185181432 1.5524735590412537 0.0 -5.609047457576856e-06 0.0037426985242277116 0.0 0.0
0.0 -0.002288656856673468 0.0 0.5083043844391003 0.0 0.04170074116960252 0.041700741169602505 0.04170074117017018 0.04170074116958154 1.552473559124366 0.0 -5.609020460905736e-06 0.0037426984980708936 0.0 0.0
0.0 -0.0023540258200443814 0.0 0.5048709109608145 0.0 0.041460447216003275 0.04146044721600327 0.04146044721461476 0.04146044721597297 1.552473559626195 0.0 -5.608966859265506e-06 0.0037426986089685705 0.0 0.0
0.0 -0.0024077754557596774 0.0 0.5015891116675368 0.0 0.04111162473281798 0.041111624732818014 0.04111162471068024 0.04111162471067832 1.5524735590268495 0.0 -5.609034445397618e-06 0.0037426985375339636 0.0 0.0
0.0 -0.002447880468783752 0.0 0.4985340496873159 0.0 0.04065139757345363 0.040651397573453645 0.040651397573916295 0.04065139757394069 1.5524735588948966 0.0 -5.602146496195928e-06 0.00374269888621328 0.0 0.0
0.0 -0.0024723714089573984 0.0 0.49579074254400396 0.0 0.04008091294435282 0.04008091294435281 0.04008091294636104 0.04008091294636104 1.5524735652379482 0.0 -5.609049829275912e-06 0.0037426981929275394 0.0 0.0
0.0 -0.0024794309877830046 0.0 0.4934521227240269 0.0 0.039406036975574904 0.03940603697557491 0.039406036975565994 0.03940603697554267 1.5524735603111381 0.0 -5.609122547647397e-06 0.003742698383720667 0.0 0.0
0.0 -0.0024675395798981086 0.0 0.49161804050649166 0.0 0.038638960667767626 0.03863896066776763 0.03863896066708613 0.03863896066710818 1.5524735588948966 0.0 -5.602146496295628e-06 0.003742698886213278 0.0 0.0
0.0 -0.0024359405777853154 0.0 0.49036430671830883 0.0 0.03779434346881107 0.037794343468811074 0.03779434346881157 0.03779434346884591 1.5524735795057754 0.0 -5.609344578790692e-06 0.003742697911668268 0.0 0.0
0.0 -0.0023856778457550893 0.0 0.48971956683861256 0.0 0.03689589374566504 0.03689589374566504 0.03689589374566504 0.0368958937456357 1.5524735747917706 0.0 -5.609772597558432e-06 0.0037426979682601714 0.0 0.0
0.0 -0.002318898718232588 0.0 0.4896853775679124 0.0 0.03597341916354335 0.035973419163543345 0.035973419163543595 0.035973419163571524 1.5524735705500867 0.0 -5.609296176939304e-06 0.003742698066913748 0.0 0.0
0.0 -0.002238155227020121 0.0 0.4902363327053905 0.0 0.035053369037442515 0.035053369037442515 0.03505336903744282 0.035053369041448054 1.5524735588949024 0.0 -5.602146496385276e-06 0.0037426988862131645 0.0 0.0
0.0 -0.002146234594647413 0.0 0.4913260845910496 0.0 0.03415847301629886 0.03415847301629887 0.034158473015490735 0.03415847301632037 1.5524735661156934 0.0 -5.610181376199862e-06 0.0037426981528795355 0.0 0.0
0.0 -0.0020458511408712895 0.0 0.49289335363717857 0.0 0.033305579130511194 0.0333055791305112 0.033305579134807556 0.03330557913053239 1.5524735625034898 0.0 -5.61021078834279e-06 0.0037426984613068257 0.0 0.0
0.0 -0.001939508421737891 0.0 0.49486994659404476 0.0 0.032506352601122494 0.032506352601122494 0.03250635260112249 0.03250635259653261 1.5524735601674513 0.0 -5.6102907382510965e-06 0.003742698375613953 0.0 0.0
0.0 -0.0018294598007311748 0.0 0.4971827411651108 0.0 0.03176742830299524 0.03176742830299524 0.031767428302994276 0.03176742830350527 1.552473559123554 0.0 -5.610347626221763e-06 0.0037426984783661445 0.0 0.0
0.0 -0.001717490286305839 0.0 0.4997636879016586 0.0 0.031090720669023617 0.031090720669023724 0.031090720669024588 0.031090720669062568 1.5524735714004607 0.0 -5.610438672707882e-06 0.0037426980538726802 0.0 0.0
0.0 -0.0016050661583023962 0.0 0.5025477863475385 0.0 0.030474804488687158 0.030474804488687158 0.030474804488687154 0.03047480448869924 1.5524735607358928 0.0 -5.610399797234363e-06 0.0037426983482194667 0.0 0.0
0.0 -0.0014932615870229943 0.0 0.5054760910520893 0.0 0.029914896752601047 0.029914896752601047 0.029914896752824837 0.029914896752601058 1.5524735588912955 0.0 -5.610296466058268e-06 0.0037426987102801854 0.0 0.0
0.0 -0.0013828794080494 0.0 0.5084976729119656 0.0 0.02940515640144895 0.029405156401448945 0.0294051564014574 0.02940515640144879 1.5524735620090422 0.0 -5.610446205724261e-06 0.003742698299510782 0.0 0.0
0.0 -0.0012743871760303829 0.0 0.5115686399793298 0.0 0.028937490981366363 0.028937490981341303 0.028937490981478173 0.02893749098147817 1.552473559035804 0.0 -5.610442736852492e-06 0.003742698510335287 0.0 0.0
0.0 -0.0011680929849313064 0.0 0.5146511054129908 0.0 0.02850360891365264 0.02850360891364629 0.02850360891364629 0.028503608913685183 1.5524735606992808 0.0 -5.610415632922768e-06 0.0037426983555875542 0.0 0.0
0.0 -0.001064218298943777 0.0 0.5177121721214422 0.0 0.02809569062574762 0.028095690625747637 0.028095690625618324 0.028095690567216232 1.5524735588948966 0.0 -5.602146496511274e-06 0.003742698886213281 0.0 0.0
0.0 -0.0009628068620572145 0.0 0.5207249633127959 0.0 0.02770545182504054 0.02770545182504054 0.027705451825375906 0.02770545182921987 1.5524735593152383 0.0 -5.610423924492158e-06 0.003742698452507749 0.0 0.0
0.0 -0.0008639919222011372 0.0 0.5236625696385008 0.0 0.02732585433951674 0.027325854339516748 0.027325854339859835 0.02732585434577281 1.552473564544146 0.0 -5.610341636741367e-06 0.003742698426275347 0.0 0.0
0.0 -0.0007678900052180062 0.0 0.5265040656226968 0.0 0.026951582189383077 0.02695158218938308 0.02695158218953119 0.026951582189383077 1.552473558888517 0.0 -5.610308812267393e-06 0.00374269871354754 0.0 0.0
0.0 -0.0006746406398587426 0.0 0.5292285205211377 0.0 0.026577635737312408 0.026577635737312408 0.026577635737346044 0.02657763573731241 1.5524735601538227 0.0 -5.610373193215692e-06 0.0037426983891896987 0.0 0.0
0.0 -0.0005844969588747554 0.0 0.531816969542562 0.0 0.026201216506466746 0.02620121650646711 0.026201216506660213 0.02620121650646712 1.5524735590332548 0.0 -5.610436409725085e-06 0.0037426985172587138 0.0 0.0
0.0 -0.0004976080028746669 0.0 0.5342594292976343 0.0 0.025821064928178778 0.02582106492817898 0.025821064928327704 0.025821064928179 1.5524735590994818 0.0 -5.610381655697967e-06 0.0037426984867951203 0.0 0.0
0.0 -0.00041380868361646947 0.0 0.5365688729308903 0.0 0.02543920654897277 0.025439206548972765 0.025439206548972765 0.02543920654901034 1.5524735626000759 0.0 -5.61041949984794e-06 0.003742698292751137 0.0 0.0
0.0 -0.0003328725995972854 0.0 0.5387622681531518 0.0 0.025058148523617166 0.025058148523616108 0.02505814852357693 0.025058148592272518 1.5524735590332446 0.0 -5.610308183956106e-06 0.003742698512016851 0.0 0.0
0.0 -0.0002544416117268055 0.0 0.5408576027000797 0.0 0.02467894061989211 0.02467894061989235 0.024678940619887384 0.024678940615047145 1.5524735588948966 0.0 -5.602146496480675e-06 0.0037426988862132747 0.0 0.0
0.0 -0.00017827855724111897 0.0 0.5428678726204489 0.0 0.024302614629444816 0.024302614629444812 0.024302614629444812 0.024302614624222906 1.5524735681280195 0.0 -5.610341449674642e-06 0.0037426981655202607 0.0 0.0
0.0 -0.0001039693113654327 0.0 0.5448100752128556 0.0 0.023929144547099872 0.02392914454710035 0.023929144547099872 0.0239291445469988 1.5524735590394687 0.0 -5.610321945476377e-06 0.0037426985067761627 0.0 0.0
0.0 -3.124828846936613e-05 0.0 0.5466962131444212 0.0 0.0235588564301216 0.0235588564301216 0.023558856430102852 0.023558856430121598 1.5524735608569094 0.0 -5.610302248726436e-06 0.003742698363133536 0.0 0.0
0.0 4.0254677171805925e-05 0.0 0.5485393011035674 0.0 0.023190992658230727 0.023190992658230727 0.023190992658230738 0.02319099265829546 1.5524735590333516 0.0 -5.610275940233291e-06 0.0037426985164488126 0.0 0.0
0.0 0.00011089961914959163 0.0 0.5503543434042422 0.0 0.022825588002492708 0.022825588002492708 0.022825588002496455 0.02282558800247994 1.552473559175254 0.0 -5.60978508605909e-06 0.0037426984907010996 0.0 0.0
0.0 0.00018103725218803586 0.0 0.5521513658473426 0.0 0.022461162681313977 0.022461162681313988 0.022461162681311667 0.02246116268131398 1.5524735631070365 0.0 -5.610298016332202e-06 0.0037426984892028102 0.0 0.0
0.0 0.00025098215243521356 0.0 0.5539433716340834 0.0 0.022097713118475668 0.022097713118476248 0.022097713118498046 0.022097713118575103 1.5524735590334287 0.0 -5.610353639013224e-06 0.0037426985123408417 0.0 0.0
0.0 0.00032113162026346895 0.0 0.5557423869885706 0.0 0.02173378366707097 0.021733783667070964 0.02173378366707097 0.021733783667070964 1.5524735594102987 0.0 -5.6103191930598776e-06 0.0037426984502210896 0.0 0.0
0.0 0.0003917922171679317 0.0 0.5575604192296661 0.0 0.0213691505926245 0.021369150592624387 0.021369150592626802 0.021369150592433148 1.552473567987843 0.0 -5.610300235810601e-06 0.003742698190075937 0.0 0.0
0.0 0.0004633597800950388 0.0 0.5594114831135394 0.0 0.02100303597961927 0.02100303597961801 0.021003035979481853 0.02100303597949591 1.5524735590331569 0.0 -5.610260432652774e-06 0.0037426985121566444 0.0 0.0
0.0 0.000536168484489841 0.0 0.5613065973484967 0.0 0.02063451160781797 0.02063451160781797 0.020634511608098472 0.02063451160805198 1.5524735603630377 0.0 -5.610406880383073e-06 0.0037426983937338897 0.0 0.0
0.0 0.0006105390255741607 0.0 0.5632597597675579 0.0 0.020263824718845965 0.02026382471884597 0.020263824718845965 0.020263824718870244 1.55247355889493 0.0 -5.602146496576624e-06 0.0037426988862130453 0.0 0.0
0.0 0.000686800821932067 0.0 0.5652839847635222 0.0 0.01989075397355902 0.01989075397355902 0.019890753973559758 0.019890753974759923 1.5524735590623182 0.0 -5.6104075070611176e-06 0.0037426984987140996 0.0 0.0
0.0 0.0007653267153800594 0.0 0.5673962629121836 0.0 0.01951583235321478 0.01951583235321478 0.0195158323536008 0.01951583235911921 1.552473563362361 0.0 -5.610424175598206e-06 0.0037426982998073543 0.0 0.0
0.0 0.0008463757475687688 0.0 0.5696095887178855 0.0 0.01913980567873236 0.01913980567873237 0.019139805679134324 0.01913980567897168 1.5524735590334344 0.0 -5.61043900650939e-06 0.003742698513838618 0.0 0.0
0.0 0.0009302448547940865 0.0 0.5719409428664087 0.0 0.01876422668291334 0.018764226682913335 0.018764226682919022 0.018764226682907163 1.5524735588948966 0.0 -5.602146496490464e-06 0.003742698886213277 0.0 0.0
0.0 0.0010161480263375115 0.0 0.5743782248466669 0.0 0.018395818734817427 0.0183958187348173 0.018395818734812594 0.018395818734802647 1.5524735588949112 0.0 -5.602146496538622e-06 0.003742698886213133 0.0 0.0
0.0 0.0011030460145117454 0.0 0.5769003197078985 0.0 0.018041799253129442 0.018041799253129535 0.018041799253129463 0.018041799253129476 1.552473559033097 0.0 -5.610448729003264e-06 0.003742698512393281 0.0 0.0
0.0 0.0011907906442464053 0.0 0.5795101797004982 0.0 0.017705175288477915 0.017705175288477915 0.017705175288519597 0.017705175288477818 1.5524735599692818 0.0 -5.610432819461893e-06 0.0037426984214765546 0.0 0.0
0.0 0.0012791701937055538 0.0 0.5822097547494643 0.0 0.017389472628335255 0.017389472628335262 0.0173894726288841 0.017389472628884104 1.552473573105563 0.0 -5.610431793849505e-06 0.003742698145953456 0.0 0.0
0.0 0.0013679439110315373 0.0 0.5850009841733227 0.0 0.017098618036543334 0.017098618036543323 0.01709861803651744 0.017098618100760774 1.5524735588876162 0.0 -5.6103457471055694e-06 0.0037426987170319985 0.0 0.0
0.0 0.001456805399119596 0.0 0.587882813570582 0.0 0.016836441494008526 0.01683644149400853 0.016836441494003995 0.0168364414910988 1.552473559178122 0.0 -5.610444504665127e-06 0.0037426984813827397 0.0 0.0
0.0 0.0015454249025270486 0.0 0.590855174506097 0.0 0.016607421364143768 0.016607421364143875 0.016607421364140097 0.016607421358415028 1.5524735621613341 0.0 -5.61044652182499e-06 0.0037426983481195467 0.0 0.0
0.0 0.0016333760353030734 0.0 0.5939139982179912 0.0 0.01641603446904301 0.016416034469042957 0.016416034474028306 0.016416034474003412 1.552473559025716 0.0 -5.610444889393726e-06 0.003742698536252198 0.0 0.0
0.0 0.0017201263506725864 0.0 0.5970532044515922 0.0 0.016267540028920148 0.016267540028920148 0.016267540043637126 0.016267540043622804 1.552473559032397 0.0 -5.6104368610833145e-06 0.003742698522175444 0.0 0.0
0.0 0.0018051396200698057 0.0 0.6002657161302194 0.0 0.01616692143897293 0.016166921438994585 0.01616692147465501 0.016166921474849577 1.5524735590329162 0.0 -5.610416221331498e-06 0.003742698516996322 0.0 0.0
0.0 0.0018877588523056347 0.0 0.6035394547797877 0.0 0.01611916022074703 0.01611916022074704 0.01611916028918717 0.01611916028910632 1.5524735590325445 0.0 -5.610371365451813e-06 0.003742698516505883 0.0 0.0
0.0 0.0019672662022754265 0.0 0.6068613357884262 0.0 0.016129736395725482 0.016129736395725482 0.016129736437076495 0.01612973643698665 1.5524735590332497 0.0 -5.61043590234804e-06 0.003742698514358075 0.0 0.0
0.0 0.002042775341773608 0.0 0.6102112681850015 0.0 0.01620411868504993 0.016204118685049913 0.016204118711260443 0.01620411871123235 1.552473559032841 0.0 -5.610409503855666e-06 0.0037426985189157463 0.0 0.0
0.0 0.002113364674530129 0.0 0.6135661715180454 0.0 0.016347270962002062 0.016347270962002045 0.016347270975987174 0.016347270975982976 1.5524735590293262 0.0 -5.610347387678257e-06 0.0037426985316462644 0.0 0.0
0.0 0.0021781013577362855 0.0 0.6169009729348345 0.0 0.016563653759382926 0.01656365375938293 0.016563653761124113 0.01656365376113386 1.5524735588554819 0.0 -5.610326465622394e-06 0.003742698760860545 0.0 0.0
0.0 0.0022358415347904508 0.0 0.6201825887494221 0.0 0.016857964711251016 0.016857964711251002 0.016857964710087197 0.016857964710130305 1.552473558703864 0.0 -5.610297881124019e-06 0.003742698822597694 0.0 0.0
0.0 0.0022854740599168 0.0 0.6233739647287485 0.0 0.017233145819654776 0.017233145819654037 0.01723314581965479 0.017233145843792527 1.5524735590323626 0.0 -5.610363415433999e-06 0.0037426985218755636 0.0 0.0
0.0 0.0023257804655554683 0.0 0.626432051076735 0.0 0.01769162736995503 0.01769162736995505 0.01769162736994414 0.017691627371560357 1.552473558958365 0.0 -5.61034917992267e-06 0.0037426985843104603 0.0 0.0
0.0 0.0023555803827606846 0.0 0.6293108196605786 0.0 0.018234336488471396 0.018234336488471413 0.018234336488462274 0.01823433648892932 1.5524735588872527 0.0 -5.610261424953458e-06 0.00374269872405379 0.0 0.0
0.0 0.0023736781087021963 0.0 0.6319582668002082 0.0 0.018860438964999837 0.018860438964999848 0.01886043896500361 0.018860438964999834 1.5524735588424459 0.0 -5.610407671717682e-06 0.003742698623055117 0.0 0.0
0.0 0.002379171238289498 0.0 0.6343742084388175 0.0 0.01958218774205263 0.019582187742052566 0.019582187742726208 0.01958218774206495 1.5524735589961123 0.0 -5.610413451821047e-06 0.0037426985616982175 0.0 0.0
0.0 0.0023710190983605743 0.0 0.6365405150942233 0.0 0.020407804333249607 0.020407804333249624 0.020407804333684533 0.020407804329976045 1.552473559025676 0.0 -5.610413443823525e-06 0.0037426985362653082 0.0 0.0
0.0 0.002348565952205303 0.0 0.6383933492635918 0.0 0.021325184490423543 0.021325184490423543 0.02132518449069467 0.021325184490732386 1.5524735590310859 0.0 -5.610291283097098e-06 0.0037426985264738324 0.0 0.0
0.0 0.0023117068995150165 0.0 0.6398849098438516 0.0 0.02231999676218617 0.022319996762186167 0.02231999676315567 0.022319996763155683 1.5524735576734967 0.0 -5.610262002573861e-06 0.003742698986031564 0.0 0.0
0.0 0.002260977718171152 0.0 0.6409864400524984 0.0 0.023375446433563866 0.02337544643356387 0.023375446433563853 0.023375446433536957 1.552473557575182 0.0 -5.610213285265963e-06 0.003742698810777569 0.0 0.0
0.0 0.002197515910795797 0.0 0.6416941896948553 0.0 0.024474775835415474 0.02447477583541547 0.02447477583482877 0.024474775835399646 1.55247355901582 0.0 -5.610134605895666e-06 0.0037426985470836575 0.0 0.0
0.0 0.002122698628094533 0.0 0.6420173974084267 0.0 0.02560224097547237 0.025602240975472364 0.025602240975501088 0.025602240972516028 1.5524735589812462 0.0 -5.6099548221520825e-06 0.003742698571770287 0.0 0.0
0.0 0.0020382917726507795 0.0 0.6419852870208699 0.0 0.02674338914414919 0.026743389144149202 0.026743389143368747 0.026743389144149348 1.5524735588948966 0.0 -5.602146496400097e-06 0.0037426988862132838 0.0 0.0
0.0 0.0019461403767010092 0.0 0.6416380562132171 0.0 0.027886281955431108 0.027886281955431108 0.027886281955434578 0.02788628195543003 1.5524735587546756 0.0 -5.6098503580858874e-06 0.0037426986433304285 0.0 0.0
0.0 0.0018481242075456118 0.0 0.6410248551184335 0.0 0.029021497181789917 0.02902149718178992 0.02902149718098623 0.029021497182313907 1.552473558517382 0.0 -5.6096593784220686e-06 0.003742698690063941 0.0 0.0
0.0 0.0017461368688496833 0.0 0.6402008180215123 0.0 0.03014137163502342 0.030141371635059068 0.030141371634263368 0.030141371634266903 1.5524735581986095 0.0 -5.609715646934311e-06 0.0037426987342773946 0.0 0.0
0.0 0.001641936346667803 0.0 0.6392230399996461 0.0 0.03124074598189007 0.031240745981890073 0.031240745981118596 0.031240745981890063 1.5524735578261208 0.0 -5.609721109060234e-06 0.0037426987761874854 0.0 0.0
0.0 0.0015371644788034237 0.0 0.6381475971907256 0.0 0.03231570952487729 0.03231570952487729 0.032315709524877285 0.03231570952485207 1.5524735574551463 0.0 -5.609694916915942e-06 0.00374269881138575 0.0 0.0
0.0 0.0014333966606907493 0.0 0.6370285593542809 0.0 0.033362602027052955 0.033362602027052955 0.033362602027052955 0.033362602026317106 1.5524735588948966 0.0 -5.6021464963435365e-06 0.003742698886213303 0.0 0.0
0.0 0.0013320139801999335 0.0 0.6359149880097598 0.0 0.034378740998037706 0.034378740998037706 0.03437874099803772 0.03437874099697435 1.552473557006669 0.0 -5.609612968919146e-06 0.0037426988467417362 0.0 0.0
0.0 0.0012342849827296205 0.0 0.6348489395932125 0.0 0.03536070794806136 0.03536070794806135 0.03536070794806136 0.035360707948037244 1.5524735588948966 0.0 -5.602146496330679e-06 0.003742698886213281 0.0 0.0
0.0 0.0011413388884124176 0.0 0.6338674816209148 0.0 0.036305296742909755 0.036305296742909755 0.0363052967435158 0.03630529674288367 1.5524735573079695 0.0 -5.609591692824341e-06 0.003742698818834788 0.0 0.0
0.0 0.0010541939131052348 0.0 0.6329976887277026 0.0 0.03720756372875364 0.03720756372875364 0.03720756372875363 0.03720756373116465 1.5524735588948966 0.0 -5.602146496339632e-06 0.003742698886213297 0.0 0.0
0.0 0.0009736933274277428 0.0 0.6322586532408458 0.0 0.03806227710895882 0.03806227710895882 0.03806227710896149 0.03806227710893625 1.552473558083654 0.0 -5.609610841667836e-06 0.003742698917792613 0.0 0.0
0.0 0.0009004720399634168 0.0 0.631658461291551 0.0 0.03886345609915176 0.03886345609915177 0.03886345609915427 0.038863456099176644 1.5524735585317897 0.0 -5.609729476061865e-06 0.0037426988503177143 0.0 0.0
0.0 0.0008325316008287626 0.0 0.6311787911499566 0.0 0.03963232226258537 0.039632322262585375 0.03963232226258537 0.03963232226256561 1.552473558934616 0.0 -5.609681986245248e-06 0.0037426985919750046 0.0 0.0
0.0 0.0007674843210784076 0.0 0.6307942721258074 0.0 0.04039308915141721 0.04039308915141721 0.040393089151420355 0.040393089151438084 1.5524735590201229 0.0 -5.609860845586038e-06 0.003742698544421073 0.0 0.0
0.0 0.0007052001174793919 0.0 0.6304949237641579 0.0 0.04114424073399387 0.04114424073399388 0.04114424072994535 0.041144240729640603 1.552473559031389 0.0 -5.609772752386013e-06 0.003742698522755884 0.0 0.0
0.0 0.0006455545905017834 0.0 0.6302717622628605 0.0 0.0418845117041787 0.0418845117041787 0.04188451170087743 0.0418845117004979 1.5524735586115548 0.0 -5.609988545327268e-06 0.0037426986602600264 0.0 0.0
0.0 0.0005885080823176086 0.0 0.6301178117382937 0.0 0.0426121427939869 0.0426121427939869 0.04261214279713752 0.04261214279400547 1.552473558790072 0.0 -5.6098436154223175e-06 0.003742698785972792 0.0 0.0
0.0 0.0005339362535301526 0.0 0.6300240884811457 0.0 0.04332586757936623 0.04332586757936623 0.04332586757936485 0.04332586757936489 1.5524735590270697 0.0 -5.609914649332774e-06 0.0037426985352541813 0.0 0.0
0.0 0.00048170205478720627 0.0 0.6299826012996048 0.0 0.04402492174997854 0.04402492174997854 0.04402492174997854 0.04402492174997845 1.5524735582040932 0.0 -5.609908394192448e-06 0.0037426987166871736 0.0 0.0
0.0 0.0004317103510636672 0.0 0.6299863632314077 0.0 0.04470829852727674 0.04470829852727674 0.04470829852700418 0.04470829853001214 1.5524735588484904 0.0 -5.609905102784801e-06 0.0037426986116414125 0.0 0.0
0.0 0.0003838854808547239 0.0 0.6300283888426865 0.0 0.045374732758933306 0.045374732758933306 0.045374732758933306 0.04537473276310332 1.5524735588948966 0.0 -5.6021464963778294e-06 0.003742698886213285 0.0 0.0
0.0 0.00033808923324445594 0.0 0.6301006934063803 0.0 0.04602346041609404 0.04602346041609404 0.04602346041583634 0.04602346041920004 1.5524735581508453 0.0 -5.609934319120369e-06 0.003742698720427629 0.0 0.0
0.0 0.00029428132163776847 0.0 0.630199280697793 0.0 0.046653730046139846 0.046653730046139846 0.04665373004591234 0.04665373004612343 1.5524735587405787 0.0 -5.609856904568509e-06 0.0037426987994443233 0.0 0.0
0.0 0.0002523669274217539 0.0 0.6303171658412804 0.0 0.04726452609859121 0.047264526098591206 0.04726452609858356 0.047264526098596694 1.5524735590306888 0.0 -5.609984369816474e-06 0.003742698527989774 0.0 0.0
0.0 0.00021226265854833772 0.0 0.630449354800735 0.0 0.04785534043493264 0.04785534043493264 0.047855340434919014 0.047855340434932475 1.552473558583079 0.0 -5.610023570972914e-06 0.00374269865994939 0.0 0.0
0.0 0.00017395132647908768 0.0 0.6305928580018548 0.0 0.048425420951854835 0.04842542095185484 0.048425420951854835 0.04842542095184267 1.5524735590103886 0.0 -5.610055890773721e-06 0.0037426985492080007 0.0 0.0
0.0 0.00013736245996287451 0.0 0.6307416885478312 0.0 0.048973755425569615 0.04897375542556962 0.04897375542334122 0.048973755423347066 1.552473559031265 0.0 -5.609826514798707e-06 0.0037426985183925273 0.0 0.0
0.0 0.00010246067899739316 0.0 0.6308928532745597 0.0 0.04949983959913179 0.04949983959913179 0.04949983959613006 0.04949983959614077 1.5524735588348504 0.0 -5.6097721482432054e-06 0.0037426987668601665 0.0 0.0
0.0 6.927181011344241e-05 0.0 0.631044364463699 0.0 0.05000267047209099 0.05000267047209098 0.05000267047209099 0.05000267047388754 1.5524735588948966 0.0 -5.602146496391603e-06 0.003742698886213282 0.0 0.0
0.0 3.773544813200758e-05 0.0 0.631192234730113 0.0 0.05048174119370725 0.050481741193707255 0.05048174119370874 0.05048174119034423 1.5524735589897947 0.0 -5.609945009980743e-06 0.0037426985620850053 0.0 0.0
0.0 7.884195579578926e-06 0.0 0.6313354665705847 0.0 0.05093630031880372 0.0509363003188012 0.050936300318801205 0.050936300318803716 1.5524735588948966 0.0 -5.602146496406448e-06 0.003742698886213281 0.0 0.0
0.0 -2.028190119971879e-05 0.0 0.6314710826636858 0.0 0.05136534270568105 0.05136534270568104 0.051365342705760104 0.05136534270575342 1.5524735590205259 0.0 -5.610017805714364e-06 0.0037426985411640064 0.0 0.0
