0.0 0.001981164087497491 0.0 0.6221324941300621 0.0 0.02097606065305253 0.020976060653052457 0.02097606076208471 0.020976060370525997 1.5524735589403833 0.0 -5.602146616825314e-06 0.003742698886212896 0.0 0.0
0.0 0.0017713566100993384 0.0 0.6123588359070119 0.0 0.020615832300924765 0.02061583230092477 0.020615832301877413 0.020615832301877374 1.5524735588948968 0.0 -5.602146495683467e-06 0.003742698886213277 0.0 0.0
0.0 0.001558109660168025 0.0 0.6025884593054052 0.0 0.020303617720706428 0.020303617720706397 0.020303617721159076 0.020303617790642436 1.5524735588948966 0.0 -5.602146495667897e-06 0.0037426988862132838 0.0 0.0
0.0 0.0013396696583939268 0.0 0.5928170258877843 0.0 0.0200619137481244 0.020061913748124396 0.02006191374869712 0.020061914002346186 1.5524735588948966 0.0 -5.6021464958724294e-06 0.003742698886213284 0.0 0.0
0.0 0.0011144145893350213 0.0 0.5830471917434032 0.0 0.01991372879395776 0.01991372879395778 0.01991372879154095 0.019913728831311366 1.5524735588948966 0.0 -5.602146495849821e-06 0.0037426988862132846 0.0 0.0
0.0 0.0008810126129111051 0.0 0.5732906305501662 0.0 0.019881085267135622 0.019881085267135633 0.019881085265989536 0.019881085290389393 1.5524735588948966 0.0 -5.602146495820564e-06 0.0037426988862132833 0.0 0.0
0.0 0.0006385352197665613 0.0 0.5635750243528277 0.0 0.019985781264268008 0.019985781264267984 0.019985781264399777 0.019985781816934462 1.5524735588948966 0.0 -5.602146495778492e-06 0.003742698886213283 0.0 0.0
0.0 0.00038639219036388047 0.0 0.5539390733621987 0.0 0.02024863282730832 0.020248632827308315 0.020248632827711048 0.020248632961457676 1.5524735588948966 0.0 -5.602146496049225e-06 0.003742698886213283 0.0 0.0
0.0 0.00012456088296125797 0.0 0.5444405057599245 0.0 0.02068898555257986 0.020688985552579874 0.020688985551003902 0.02068898557566612 1.5524735588948966 0.0 -5.602146496667651e-06 0.003742698886213282 0.0 0.0
0.0 -0.00014643069283742487 0.0 0.5351530880751072 0.0 0.02132396072060105 0.02132396072060105 0.02132396072059964 0.021323960720565836 1.5524735588948966 0.0 -5.6021464964774185e-06 0.0037426988862132816 0.0 0.0
0.0 -0.00042534675978972197 0.0 0.5261716341229725 0.0 0.022167962835445882 0.02216796283544588 0.0221679628354638 0.022167962835463798 1.5524735588948966 0.0 -5.6021464957540625e-06 0.0037426988862132877 0.0 0.0
0.0 -0.000710211096383066 0.0 0.5176080300830697 0.0 0.02323092297046256 0.02323092297046256 0.02323092297046256 0.023230922970457573 1.5524735588948966 0.0 -5.602146495678924e-06 0.003742698886213288 0.0 0.0
0.0 -0.000998331094062834 0.0 0.5095902342105713 0.0 0.024518297171295448 0.02451829717129545 0.024518297171290594 0.024518297171287066 1.5524735588948966 0.0 -5.60214649645356e-06 0.0037426988862133076 0.0 0.0
0.0 -0.0012860839070793887 0.0 0.5022643111418486 0.0 0.02602881933058373 0.02602881933058373 0.02602881933058257 0.026028819324313404 1.5524735588948966 0.0 -5.602146495598469e-06 0.0037426988862132864 0.0 0.0
0.0 -0.0015690531615668575 0.0 0.49578645127235493 0.0 0.027753729803122854 0.027753729803122847 0.02775372980312285 0.027753729803122847 1.552473554557999 0.0 -5.609745225855302e-06 0.0037426992043426265 0.0 0.0
0.0 -0.0018420111995621137 0.0 0.49031994437060866 0.0 0.029675555290561394 0.029675555290561394 0.029675555291155536 0.0296755552888138 1.5524735552455944 0.0 -5.609550185561342e-06 0.003742698975395037 0.0 0.0
0.0 -0.0020989974317077408 0.0 0.4860272675916856 0.0 0.031766538353075455 0.03176653835307546 0.03176653835378476 0.03176653835304801 1.5524735540656966 0.0 -5.609076355477774e-06 0.003742699031808527 0.0 0.0
0.0 -0.002333575162857101 0.0 0.4830610344940956 0.0 0.03398918236774539 0.03398918236774539 0.03398918236777633 0.03398918236853244 1.5524735588948952 0.0 -5.602146496193517e-06 0.003742698886213377 0.0 0.0
0.0 -0.0025388920378275853 0.0 0.4815560237324834 0.0 0.03629442326289104 0.036294423262891035 0.03629442326227907 0.03629442326288932 1.5524735588948912 0.0 -5.602146495443496e-06 0.003742698886213342 0.0 0.0
0.0 -0.0027081118596690643 0.0 0.48161515345676403 0.0 0.03862292523041965 0.038622925230418846 0.038622925229441975 0.038622925231627955 1.5524735588948786 0.0 -5.602146495410112e-06 0.0037426988862133944 0.0 0.0
0.0 -0.0028354805083015224 0.0 0.48327343993085503 0.0 0.04090771537770889 0.04090771537770888 0.040907715377707675 0.04090771537773681 1.5524735501279028 0.0 -5.61015471828004e-06 0.003742699186142739 0.0 0.0
0.0 -0.002919331887588962 0.0 0.48641276593435806 0.0 0.043087118943179605 0.04308711894317811 0.043087118936114006 0.04308711893721184 1.5524735453779894 0.0 -5.610434566489234e-06 0.0037426993361318185 0.0 0.0
0.0 -0.0029601706337890102 0.0 0.49086281743514637 0.0 0.04511185233183037 0.04511185233183037 0.045111852331832014 0.04511185233174345 1.5524735437236201 0.0 -5.610225053738539e-06 0.0037426993662527915 0.0 0.0
0.0 -0.0029598991685517114 0.0 0.4964370712823591 0.0 0.046946364409135646 0.04694636440913566 0.046946364410269954 0.04694636441700128 1.552473547232795 0.0 -5.609983587252193e-06 0.00374269925083045 0.0 0.0
0.0 -0.0029213459349665388 0.0 0.5029478106003046 0.0 0.04856734605449186 0.04856734605449186 0.0485673460544917 0.04856734605449337 1.5524735537647787 0.0 -5.608781054668917e-06 0.0037426989998118002 0.0 0.0
0.0 -0.00284792454127987 0.0 0.5102142011558831 0.0 0.04996174666515374 0.04996174666515375 0.04996174666556278 0.049961746665562766 1.5524735588948966 0.0 -5.602146496459818e-06 0.0037426988862132907 0.0 0.0
0.0 -0.0027434196460123924 0.0 0.5180682153946199 0.0 0.051125788644199296 0.05112578864419929 0.05112578864419923 0.05112578864482506 1.5524735588948966 0.0 -5.602146495295865e-06 0.0037426988862132877 0.0 0.0
0.0 -0.0026117105511670024 0.0 0.5263607617652649 0.0 0.05206324387924527 0.05206324387924526 0.05206324387824321 0.05206324387824322 1.5524735588948966 0.0 -5.602146495215097e-06 0.003742698886213287 0.0 0.0
0.0 -0.002456618827173664 0.0 0.5349626568694684 0.0 0.05278365698289451 0.052783656982838 0.052783656981924464 0.0527836569819783 1.5524735588948966 0.0 -5.602146494989784e-06 0.0037426988862132846 0.0 0.0
0.0 -0.002281766768214794 0.0 0.543763670328236 0.0 0.05330010357863441 0.0533001035786344 0.05330010358428847 0.053300103516937626 1.5524735588948966 0.0 -5.60214649501828e-06 0.003742698886213284 0.0 0.0
0.0 -0.002090499578391749 0.0 0.5526765221891654 0.0 0.0536294466865647 0.05362944668656483 0.05362944668656483 0.053629446668088526 1.5524735588948966 0.0 -5.602146495003134e-06 0.003742698886213284 0.0 0.0
0.0 -0.001885815864938655 0.0 0.5616329154998038 0.0 0.05379008008172863 0.05379008008581124 0.05379008008531894 0.05379008008543186 1.5524735588948966 0.0 -5.6021464949656265e-06 0.0037426988862132838 0.0 0.0
0.0 -0.001670421394829278 0.0 0.5705805391891055 0.0 0.05380167336912094 0.05380167336912094 0.05380167336912453 0.053801673364609094 1.5524735588948966 0.0 -5.602146494930475e-06 0.003742698886213284 0.0 0.0
0.0 -0.0014465832627834488 0.0 0.5794860839238434 0.0 0.053684176632713666 0.0536841766327842 0.053684176632710974 0.05368417663278085 1.5524735588948966 0.0 -5.602146494910251e-06 0.0037426988862132846 0.0 0.0
0.0 -0.0012163464063187801 0.0 0.5883262395102622 0.0 0.053457806052132864 0.053457806052918326 0.053457806052874875 0.053457806052180736 1.5524735588948966 0.0 -5.602146494204564e-06 0.0037426988862132846 0.0 0.0
0.0 -0.0009814061888336067 0.0 0.5970907070029353 0.0 0.05314229864160587 0.05314229864160587 0.053142298600756206 0.05314229840265772 1.5524735588948966 0.0 -5.6021464942986846e-06 0.003742698886213284 0.0 0.0
0.0 -0.000743156514064602 0.0 0.6057801981273239 0.0 0.05275690871146293 0.05275690871145535 0.05275690870718864 0.05275690866191059 1.5524735588948966 0.0 -5.602146494452361e-06 0.003742698886213284 0.0 0.0
0.0 -0.0005028638688313582 0.0 0.6143984367177322 0.0 0.05232014563831105 0.05232014563831104 0.05232014563831289 0.05232014563272255 1.5524735588948966 0.0 -5.602146494647422e-06 0.003742698886213284 0.0 0.0
0.0 -0.0002616022821300123 0.0 0.6229571489180986 0.0 0.0518505314220558 0.0518505314220558 0.05185053142202375 0.05185053142218264 1.5524735588948966 0.0 -5.602146493973514e-06 0.0037426988862132846 0.0 0.0
