0.0 0.002609528638840912 0.0 0.6287264423965487 0.0 0.014576512124935328 0.014576512124935338 0.014576512158381618 0.014576511629677411 1.5524735598247479 0.0 -5.602148978188318e-06 0.003742698886209255 0.0 0.0
0.0 0.002476546715161351 0.0 0.6254006476233739 0.0 0.015294305127134096 0.015294305127134101 0.01529430512710785 0.015294305127116365 1.5524735588948966 0.0 -5.602146496197964e-06 0.003742698886213294 0.0 0.0
0.0 0.0023430113413972407 0.0 0.62205184622935 0.0 0.016012063183717912 0.016012063183712573 0.016012063183717815 0.016012063183734132 1.5524735588948966 0.0 -5.602146496236214e-06 0.003742698886213286 0.0 0.0
0.0 0.00220894368311788 0.0 0.6186740724818144 0.0 0.016727524222082967 0.016727524222082974 0.016727524222573554 0.016727524222584746 1.5524735587944718 0.0 -5.609016479861943e-06 0.0037426987978247403 0.0 0.0
0.0 0.002074292554145868 0.0 0.6152613365141245 0.0 0.01743942896053873 0.017439428960538735 0.01743942896108278 0.01743942895928042 1.5524735588948966 0.0 -5.602146496205073e-06 0.0037426988862132825 0.0 0.0
0.0 0.0019390654920802275 0.0 0.6118086699880624 0.0 0.018146018589284333 0.018146018589284284 0.018146018588315126 0.01814601858831507 1.5524735588948966 0.0 -5.602146496224083e-06 0.0037426988862132825 0.0 0.0
0.0 0.0018033320364000173 0.0 0.6083121057196558 0.0 0.018845036215317794 0.018845036215317794 0.018845036215314626 0.018845036215317804 1.5524735588497647 0.0 -5.609069149898759e-06 0.003742698634524831 0.0 0.0
0.0 0.0016670533384328494 0.0 0.6047646625908617 0.0 0.01953472124526892 0.01953472124526892 0.019534721245871658 0.01953472124528051 1.5524735588604328 0.0 -5.6090209891341436e-06 0.003742698765072358 0.0 0.0
0.0 0.001530237699988899 0.0 0.6011613688385964 0.0 0.02021331461428534 0.02021331461428559 0.020213314614476147 0.020213314625531612 1.552473559027074 0.0 -5.6090513684011844e-06 0.003742698540433073 0.0 0.0
0.0 0.001392954676270221 0.0 0.5974982557810015 0.0 0.020878559300849097 0.02087855930084919 0.020878559301510072 0.020878559300551675 1.5524735588078107 0.0 -5.609081871026472e-06 0.0037426986445539194 0.0 0.0
0.0 0.001255292065769943 0.0 0.5937713604279107 0.0 0.021527949759407645 0.021527949759407545 0.021527949759416323 0.021527949759416423 1.5524735590016607 0.0 -5.609106595867678e-06 0.003742698573210858 0.0 0.0
0.0 0.0011172532916023518 0.0 0.5899747087677663 0.0 0.022159474953515817 0.022159474953516476 0.022159474953541508 0.02215947495328674 1.5524735588948966 0.0 -5.602146496192887e-06 0.003742698886213282 0.0 0.0
0.0 0.0009789917950091646 0.0 0.586106348677582 0.0 0.022770381340332272 0.022770381340332272 0.02277038134033463 0.022770381340325538 1.552473558893674 0.0 -5.609050239951529e-06 0.0037426986203516004 0.0 0.0
0.0 0.0008405779979567057 0.0 0.5821623048928142 0.0 0.023358412896963023 0.02335841289696302 0.02335841289696303 0.023358412896962756 1.552473559022719 0.0 -5.6090481419039765e-06 0.0037426985525235456 0.0 0.0
0.0 0.0007021845659179331 0.0 0.5781406246528034 0.0 0.02392056471588705 0.02392056471588705 0.023920564715896316 0.023920564715896323 1.5524735587394443 0.0 -5.609051880382145e-06 0.0037426986589982215 0.0 0.0
0.0 0.0005639417217165819 0.0 0.5740383483310115 0.0 0.024454083402519502 0.02445408340251951 0.024454083402160213 0.024454083402519478 1.5524735590131056 0.0 -5.609043491552231e-06 0.003742698564094903 0.0 0.0
0.0 0.0004260521705207174 0.0 0.569855517162937 0.0 0.024956216995412586 0.024956216995412582 0.02495621699541258 0.024956216985660844 1.55247355902835 0.0 -5.609038785729802e-06 0.003742698533347569 0.0 0.0
0.0 0.00028874963469278106 0.0 0.5655911833878532 0.0 0.025423463808688186 0.02542346380868818 0.02542346380868726 0.02542346380357225 1.5524735590168637 0.0 -5.60905081007485e-06 0.003742698559979115 0.0 0.0
0.0 0.000152260714859652 0.0 0.561246388577559 0.0 0.025853075175576674 0.02585307517557667 0.025853075175576674 0.025853075175591003 1.5524735590615868 0.0 -5.609079196155744e-06 0.0037426985186055674 0.0 0.0
0.0 1.6934111444766885e-05 0.0 0.5568241850560322 0.0 0.026241305082525767 0.02624130508252512 0.026241305082349575 0.026241305082549248 1.5524735588948966 0.0 -5.602146496185718e-06 0.0037426988862132825 0.0 0.0
0.0 -0.00011730885507493623 0.0 0.5523205878631254 0.0 0.02658789725238969 0.02658789725238991 0.02658789725238969 0.026587897252398546 1.5524735589809484 0.0 -5.609083861624967e-06 0.003742698584712728 0.0 0.0
0.0 -0.00025085823852556585 0.0 0.5477444601595466 0.0 0.026901117478599797 0.026901117478599797 0.026901117478690822 0.026901117478600373 1.5524735588948966 0.0 -5.602146496170474e-06 0.003742698886213284 0.0 0.0
0.0 -0.0003840371376534739 0.0 0.5431136697061337 0.0 0.02719124599144147 0.02719124599144147 0.027191245991438833 0.027191245991438857 1.552473559027545 0.0 -5.6091205992153675e-06 0.0037426985380118677 0.0 0.0
0.0 -0.0005172884896459624 0.0 0.5384440391259335 0.0 0.02746956014619988 0.027469560146199872 0.027469560146144035 0.027469560146046863 1.5524735590099357 0.0 -5.60908032323631e-06 0.003742698566111481 0.0 0.0
0.0 -0.0006511469260286007 0.0 0.5337484048918697 0.0 0.02774758289047651 0.02774758289047651 0.027747582890635707 0.027747582890093256 1.5524735590294532 0.0 -5.6089659524475774e-06 0.0037426986860349693 0.0 0.0
0.0 -0.0007860689167937456 0.0 0.5290435975414796 0.0 0.028037092179702607 0.028037092179702596 0.028037092178216937 0.028037093012029772 1.5524735590274543 0.0 -5.609154357765549e-06 0.003742698533102048 0.0 0.0
0.0 -0.0009226382364448027 0.0 0.5243434257212153 0.0 0.02835061376527882 0.02835061376527882 0.028350613765495976 0.028350613773403192 1.5524735588948966 0.0 -5.60214649617532e-06 0.0037426988862132816 0.0 0.0
0.0 -0.0010612584176999918 0.0 0.5196677298112641 0.0 0.028700180480982867 0.02870018048098454 0.02870018048126351 0.028700180482329342 1.5524735587803438 0.0 -5.608983335300696e-06 0.003742698799357129 0.0 0.0
0.0 -0.0012022592995936045 0.0 0.5150393260104759 0.0 0.02909783182950906 0.029097831829667242 0.029097831829515846 0.02909783182951587 1.5524735590276662 0.0 -5.609180563507715e-06 0.003742698533668794 0.0 0.0
0.0 -0.00134571812659993 0.0 0.5104900470421111 0.0 0.02955512020130844 0.029555120201395123 0.029555120201723555 0.029555120201629075 1.5524735588948966 0.0 -5.602146496122969e-06 0.0037426988862132803 0.0 0.0
0.0 -0.0014915799231990862 0.0 0.5060557528567005 0.0 0.030083105255665033 0.030083105255665037 0.030083105251666395 0.030083105252442212 1.5524735590269423 0.0 -5.6090511599089305e-06 0.003742698535856203 0.0 0.0
0.0 -0.0016393942072608007 0.0 0.5017833039667661 0.0 0.030691113684856604 0.030691113684856604 0.030691113684817115 0.030691113684814933 1.5524735588948966 0.0 -5.602146496182214e-06 0.003742698886213283 0.0 0.0
0.0 -0.0017884395687173037 0.0 0.4977256163821885 0.0 0.031386731665533005 0.03138673166553301 0.03138673166553258 0.03138673166531979 1.5524735590195984 0.0 -5.609082676437182e-06 0.003742698556318013 0.0 0.0
0.0 -0.001937453212830146 0.0 0.4939496273525543 0.0 0.03217481733616825 0.032174817336168234 0.03217481733612766 0.03217481733616824 1.5524735590271366 0.0 -5.609062076939719e-06 0.00374269853886862 0.0 0.0
0.0 -0.002084850512775646 0.0 0.4905273313769074 0.0 0.0330574851972379 0.0330574851972379 0.033057485197265354 0.03305748519723746 1.5524735583789504 0.0 -5.609058125161958e-06 0.0037426987136295075 0.0 0.0
0.0 -0.0022284802520510416 0.0 0.48753979141180676 0.0 0.034032118430466746 0.03403211843046674 0.034032118429761234 0.03403211843070812 1.5524735588948966 0.0 -5.602146496199152e-06 0.003742698886213288 0.0 0.0
0.0 -0.0023658065058535342 0.0 0.4850711436182853 0.0 0.035091845509911145 0.035091845509911145 0.03509184550788074 0.03509184550991113 1.552473558242451 0.0 -5.609091235908212e-06 0.003742698729382164 0.0 0.0
0.0 -0.002493796469459117 0.0 0.48320859659994814 0.0 0.036224057153216166 0.036224057153216166 0.03622405715237176 0.036224057153249486 1.5524735575771218 0.0 -5.609180212991929e-06 0.003742698973333195 0.0 0.0
0.0 -0.002609089391066523 0.0 0.4820324688922262 0.0 0.03740937731523507 0.03740937731523507 0.03740937731432343 0.037409377315583234 1.5524735566580836 0.0 -5.609547162155692e-06 0.003742698868259071 0.0 0.0
0.0 -0.002708112181759027 0.0 0.4816151555593326 0.0 0.03862292509441572 0.038622925094415714 0.03862292509441499 0.038622925094393336 1.5524735589478562 0.0 -5.609718015916424e-06 0.00374269858698156 0.0 0.0
0.0 -0.0027879369151863104 0.0 0.4819960724956102 0.0 0.03983774760376187 0.03983774760376187 0.03983774760376185 0.039837747603788005 1.552473558574711 0.0 -5.609723352286455e-06 0.0037426988418171677 0.0 0.0
0.0 -0.002847513385671015 0.0 0.48313661351017667 0.0 0.04102678281165822 0.04102678281165822 0.041026782811658176 0.041026782811640995 1.552473558301038 0.0 -5.610124490107942e-06 0.0037426987066933016 0.0 0.0
0.0 -0.0028867321696010996 0.0 0.4849651322390791 0.0 0.04216491154431638 0.042164911544316376 0.04216491153922306 0.042164911540227196 1.5524735577601239 0.0 -5.610299772669248e-06 0.0037426987660166017 0.0 0.0
0.0 -0.002906081518618501 0.0 0.4874018978789323 0.0 0.043232503047001186 0.04323250304700118 0.043232503052427394 0.043232503046973694 1.552473557205013 0.0 -5.6102551773809165e-06 0.0037426990019318197 0.0 0.0
0.0 -0.002906715316623491 0.0 0.4903600762508912 0.0 0.04421666667209979 0.044216666672099815 0.04421666667209834 0.04421666667209832 1.5524735574056534 0.0 -5.610440429226003e-06 0.0037426987959137143 0.0 0.0
0.0 -0.00289013871476167 0.0 0.49375574837696823 0.0 0.045110266439116885 0.04511026643911697 0.04511026644013919 0.04511026644544761 1.5524735578772126 0.0 -5.610425762123252e-06 0.003742698750580989 0.0 0.0
0.0 -0.0028580977278688273 0.0 0.49750793270135235 0.0 0.045910421534134604 0.0459104215341346 0.04591042153517587 0.04591042153860144 1.5524735583487217 0.0 -5.61032168181867e-06 0.003742698874357991 0.0 0.0
0.0 -0.0028124718029567497 0.0 0.5015445776016362 0.0 0.046619016248703474 0.046619016248703495 0.04661901624953768 0.04661901624873032 1.5524735589271743 0.0 -5.610421375633288e-06 0.0037426985862879505 0.0 0.0
0.0 -0.0027552225998789446 0.0 0.505798592455916 0.0 0.04724069349639272 0.047240693496392726 0.04724069349639143 0.04724069349639226 1.5524735590316516 0.0 -5.6103979125012704e-06 0.0037426985246802086 0.0 0.0
0.0 -0.002688177596959478 0.0 0.5102168494578684 0.0 0.047782869327880256 0.047782869327880256 0.04778286932788025 0.047782869327880284 1.5524735587325205 0.0 -5.6103396997333175e-06 0.0037426986349177807 0.0 0.0
0.0 -0.0026131490164995963 0.0 0.5147521961781976 0.0 0.04825472166556477 0.04825472166556508 0.04825472166556504 0.048254721665617735 1.5524735590298564 0.0 -5.610187854809652e-06 0.003742698530735671 0.0 0.0
0.0 -0.002531812947933826 0.0 0.5193684600926363 0.0 0.04866719245222066 0.048667192452220655 0.048667192453052746 0.048667192452249486 1.5524735588742904 0.0 -5.6102862479478935e-06 0.0037426986035478107 0.0 0.0
0.0 -0.0024457865509214297 0.0 0.5240334545696682 0.0 0.04903173335115064 0.049031733351150644 0.04903173375353298 0.049031733753508173 1.5524735590303949 0.0 -5.610044823540423e-06 0.0037426985227219656 0.0 0.0
0.0 -0.002356506861696691 0.0 0.5287239987567168 0.0 0.049360308996785465 0.049360308996785965 0.04936030900815481 0.049360309008111954 1.5524735590212058 0.0 -5.61015174908683e-06 0.0037426985438317167 0.0 0.0
0.0 -0.002265339003072628 0.0 0.5334199039613204 0.0 0.04966488854126932 0.04966488854126931 0.049664888540657134 0.04966488854065723 1.5524735587181564 0.0 -5.610131470929326e-06 0.003742698804423876 0.0 0.0
0.0 -0.0021735402713329746 0.0 0.5381069784348033 0.0 0.049957952544505094 0.04995795254455305 0.04995795254455302 0.0499579526074949 1.5524735588948966 0.0 -5.602146496540301e-06 0.003742698886213281 0.0 0.0
0.0 -0.0020823862128008224 0.0 0.54276804017188 0.0 0.050251224606302734 0.0502512246063638 0.050251224606302734 0.05025122463105553 1.5524735590294514 0.0 -5.610083156674047e-06 0.0037426985322381325 0.0 0.0
0.0 -0.0019930350563569527 0.0 0.5473899171239262 0.0 0.05055618587424488 0.05055618587427268 0.05055618587427268 0.05055618587676252 1.5524735588948966 0.0 -5.602146496538349e-06 0.003742698886213283 0.0 0.0
0.0 -0.0019067020944190467 0.0 0.5519564299038018 0.0 0.05088406244348146 0.05088406244348147 0.050884062443385863 0.050884062442450764 1.5524735590338379 0.0 -5.609955937234366e-06 0.0037426985179849124 0.0 0.0
0.0 -0.0018245740396976092 0.0 0.5564494269964111 0.0 0.05124507694560334 0.05124507694560219 0.051245076945193986 0.05124507694519283 1.5524735590299732 0.0 -5.6101539530612865e-06 0.0037426985305840607 0.0 0.0
0.0 -0.0017474756035513912 0.0 0.5608597752002615 0.0 0.051647465894168756 0.05164746589416875 0.05164746589416875 0.05164746589414694 1.5524735587233554 0.0 -5.609863554172689e-06 0.003742698803041951 0.0 0.0
0.0 -0.0016752921340747815 0.0 0.5651914861062461 0.0 0.05209098664700403 0.052090986651041865 0.05209098665145183 0.05209098665163933 1.5524735590313978 0.0 -5.610207783917129e-06 0.003742698520166276 0.0 0.0
0.0 -0.0016078195567181966 0.0 0.5694416086563684 0.0 0.0525718826709593 0.052571882671015674 0.052571882670397946 0.0525718826704236 1.5524735589359533 0.0 -5.610114449961588e-06 0.003742698585896164 0.0 0.0
0.0 -0.0015448794027348547 0.0 0.5736091867440566 0.0 0.053087402828583555 0.05308740282859567 0.053087402835118515 0.05308740268407668 1.552473559030553 0.0 -5.610023889742502e-06 0.0037426985231472734 0.0 0.0
0.0 -0.0014861896599680283 0.0 0.5776952760067161 0.0 0.05363404728196844 0.05363404728196844 0.05363404728199058 0.053634047283421235 1.552473558877053 0.0 -5.610298479266919e-06 0.0037426985998458705 0.0 0.0
0.0 -0.0014315479767450091 0.0 0.5816999122555595 0.0 0.05420906676160239 0.0542090667616024 0.05420906676160239 0.05420906676165367 1.5524735590316268 0.0 -5.610285385002694e-06 0.0037426985250080605 0.0 0.0
0.0 -0.0013806794052815313 0.0 0.5856261401256685 0.0 0.054809713888817356 0.05480971388881736 0.054809713888815954 0.05480971388882919 1.552473558575693 0.0 -5.610296296826249e-06 0.0037426986561817574 0.0 0.0
0.0 -0.0013333147258184623 0.0 0.5894760040352742 0.0 0.05543299430517204 0.05543299430517204 0.05543299430468686 0.055432994304686935 1.5524735588948966 0.0 -5.602146496518963e-06 0.0037426988862132816 0.0 0.0
0.0 -0.0012891929229194106 0.0 0.5932535400011418 0.0 0.05607666151682828 0.05607666151711442 0.05607666151712533 0.05607666151711445 1.5524735590308643 0.0 -5.6100922047536475e-06 0.0037426985217110585 0.0 0.0
0.0 -0.0012480617670589886 0.0 0.5969607911921055 0.0 0.05673796913205395 0.05673796913206902 0.05673796913205687 0.056737969132069195 1.5524735588948966 0.0 -5.602146496524759e-06 0.0037426988862132864 0.0 0.0
0.0 -0.0012096308383784992 0.0 0.6006037870526377 0.0 0.05741492650872997 0.05741492650872992 0.05741492651143111 0.05741492651140959 1.5524735588948966 0.0 -5.602146496519394e-06 0.0037426988862132816 0.0 0.0
0.0 -0.0011736197144678164 0.0 0.6041865684246597 0.0 0.058105039678597196 0.05810503967859289 0.05810503967743004 0.05810503972578525 1.5524735590323901 0.0 -5.610318224472403e-06 0.0037426985176240955 0.0 0.0
0.0 -0.00113976559097453 0.0 0.6077131661133334 0.0 0.05880606353631162 0.05880606353631163 0.05880606353631302 0.05880606353324841 1.5524735585064078 0.0 -5.609769726139984e-06 0.003742698668187741 0.0 0.0
0.0 -0.0011078199205923533 0.0 0.6111886126977626 0.0 0.05951625920642503 0.05951625920642503 0.05951625920642633 0.059516259206425046 1.5524735589509537 0.0 -5.610309899673057e-06 0.003742698575109632 0.0 0.0
0.0 -0.001077485171303743 0.0 0.6146199322148872 0.0 0.060233884570758636 0.06023388457075863 0.06023388457083054 0.06023388457045386 1.5524735590303989 0.0 -5.610223478792799e-06 0.0037426985292309837 0.0 0.0
0.0 -0.0010484991958640418 0.0 0.6180111633042219 0.0 0.060956694172414005 0.06095669417241401 0.06095669417281245 0.06095669417241415 1.552473557856518 0.0 -5.610320503850099e-06 0.003742698729823121 0.0 0.0
0.0 -0.0010206133769085474 0.0 0.6213673302643429 0.0 0.061682952140644856 0.061682952140644856 0.06168295214103119 0.06168295214342841 1.5524735587329697 0.0 -5.610265168451374e-06 0.0037426986255392086 0.0 0.0
0.0 -0.0009935908697476783 0.0 0.6246944549308423 0.0 0.0624114127566654 0.062411412756665396 0.06241141275668623 0.06241141275666647 1.5524735589982557 0.0 -5.610175877496576e-06 0.003742698557164391 0.0 0.0
0.0 -0.0009671216031904931 0.0 0.6279985750078562 0.0 0.06313983604309759 0.06313983604309759 0.06313983604304699 0.06313983604299184 1.5524735590325427 0.0 -5.610299550208025e-06 0.003742698519686082 0.0 0.0
0.0 -0.0009410356494160715 0.0 0.6312837027950088 0.0 0.06386722693115388 0.06386722693115388 0.06386722693115386 0.06386722693115388 1.552473558138777 0.0 -5.61026002523013e-06 0.0037426986994436653 0.0 0.0
