0.0 0.0026272694683396247 0.0 0.6266715802272184 0.0 0.013656808752060191 0.013656808752060238 0.013656808766433085 0.013656808766754907 1.5524735603950346 0.0 -5.602150500863044e-06 0.0037426988862077396 0.0 0.0
0.0 0.0025130427852189767 0.0 0.621343891631397 0.0 0.013458516897196836 0.013458516897196833 0.013458516897181447 0.013458516897181375 1.55247357692058 0.0 -5.609197360718663e-06 0.0037426981898159694 0.0 0.0
0.0 0.0023990444809200906 0.0 0.6160490892046351 0.0 0.013267962100015266 0.013267962100015263 0.013267962100001706 0.013267962100059032 1.5524735590270022 0.0 -5.6090692934420035e-06 0.003742698542297342 0.0 0.0
0.0 0.002285027243723724 0.0 0.6107871335624931 0.0 0.013088496837653138 0.013088496837648816 0.013088496837623498 0.013088496840553954 1.5524735588886218 0.0 -5.6090182584830976e-06 0.003742698726014068 0.0 0.0
0.0 0.0021707244937851098 0.0 0.6055559771004031 0.0 0.0129230834762731 0.012923083476273469 0.01292308347623015 0.012923083475680676 1.5524735590559957 0.0 -5.6091520682102715e-06 0.0037426985232731818 0.0 0.0
0.0 0.0020559576941551047 0.0 0.6003565787573483 0.0 0.012774475357361115 0.012774475357361115 0.012774475357353036 0.012774475356485654 1.5524735596740415 0.0 -5.60912241733806e-06 0.0037426986570386713 0.0 0.0
0.0 0.0019405183935348967 0.0 0.5951878985762303 0.0 0.012645173037035131 0.012645173037035136 0.012645173037120554 0.01264517303605653 1.5524735622810788 0.0 -5.608660183483379e-06 0.0037426983992827003 0.0 0.0
0.0 0.0018242295806152739 0.0 0.5900508958035945 0.0 0.012537914504720759 0.012537914504720764 0.012537914504714337 0.0125379145047144 1.5524735588949192 0.0 -5.602146496219937e-06 0.003742698886213157 0.0 0.0
0.0 0.0017069713423219556 0.0 0.5849475473977851 0.0 0.012454970342194935 0.012454970342177222 0.01245497034217723 0.012454970350454252 1.552473559017386 0.0 -5.609124234981128e-06 0.0037426985592991114 0.0 0.0
0.0 0.0015886090718320114 0.0 0.5798798042561093 0.0 0.012398837952377376 0.01239883795194767 0.012398837951947666 0.012398837962985878 1.552473559022255 0.0 -5.609142344155282e-06 0.0037426985526025115 0.0 0.0
0.0 0.0014690432404451943 0.0 0.5748496410466181 0.0 0.012371520828988226 0.012371520828967737 0.01237152082850306 0.012371520841765186 1.5524735590239427 0.0 -5.609155767994227e-06 0.003742698549601106 0.0 0.0
0.0 0.0013481802837873875 0.0 0.569860024889112 0.0 0.012375274125452066 0.012375274125431615 0.012375274125431844 0.012375274138128287 1.5524735590237584 0.0 -5.609162398464339e-06 0.0037426985498876836 0.0 0.0
0.0 0.0012260254707857242 0.0 0.5649159353743812 0.0 0.012411666993869985 0.012411666993869972 0.012411666993863348 0.012411666993259499 1.552473590171486 0.0 -5.609223420885762e-06 0.0037426980977142642 0.0 0.0
0.0 0.0011025328562444658 0.0 0.5600203455873128 0.0 0.01248230920477901 0.01248230920477903 0.012482309204773051 0.012482309204219782 1.5524735781631254 0.0 -5.609183913264182e-06 0.0037426981924424075 0.0 0.0
0.0 0.0009777126746537605 0.0 0.555179231786897 0.0 0.0125890310744616 0.012589031074448196 0.01258903107444835 0.012589031079007676 1.5524735589951428 0.0 -5.609133049101935e-06 0.0037426985780479502 0.0 0.0
0.0 0.0008516261215000099 0.0 0.5503975847211593 0.0 0.012732642069074677 0.012732642069064014 0.012732642069120257 0.012732642071039166 1.5524735589448357 0.0 -5.6091121050785636e-06 0.00374269860404146 0.0 0.0
0.0 0.0007243154648038028 0.0 0.5456823797780794 0.0 0.012914866598570425 0.012914866598570421 0.01291486659855384 0.012914866598563963 1.5524735589182324 0.0 -5.608997798859058e-06 0.0037426987148103485 0.0 0.0
0.0 0.000595912318240457 0.0 0.541040613265993 0.0 0.013136215434437323 0.01313621543443733 0.013136215434387692 0.01313621543438447 1.5524735590278287 0.0 -5.6091732538981055e-06 0.003742698534164423 0.0 0.0
0.0 0.0004665057406168127 0.0 0.5364782718952841 0.0 0.013397448571267512 0.013397448571267814 0.013397448571253941 0.013397448570931295 1.5524735588818843 0.0 -5.6090243590271855e-06 0.0037426987455216 0.0 0.0
0.0 0.0003362567049660647 0.0 0.5320043492643974 0.0 0.01369933438322513 0.013699334383225141 0.01369933438322581 0.013699334383225797 1.5524735608405806 0.0 -5.608996470792753e-06 0.0037426986147199226 0.0 0.0
0.0 0.00020669895013236184 0.0 0.5276719141571602 0.0 0.014038445858034966 0.014038445858042491 0.01403844584859241 0.014038445848592443 1.5524735590272245 0.0 -5.609098074125854e-06 0.003742698533923476 0.0 0.0
0.0 7.913517602816963e-05 0.0 0.5235260231779977 0.0 0.014411866109135484 0.014411866109135495 0.014411866109405057 0.014411866109124821 1.5524735590208523 0.0 -5.609118915204174e-06 0.003742698554973484 0.0 0.0
0.0 -4.675428000537089e-05 0.0 0.5195556617953441 0.0 0.014820324395585902 0.014820324395585905 0.01482032439570368 0.014820324395703917 1.5524735593097398 0.0 -5.609113999333214e-06 0.0037426984938026277 0.0 0.0
0.0 -0.00017112074687720895 0.0 0.5157568176272999 0.0 0.01526456274673072 0.015264562746730154 0.015264562746786475 0.015264562746800025 1.5524735590267753 0.0 -5.609098813682924e-06 0.0037426985422710796 0.0 0.0
0.0 -0.00029424885869331106 0.0 0.5121214697103952 0.0 0.0157458199684027 0.015745819968402703 0.015745819968404108 0.01574581996840477 1.5524735587894891 0.0 -5.608992450754449e-06 0.0037426988001801084 0.0 0.0
0.0 -0.00041630824240698766 0.0 0.5086455995805963 0.0 0.01626508984078185 0.01626508984078185 0.01626508983613957 0.016265089836143002 1.5524735588948966 0.0 -5.602146496209822e-06 0.0037426988862132825 0.0 0.0
0.0 -0.0005374583089807759 0.0 0.5053271925872598 0.0 0.016823868547642937 0.016823868547642933 0.01682386854766922 0.016823868547669103 1.552473558879414 0.0 -5.609083234489661e-06 0.003742698626663711 0.0 0.0
0.0 -0.0006578936918397158 0.0 0.5021642088152889 0.0 0.017424154152031662 0.017424154152031614 0.01742415415181983 0.01742415415061898 1.5524735590191583 0.0 -5.609134616932883e-06 0.0037426985574151657 0.0 0.0
0.0 -0.0007776525881906774 0.0 0.4991596284671428 0.0 0.018067450904981047 0.018067450904981595 0.018067450905169976 0.018067450905169747 1.5524735588948966 0.0 -5.602146496226063e-06 0.003742698886213282 0.0 0.0
0.0 -0.0008968366891659281 0.0 0.4963184141039295 0.0 0.01875676736196779 0.018756767361967786 0.01875676736170464 0.018756767361702554 1.5524735589189658 0.0 -5.609152914076956e-06 0.0037426986125666706 0.0 0.0
0.0 -0.0010154127133031867 0.0 0.4936495241059844 0.0 0.019494618864773387 0.019494618864773397 0.019494618864470896 0.01949461886476804 1.5524735590101766 0.0 -5.6092001984428454e-06 0.003742698565921825 0.0 0.0
0.0 -0.001133252330977823 0.0 0.49116592733577463 0.0 0.02028352614106006 0.020283526141060073 0.020283526140795153 0.020283526144019473 1.5524735590261913 0.0 -5.609124286238914e-06 0.003742698544418911 0.0 0.0
0.0 -0.0012500953146201627 0.0 0.48888758389174525 0.0 0.02112652069203349 0.02112652069203349 0.021126520691629767 0.021126520691029688 1.5524735584296132 0.0 -5.609245146221716e-06 0.0037426987151456407 0.0 0.0
0.0 -0.0013654818566108944 0.0 0.48684046618828525 0.0 0.022025897975112795 0.022025897975112795 0.022025897974681904 0.022025897974681796 1.5524735588948966 0.0 -5.602146496238494e-06 0.003742698886213289 0.0 0.0
0.0 -0.0014788195198684071 0.0 0.4850545604580233 0.0 0.02298345297565131 0.022983452975651308 0.02298345297565131 0.022983452976131736 1.5524735588948966 0.0 -5.602146496251206e-06 0.003742698886213289 0.0 0.0
0.0 -0.0015892140554243902 0.0 0.4835708597468551 0.0 0.02400050197137862 0.02400050197137862 0.024000501971358737 0.024000501971359927 1.552473558482764 0.0 -5.60931201851448e-06 0.0037426988707401545 0.0 0.0
0.0 -0.0016954917805541796 0.0 0.4824373777225088 0.0 0.025076873199017566 0.025076873199017566 0.02507687319958469 0.02507687319903828 1.5524735584757223 0.0 -5.609361935162769e-06 0.0037426987036789324 0.0 0.0
0.0 -0.001796030995425864 0.0 0.48171317473264624 0.0 0.02620990988314892 0.02620990988314892 0.026209909883130898 0.026209909880578308 1.5524735581150297 0.0 -5.609771228063447e-06 0.0037426987488454085 0.0 0.0
0.0 -0.0018888571521447788 0.0 0.48146434826424334 0.0 0.027394466720398317 0.02739446672039832 0.027394466720398327 0.027394466720398337 1.5524735573457085 0.0 -5.609697741080266e-06 0.003742698828902131 0.0 0.0
0.0 -0.0019715091046216887 0.0 0.48176505863847036 0.0 0.028621416396481296 0.0286214163964813 0.028621416397075453 0.028621416400764238 1.5524735589720986 0.0 -5.61004778318623e-06 0.0037426985748841325 0.0 0.0
0.0 -0.002043061115460337 0.0 0.48272996400516127 0.0 0.029915938823272578 0.029915938823254565 0.02991593882394374 0.029915938823943743 1.5524735587084622 0.0 -5.610039459165301e-06 0.0037426986503276785 0.0 0.0
0.0 -0.002100336643608285 0.0 0.4845010568886314 0.0 0.03128151437718046 0.03128151437718046 0.03128151437793572 0.03128151437716595 1.552473557696541 0.0 -5.610226428222142e-06 0.003742698787755502 0.0 0.0
0.0 -0.0021377166186877725 0.0 0.48716110260498746 0.0 0.032668764629574375 0.032668764629574375 0.032668764629574104 0.032668764629592055 1.5524735547738733 0.0 -5.609918161343281e-06 0.0037426989852180907 0.0 0.0
0.0 -0.00215081306107923 0.0 0.49073488365374 0.0 0.03402598735352039 0.034025987353520394 0.03402598735352031 0.034025987349232616 1.5524735584484906 0.0 -5.610449760853447e-06 0.0037426986923925773 0.0 0.0
0.0 -0.002136893724794685 0.0 0.49518811734726065 0.0 0.03530459658365577 0.03530459658365576 0.03530459658821201 0.03530459658371355 1.5524735574113935 0.0 -5.610399098783232e-06 0.0037426988098261706 0.0 0.0
0.0 -0.0020949586218765265 0.0 0.5004344054929565 0.0 0.0364624557893642 0.036462455789364204 0.03646245578936419 0.03646245578946161 1.552473556364594 0.0 -5.6099998137838e-06 0.0037426988903373056 0.0 0.0
0.0 -0.002025766745177153 0.0 0.5063461921129082 0.0 0.037467862162114784 0.037467862162114784 0.037467862161521384 0.037467862162172294 1.5524735588948966 0.0 -5.6021464965310365e-06 0.0037426988862132816 0.0 0.0
0.0 -0.0019315256728966632 0.0 0.5127707241567913 0.0 0.03830055502190923 0.03830055502190923 0.038300555021493675 0.03830055502180824 1.5524735588948966 0.0 -5.6021464964836755e-06 0.003742698886213285 0.0 0.0
0.0 -0.0018156103894736721 0.0 0.5195440637180018 0.0 0.03895252440970936 0.038952524409709366 0.03895252440901093 0.03895252440968215 1.552473558523402 0.0 -5.609051745110997e-06 0.003742698686355128 0.0 0.0
0.0 -0.0016820660170749748 0.0 0.5265071384712902 0.0 0.03942651865186347 0.03942651865186346 0.03942651865186297 0.03942651865286853 1.5524735590113683 0.0 -5.609011061450401e-06 0.003742698563029918 0.0 0.0
0.0 -0.001535488808802689 0.0 0.5335077039094798 0.0 0.03973504328301251 0.039735043283012514 0.0397350432830111 0.039735043282765815 1.552473559101964 0.0 -5.608928738104574e-06 0.0037426985028982483 0.0 0.0
0.0 -0.0013804113959164264 0.0 0.5404144421918792 0.0 0.039896641533206115 0.0398966415332061 0.0398966415332061 0.039896641533131647 1.5524735590319136 0.0 -5.6089556809861075e-06 0.003742698529269278 0.0 0.0
0.0 -0.0012213195355704148 0.0 0.5471139697652599 0.0 0.039935136242436026 0.039935136242436026 0.03993513624242676 0.039935136233341224 1.5524735588948966 0.0 -5.6021464953814044e-06 0.003742698886213284 0.0 0.0
0.0 -0.0010624213688232352 0.0 0.5535098419954801 0.0 0.03987612726646605 0.039876127266466034 0.03987612726646605 0.03987612726646606 1.5524735590341923 0.0 -5.608699627964047e-06 0.003742698529468965 0.0 0.0
0.0 -0.0009074696013483051 0.0 0.5595236934640656 0.0 0.03974499344201074 0.03974499344201074 0.03974499344200832 0.039744993441908225 1.5524735590942849 0.0 -5.609589211918751e-06 0.0037426984975368954 0.0 0.0
0.0 -0.0007599850619572231 0.0 0.565086103239362 0.0 0.03956687837317578 0.039566878373175775 0.03956687837317378 0.039566878373175775 1.5524735594304968 0.0 -5.609846528823202e-06 0.0037426984403618187 0.0 0.0
0.0 -0.0006230796045484785 0.0 0.5701347257761177 0.0 0.0393636839940557 0.03936368399405688 0.03936368399405642 0.039363683994699215 1.5524735590222936 0.0 -5.609796974688318e-06 0.0037426985463368 0.0 0.0
0.0 -0.0004994887845584778 0.0 0.5746152579262037 0.0 0.03915482887945365 0.03915482887945366 0.03915482887946073 0.039154828882207345 1.5524735590308474 0.0 -5.610054298864798e-06 0.0037426985246848824 0.0 0.0
0.0 -0.00039184167892544427 0.0 0.5784694301807618 0.0 0.03895697173456101 0.038956971734561016 0.03895697173454726 0.03895697173355378 1.55247355888786 0.0 -5.610262327589185e-06 0.0037426987163295972 0.0 0.0
0.0 -0.0003023890619370503 0.0 0.5816440239540451 0.0 0.038783279599748616 0.038783279599748616 0.03878327959967138 0.03878327959967096 1.5524735588948966 0.0 -5.602146496530259e-06 0.003742698886213281 0.0 0.0
0.0 -0.00022383906422657348 0.0 0.5844102822718097 0.0 0.03862368595628131 0.03862368595628131 0.03862368595627873 0.03862368595632263 1.5524735592905166 0.0 -5.610374695172454e-06 0.0037426984453355077 0.0 0.0
0.0 -0.0001471971259598466 0.0 0.5870766101902342 0.0 0.03845717990148191 0.03845717990148192 0.03845717990148191 0.03845717990148189 1.5524735590111722 0.0 -5.610392218346176e-06 0.0037426985495702626 0.0 0.0
0.0 -7.234165732528706e-05 0.0 0.5896320868103293 0.0 0.038278494608298144 0.03827849460829823 0.03827849460831614 0.038278494608298116 1.5524735590314087 0.0 -5.610392322075362e-06 0.0037426985253231617 0.0 0.0
0.0 8.464929879509549e-07 0.0 0.5920717583985257 0.0 0.038084370969189506 0.03808437096918861 0.038084370969188604 0.03808437096921542 1.5524735590332064 0.0 -5.6103467438114204e-06 0.0037426985130801977 0.0 0.0
0.0 7.225038298860256e-05 0.0 0.5943846493673746 0.0 0.037872791060114444 0.03787279106011444 0.037872791060188885 0.03787279106011443 1.5524735588948966 0.0 -5.602146496483666e-06 0.0037426988862132846 0.0 0.0
0.0 0.00014177976720348447 0.0 0.5965647761952007 0.0 0.0376429956323483 0.0376429956323483 0.0376429956323483 0.03764299563235735 1.552473559261363 0.0 -5.610386367837703e-06 0.0037426984508199907 0.0 0.0
0.0 0.0002092431774063412 0.0 0.5986041302924746 0.0 0.037394973518046416 0.03739497351804641 0.03739497351816407 0.03739497351806143 1.5524735605892255 0.0 -5.610277306427518e-06 0.003742698339309614 0.0 0.0
0.0 0.0002743566851098914 0.0 0.6004946898009178 0.0 0.03712995433333937 0.03712995433334017 0.03712995433334016 0.03712995433335095 1.5524735588948966 0.0 -5.602146496465993e-06 0.0037426988862132816 0.0 0.0
0.0 0.00033679001519322375 0.0 0.6022304227947763 0.0 0.03685043750713499 0.03685043750713499 0.03685043750713499 0.03685043750713077 1.5524735588984215 0.0 -5.6102699091061556e-06 0.0037426987041102654 0.0 0.0
0.0 0.0003963361788302046 0.0 0.6038102847808752 0.0 0.03655891972785212 0.03655891972785212 0.03655891972785472 0.03655891972783745 1.5524735595542483 0.0 -5.610315387235976e-06 0.0037426984162356224 0.0 0.0
0.0 0.0004526226547783171 0.0 0.6052302203372995 0.0 0.03625914217319943 0.03625914217319942 0.036259142173423096 0.03625914217403849 1.5524735590321825 0.0 -5.610215214109658e-06 0.0037426985231242644 0.0 0.0
0.0 0.0005054210782461177 0.0 0.6064921740151278 0.0 0.03595486161229615 0.03595486161229615 0.035954861612411855 0.035954861607473645 1.5524735588878233 0.0 -5.610170087479239e-06 0.0037426987147468195 0.0 0.0
0.0 0.0005545093811388962 0.0 0.6075990843665996 0.0 0.035650082468522415 0.035650082468522415 0.035650082468522415 0.035650082472660674 1.5524735588948966 0.0 -5.602146496471582e-06 0.0037426988862132777 0.0 0.0
0.0 0.0005996990079513708 0.0 0.6085568925732496 0.0 0.03534931968196721 0.03534931968196721 0.03534931968225746 0.035349319685784274 1.552473561411151 0.0 -5.610055780343908e-06 0.003742698305952593 0.0 0.0
0.0 0.0006409271784071577 0.0 0.6093735393912703 0.0 0.03505607269010338 0.035056072690103336 0.03505607269015147 0.035056072690111656 1.5524735588948966 0.0 -5.602146496397414e-06 0.0037426988862132846 0.0 0.0
0.0 0.0006780947452601238 0.0 0.610057972779338 0.0 0.03477462060599317 0.034774620605993005 0.03477462060630398 0.034774620605977136 1.5524735590927479 0.0 -5.610181218298555e-06 0.0037426984853986918 0.0 0.0
0.0 0.0007112580198055966 0.0 0.6106231370808021 0.0 0.034508481542954154 0.03450848154295416 0.03450848154329227 0.03450848154293535 1.5524735599343586 0.0 -5.61007536179956e-06 0.003742698390055552 0.0 0.0
0.0 0.0007405031486062596 0.0 0.6110809968698512 0.0 0.034260420275984575 0.034260420275984575 0.03426042027952222 0.03426042027598458 1.5524735590312095 0.0 -5.609934818991767e-06 0.0037426985266593824 0.0 0.0
0.0 0.0007659034296263797 0.0 0.6114445052306957 0.0 0.034033713261746236 0.0340337132617463 0.03403371321925329 0.03403371326174942 1.5524735588948966 0.0 -5.6021464964171335e-06 0.003742698886213282 0.0 0.0
0.0 0.0007876289442651969 0.0 0.6117276388390167 0.0 0.033830631604651766 0.033830631604651766 0.03383063160749825 0.033830631604651405 1.5524735590592376 0.0 -5.610106093051047e-06 0.0037426984973998175 0.0 0.0
0.0 0.0008062739138611204 0.0 0.6119474333518753 0.0 0.03364870258187922 0.033648702581879325 0.03364870258486363 0.03364870258188026 1.5524735593206531 0.0 -5.609898774396345e-06 0.003742698451232646 0.0 0.0
0.0 0.0008225061712730786 0.0 0.6121179627609588 0.0 0.03348344873080328 0.033483448730803285 0.033483448734076104 0.03348344873080056 1.55247356020737 0.0 -5.609942552443057e-06 0.0037426983764556397 0.0 0.0
0.0 0.0008367069189879238 0.0 0.6122512491002575 0.0 0.03333363386632961 0.03333363386632961 0.0333336338663296 0.033333633863202684 1.5524735588824348 0.0 -5.609887742452567e-06 0.0037426987347945087 0.0 0.0
0.0 0.0008491063659495995 0.0 0.6123523164112856 0.0 0.03319777212058218 0.03319777212058218 0.033197772120582184 0.03319777211792216 1.5524735590325058 0.0 -5.610011268808039e-06 0.0037426985206164896 0.0 0.0
0.0 0.0008600445357394909 0.0 0.6124291968782195 0.0 0.03307387367617305 0.03307387367617419 0.03307387367617419 0.0330738736772901 1.5524735590325327 0.0 -5.610031867642364e-06 0.0037426985152479685 0.0 0.0
0.0 0.0008697281280205605 0.0 0.6124859141685204 0.0 0.03296044474770604 0.03296044474770605 0.03296044474785243 0.032960444747418355 1.5524735590329162 0.0 -5.610046920642849e-06 0.003742698513420815 0.0 0.0
0.0 0.000878443160951393 0.0 0.6125275034556855 0.0 0.032855243043067466 0.032855243043067466 0.03285524304306747 0.032855243040608065 1.552473559050548 0.0 -5.61005752374401e-06 0.003742698501913049 0.0 0.0
0.0 0.0008863850716756126 0.0 0.6125559952096286 0.0 0.032756271538089535 0.032756271538089535 0.032756271538089535 0.03275627153595368 1.552473559120497 0.0 -5.609793183281852e-06 0.0037426984861646134 0.0 0.0
0.0 0.0008937549136067701 0.0 0.6125744167054301 0.0 0.03266178489702448 0.03266178489702448 0.03266178489702133 0.0326617848948642 1.552473559305012 0.0 -5.609798007874563e-06 0.0037426984566768526 0.0 0.0
0.0 0.0009007000335671098 0.0 0.6125827978160718 0.0 0.03256978288938055 0.03256978288938054 0.03256978288938055 0.03256978288721088 1.5524735594966408 0.0 -5.609711350706143e-06 0.0037426986199711712 0.0 0.0
0.0 0.0009074528063105503 0.0 0.6125831766473689 0.0 0.03247776619379379 0.03247776619379385 0.0324777661937727 0.03247776619379378 1.5524735590090888 0.0 -5.60980525988558e-06 0.003742698555639293 0.0 0.0
0.0 0.0009141122424277812 0.0 0.6125735825594587 0.0 0.032383734398509854 0.03238373439850984 0.03238373439849367 0.0323837343985098 1.5524735590234222 0.0 -5.609802018796177e-06 0.0037426985422072067 0.0 0.0
0.0 0.0009208066760052188 0.0 0.6125540418860459 0.0 0.0322859444422149 0.0322859444422148 0.032285944442217614 0.03228594444010527 1.5524735633721685 0.0 -5.609795762174572e-06 0.003742698251354422 0.0 0.0
0.0 0.0009276500600649744 0.0 0.612521590971597 0.0 0.03218186577756535 0.032181865777565356 0.03218186577754761 0.03218186577756536 1.5524735590313716 0.0 -5.609786124461473e-06 0.0037426985240398528 0.0 0.0
0.0 0.0009346787379291801 0.0 0.6124732516998229 0.0 0.03207001873929739 0.03207001873929739 0.03207001873929208 0.032070018739297365 1.552473559031138 0.0 -5.6097716244964964e-06 0.0037426985202776283 0.0 0.0
0.0 0.0009419203938687362 0.0 0.6124040525804634 0.0 0.03194838655849619 0.03194838655849619 0.031948386558519386 0.03194838655857001 1.5524735590336127 0.0 -5.610027003915213e-06 0.0037426985129253385 0.0 0.0
0.0 0.000949378014145987 0.0 0.6123080217234621 0.0 0.03181495938070881 0.03181495938070881 0.03181495938070458 0.03181495938070443 1.5524735590725873 0.0 -5.610000242626498e-06 0.003742698494773949 0.0 0.0
0.0 0.0009569696252864589 0.0 0.6121771793551612 0.0 0.03166822440913278 0.03166822440913278 0.03166822440913278 0.03166822440913255 1.552473559140236 0.0 -5.60987104227766e-06 0.0037426986552338707 0.0 0.0
0.0 0.0009645225301519338 0.0 0.6120005411554783 0.0 0.03150691488336114 0.03150691488336114 0.03150691488336113 0.03150691488336102 1.5524735602067468 0.0 -5.6099166213128215e-06 0.0037426983814820834 0.0 0.0
0.0 0.0009717797279009922 0.0 0.6117651144639193 0.0 0.031330254366659815 0.031330254366659815 0.03133025436665966 0.03133025436663885 1.5524735590281327 0.0 -5.609857573960636e-06 0.0037426985345663183 0.0 0.0
0.0 0.0009783982388044048 0.0 0.6114558987698271 0.0 0.031137975135932562 0.0311379751359322 0.031137975135919187 0.031137975135917106 1.552473559031285 0.0 -5.609767749675419e-06 0.0037426985222972758 0.0 0.0
0.0 0.0009839253259623284 0.0 0.6110578709782575 0.0 0.030931301024910596 0.03093130102491034 0.030931301024910592 0.03093130102489913 1.552473558889352 0.0 -5.609839684356328e-06 0.0037426987146308485 0.0 0.0
0.0 0.000987851255116829 0.0 0.6105589827201137 0.0 0.030713213627743947 0.03071321362774383 0.030713213627740422 0.03071321362772106 1.5524735592141359 0.0 -5.609796308182852e-06 0.003742698470925517 0.0 0.0
0.0 0.000989636603092108 0.0 0.6099451886011108 0.0 0.030486442605985712 0.030486442605985712 0.030486442605985712 0.030486442605966863 1.5524735603163147 0.0 -5.6095182635762265e-06 0.0037426985744609268 0.0 0.0
0.0 0.0009887409782488024 0.0 0.6092054293800896 0.0 0.03025471362227137 0.03025471362227134 0.030254713621916986 0.03025471362227139 1.5524735590299863 0.0 -5.609691078098305e-06 0.003742698531039309 0.0 0.0
0.0 0.0009846342611878887 0.0 0.6083306386664294 0.0 0.030022270856386896 0.030022270856458057 0.03002227086492537 0.03002227085667158 1.5524735590307852 0.0 -5.609729421438499e-06 0.0037426985209068515 0.0 0.0
0.0 0.000976769034674212 0.0 0.607311744297637 0.0 0.02979359777343847 0.029793597773438468 0.029793597773438665 0.02979359777343846 1.5524735588948966 0.0 -5.602146496342079e-06 0.003742698886213284 0.0 0.0
0.0 0.000964697973543002 0.0 0.6061446802307477 0.0 0.029573440217251633 0.029573440217251636 0.029573440216810624 0.02957344021725451 1.5524735596652797 0.0 -5.609580360749401e-06 0.0037426986143384256 0.0 0.0
0.0 0.0009480060731427676 0.0 0.6048273646255373 0.0 0.029366791174960664 0.029366791174972994 0.029366791174547473 0.029366791174547872 1.552473559024014 0.0 -5.6095651543807795e-06 0.0037426985448536973 0.0 0.0
0.0 0.000926379600731992 0.0 0.6033597358558426 0.0 0.029177905836414417 0.02917790583642559 0.029177905836132934 0.029177905836132938 1.552473559028824 0.0 -5.6094046706392086e-06 0.0037426985329787788 0.0 0.0
0.0 0.0008995465756150216 0.0 0.6017457202740579 0.0 0.02901178984017637 0.029011789840192318 0.029011789841605785 0.029011789841801684 1.5524735590294783 0.0 -5.6095342426654805e-06 0.0037426985257996296 0.0 0.0
0.0 0.0008674063252059542 0.0 0.5999902741492212 0.0 0.02887145170170739 0.028871451701716646 0.02887145170138472 0.02887145170138735 1.5524735590454997 0.0 -5.609311186917292e-06 0.003742698520100903 0.0 0.0
0.0 0.0008299175174391086 0.0 0.5981023477321769 0.0 0.028760406507979515 0.028760406507995218 0.02876040650761886 0.028760406507618852 1.55247355914722 0.0 -5.609335705600898e-06 0.0037426984949620085 0.0 0.0
0.0 0.0007871677723457259 0.0 0.5960909173675207 0.0 0.028680418989055004 0.028680418989065374 0.0286804189886903 0.028680418988690285 1.552473559349066 0.0 -5.6093312077057996e-06 0.003742698468697667 0.0 0.0
0.0 0.0007393070893517479 0.0 0.5939629813272708 0.0 0.028631750232604513 0.028631750232617655 0.0286317502322536 0.0286317502322536 1.5524735595608143 0.0 -5.6092997848519244e-06 0.00374269844993669 0.0 0.0
0.0 0.0006865765046777471 0.0 0.5917285404588936 0.0 0.028614414797419628 0.028614414797432926 0.028614414797432926 0.028614414797432937 1.5524735588948968 0.0 -5.602146496257124e-06 0.0037426988862132747 0.0 0.0
0.0 0.0006292920240988899 0.0 0.589391646916805 0.0 0.028625421022307702 0.028625421022307695 0.028625421021961597 0.02862542102147623 1.5524735590382646 0.0 -5.608767549080573e-06 0.0037426985936078777 0.0 0.0
0.0 0.0005678326880287825 0.0 0.5869573486699069 0.0 0.02866127649876183 0.028661276498761833 0.028661276498465817 0.02866127649846581 1.5524735594241585 0.0 -5.609294225686532e-06 0.0037426984620967958 0.0 0.0
0.0 0.0005026404174275987 0.0 0.584425737618063 0.0 0.028715977989822897 0.028715977989822904 0.0287159779898229 0.028715977989830038 1.552473559078174 0.0 -5.609096970904525e-06 0.0037426986771712484 0.0 0.0
0.0 0.0004342136998824793 0.0 0.5817939288449 0.0 0.028781770983965258 0.028781770983965255 0.028781770983636986 0.02878177098363698 1.55247355917299 0.0 -5.6088305048899615e-06 0.003742698507169332 0.0 0.0
0.0 0.00035669122476608337 0.0 0.5788128774531794 0.0 0.028856505957689755 0.02885650595768975 0.028856505957483538 0.028856505957483545 1.5524735590512104 0.0 -5.609088122612811e-06 0.00374269852165772 0.0 0.0
0.0 0.00026443054021794423 0.0 0.5752624481307805 0.0 0.028944580687483366 0.028944580687483366 0.028944580687350122 0.028944580687350122 1.5524735590287293 0.0 -5.6090386929911465e-06 0.003742698533158874 0.0 0.0
0.0 0.00015819996491217778 0.0 0.5711776357774958 0.0 0.029047051463250553 0.029047051463250546 0.0290470514629576 0.0290470514666321 1.5524735590268401 0.0 -5.609035008545521e-06 0.003742698535548941 0.0 0.0
0.0 3.8685604721629745e-05 0.0 0.5665983965303828 0.0 0.02916773294847698 0.029167732948476983 0.029167732950407987 0.029167732948310748 1.5524735588884073 0.0 -5.608951114592105e-06 0.0037426987299717094 0.0 0.0
0.0 -9.360328105685157e-05 0.0 0.561562654396397 0.0 0.02931218692112146 0.02931218692112148 0.029312186921800418 0.029312186921119796 1.5524735588948966 0.0 -5.6021464961532895e-06 0.0037426988862132846 0.0 0.0
0.0 -0.00023829591774800237 0.0 0.5561133011940722 0.0 0.029489483669316776 0.029489483669316776 0.029489483669271142 0.029489483669271142 1.5524735590061791 0.0 -5.6093692503276816e-06 0.0037426985657798453 0.0 0.0
0.0 -0.000395187332491458 0.0 0.5502961486987797 0.0 0.029711949220825724 0.02971194922082573 0.029711949220835445 0.029711949220835455 1.55247355907244 0.0 -5.6092257984465975e-06 0.0037426986756184917 0.0 0.0
0.0 -0.0005641485094225836 0.0 0.5441600061701476 0.0 0.029993913170342532 0.029993913170342522 0.02999391317034253 0.029993913170342505 1.55247355902834 0.0 -5.609385358229898e-06 0.0037426985296605663 0.0 0.0
0.0 -0.0007451044077028262 0.0 0.5377636170731971 0.0 0.030353723949011334 0.030353723949011337 0.030353723948130698 0.030353723947962843 1.5524735590245713 0.0 -5.609607356943974e-06 0.0037426985453082188 0.0 0.0
0.0 -0.0009377705139518742 0.0 0.5311767172870301 0.0 0.030810495961656272 0.030810495961656272 0.030810495961895723 0.03081049596165628 1.5524735588269218 0.0 -5.610052790835311e-06 0.003742698627528904 0.0 0.0
0.0 -0.0011416844147531418 0.0 0.5244810164011104 0.0 0.03138486488498209 0.03138486488498209 0.03138486488498209 0.03138486488495308 1.552473558879053 0.0 -5.6097724683861925e-06 0.0037426987437645504 0.0 0.0
0.0 -0.0013559686689614857 0.0 0.5177762376111732 0.0 0.032097743155460386 0.032097743155460406 0.0320977431552034 0.03209774315543511 1.5524735590294867 0.0 -5.609699372405725e-06 0.003742698527087232 0.0 0.0
0.0 -0.0015791045468396302 0.0 0.5111811466979309 0.0 0.03296757379095277 0.03296757379095277 0.032967573790964266 0.0329675737909523 1.5524735585800002 0.0 -5.610210375517214e-06 0.003742698675977324 0.0 0.0
0.0 -0.0018087444582880802 0.0 0.504837554288574 0.0 0.034009088219120916 0.034009088219120916 0.03400908821912186 0.0340090882178319 1.5524735584770997 0.0 -5.6097426196956025e-06 0.003742698694219575 0.0 0.0
0.0 -0.0020416762258661614 0.0 0.4989033974569511 0.0 0.0352305391242424 0.0352305391242424 0.03523053912371371 0.03523053912424239 1.5524735577411815 0.0 -5.609734812686684e-06 0.0037426987814285747 0.0 0.0
0.0 -0.002273641649968538 0.0 0.4935557208737572 0.0 0.036632207201868786 0.03663220720186877 0.03663220720186857 0.0366322072019016 1.552473554659081 0.0 -5.609290990049256e-06 0.0037426991729153113 0.0 0.0
0.0 -0.0024993978516949255 0.0 0.4889767576657683 0.0 0.038202648454807656 0.038202648454807656 0.038202648454807656 0.038202648454840435 1.5524735577427513 0.0 -5.6092530400286345e-06 0.0037426987788750647 0.0 0.0
0.0 -0.002712844421134728 0.0 0.4853469163223907 0.0 0.039918115802780575 0.039918115802780575 0.039918115801837 0.03991811580274137 1.5524735501786822 0.0 -5.609044696782767e-06 0.003742699169590064 0.0 0.0
0.0 -0.0029074336655943414 0.0 0.48282580099817285 0.0 0.04174189869239596 0.04174189869239596 0.04174189869239596 0.04174189869235682 1.5524735526415188 0.0 -5.609193335310496e-06 0.0037426990699999034 0.0 0.0
0.0 -0.003076412969303133 0.0 0.481540203858764 0.0 0.04362366966114761 0.04362366966114762 0.04362366966141457 0.043623669661108304 1.5524735539006145 0.0 -5.6093708129710475e-06 0.0037426990106902073 0.0 0.0
0.0 -0.0032169905452974564 0.0 0.4815543975431774 0.0 0.045546529893179095 0.04554652989317918 0.04554652989431453 0.045546529896580416 1.5524735545319486 0.0 -5.609695177010812e-06 0.0037426989773696492 0.0 0.0
0.0 -0.0033271259586049183 0.0 0.4829006497520889 0.0 0.04749327872980018 0.047493278729800095 0.04749327873097647 0.04749327872982919 1.5524735548556357 0.0 -5.610058169421993e-06 0.0037426989571200287 0.0 0.0
0.0 -0.0034024210731415493 0.0 0.4855858278088795 0.0 0.04940616835553988 0.04940616835553978 0.049406168355539876 0.04940616835560533 1.5524735555270324 0.0 -5.610382282374588e-06 0.003742698915602515 0.0 0.0
0.0 -0.003439816624924903 0.0 0.4895687472939849 0.0 0.05122987368465915 0.05122987368465916 0.05122987368465915 0.05122987367981314 1.552473556853913 0.0 -5.610428358739656e-06 0.003742698826932199 0.0 0.0
0.0 -0.003437587624758463 0.0 0.49476714010220546 0.0 0.05291372770204728 0.052913727702047234 0.05291372770074484 0.052913727700744824 1.5524735453522578 0.0 -5.610229159531231e-06 0.0037426992826473673 0.0 0.0
0.0 -0.0033952403521537904 0.0 0.5010676320050935 0.0 0.05441360656367731 0.054413606563677316 0.054413606562410274 0.054413606570232025 1.5524735545329764 0.0 -5.609452002695574e-06 0.0037426991343033045 0.0 0.0
0.0 -0.0033136148400450005 0.0 0.5083277083017623 0.0 0.055693974981624546 0.05569397498162504 0.05569397498187752 0.05569397498182822 1.5524735587828549 0.0 -5.608233663031962e-06 0.003742698636469996 0.0 0.0
0.0 -0.0031945182599893668 0.0 0.5163937394804112 0.0 0.05672883462119588 0.0567288346211427 0.05672883462007366 0.05672883462119816 1.5524735588948966 0.0 -5.602146495235969e-06 0.0037426988862132846 0.0 0.0
0.0 -0.003040677106562785 0.0 0.5251028825216757 0.0 0.057501678777030565 0.057501678777030565 0.05750167880391261 0.05750167880383449 1.5524735588948966 0.0 -5.60214649498792e-06 0.003742698886213284 0.0 0.0
0.0 -0.0028554002000543265 0.0 0.5342962115218155 0.0 0.05800525185916113 0.05800525185912756 0.058005251858863856 0.05800525212282874 1.5524735588948966 0.0 -5.6021464948366996e-06 0.0037426988862132838 0.0 0.0
0.0 -0.002642347216368261 0.0 0.5438276543493068 0.0 0.05824132018147359 0.0582413201814736 0.05824132018105873 0.05824132029159945 1.5524735588948966 0.0 -5.602146494401306e-06 0.003742698886213284 0.0 0.0
0.0 -0.002405351010235394 0.0 0.5535660345235457 0.0 0.05821892494650285 0.058218924946502854 0.05821892494650278 0.05821892505461528 1.5524735588948966 0.0 -5.60214649448592e-06 0.0037426988862132846 0.0 0.0
0.0 -0.0021480793253958485 0.0 0.5634060893808852 0.0 0.057953400134405114 0.057953400134405114 0.05795340013440386 0.0579534003381592 1.5524735588948966 0.0 -5.602146494488666e-06 0.003742698886213284 0.0 0.0
0.0 -0.0018740814204287175 0.0 0.5732634836214141 0.0 0.05746536427198019 0.05746536427198019 0.057465364271980186 0.057465364293274535 1.5524735588948966 0.0 -5.602146493340513e-06 0.003742698886213285 0.0 0.0
0.0 -0.001586381760774711 0.0 0.583084845924206 0.0 0.056778485808528394 0.05677848580852837 0.056778485881232 0.05677848588112721 1.5524735588948966 0.0 -5.60214649401341e-06 0.003742698886213283 0.0 0.0
0.0 -0.001287703664565561 0.0 0.592840755683611 0.0 0.05592022253417727 0.055920222534178644 0.05592022253435883 0.055920222534336844 1.5524735588948972 0.0 -5.60214649346472e-06 0.0037426988862132925 0.0 0.0
0.0 -0.0009801761500096821 0.0 0.6025287888462972 0.0 0.05491882540073483 0.05491882540075135 0.054918825400287356 0.054918825400751235 1.5524735588948975 0.0 -5.602146493675592e-06 0.0037426988862132916 0.0 0.0
0.0 -0.00066557035414811 0.0 0.6121674974411419 0.0 0.05380457947528305 0.053804579475283054 0.053804579475177555 0.053804579475177826 1.5524735588948984 0.0 -5.602146493937121e-06 0.0037426988862132916 0.0 0.0
0.0 -0.0003452627026993257 0.0 0.6217964170743664 0.0 0.05260930369006447 0.052609303690063676 0.0526093036900619 0.05260930369006233 1.5524735588949035 0.0 -5.602146492614159e-06 0.0037426988862133245 0.0 0.0
0.0 -2.0281535885526927e-05 0.0 0.6314710804763592 0.0 0.05136534270941734 0.051365342709418456 0.05136534270935488 0.05136534270873583 1.5524735588948966 0.0 -5.602146492907215e-06 0.0037426988862132864 0.0 0.0
