0.0 0.00255398839715787 0.0 0.6293193431217374 0.0 0.015529878309304437 0.015529878309304385 0.015529878368118076 0.015529878359486006 1.5524735594704158 0.0 -5.602148032098427e-06 0.0037426988862104167 0.0 0.0
0.0 0.0023676913760075783 0.0 0.6265799362994493 0.0 0.017168521833291945 0.01716852183329195 0.0171685218342611 0.01716852183427778 1.5524735583864895 0.0 -5.60926533030427e-06 0.003742698724483314 0.0 0.0
0.0 0.0021824225086497285 0.0 0.6237621006589205 0.0 0.018767279392249942 0.018767279392249946 0.01876727939224995 0.01876727939429708 1.5524735555048244 0.0 -5.609126454390518e-06 0.003742698980173212 0.0 0.0
0.0 0.0019976885313924353 0.0 0.6208179589977967 0.0 0.020317086190217565 0.02031708619021757 0.02031708619115437 0.020317086190232602 1.5524735578975832 0.0 -5.609128239490946e-06 0.0037426987849062702 0.0 0.0
0.0 0.0018132454260507025 0.0 0.6177106318882092 0.0 0.021809110737198097 0.0218091107371981 0.021809110738088267 0.021809110735943053 1.5524735548397288 0.0 -5.609113300483192e-06 0.003742699013752982 0.0 0.0
0.0 0.0016291417200234705 0.0 0.6144132542197395 0.0 0.02323383115921134 0.023233831159211342 0.023233831159211342 0.02323383115917212 1.5524735580888387 0.0 -5.609074071404168e-06 0.0037426987599214192 0.0 0.0
0.0 0.001445608942407775 0.0 0.6109079549946352 0.0 0.02458219534837788 0.02458219534837788 0.024582195348389468 0.024582195348401854 1.552473556384377 0.0 -5.609132711418101e-06 0.0037426989104262327 0.0 0.0
0.0 0.0012632861701465364 0.0 0.6071908841331756 0.0 0.02584421302542253 0.02584421302542253 0.025844213025441216 0.0258442130263549 1.5524735588135512 0.0 -5.609047173254486e-06 0.003742698641165718 0.0 0.0
0.0 0.0010829632651678496 0.0 0.6032681733303643 0.0 0.027011129238495826 0.027011129238495822 0.027011129238493057 0.02701112923849583 1.552473558415433 0.0 -5.608955500161148e-06 0.00374269888043642 0.0 0.0
0.0 0.0009056083429646693 0.0 0.5991549512956017 0.0 0.028074722319662865 0.028074722319662862 0.028074722319675914 0.028074722319675914 1.5524735584152127 0.0 -5.609043367632409e-06 0.0037426987126542737 0.0 0.0
0.0 0.0007324774091440852 0.0 0.5948813323999965 0.0 0.029027790383251574 0.029027790383251574 0.029027790382771586 0.02902779038159258 1.5524735588948966 0.0 -5.6021464961887725e-06 0.0037426988862132877 0.0 0.0
0.0 0.0005647744486636052 0.0 0.5904814139333955 0.0 0.029865134095187536 0.02986513409519865 0.029865134094807573 0.02986513409480758 1.5524735586164737 0.0 -5.608940964598656e-06 0.0037426988413438345 0.0 0.0
0.0 0.00040388296749310483 0.0 0.5860012555101035 0.0 0.03058307929091875 0.030583079290918757 0.030583079290635976 0.03058307929091897 1.5524735589761498 0.0 -5.6090276914189075e-06 0.003742698587211367 0.0 0.0
0.0 0.00025109780605637766 0.0 0.5814908952692754 0.0 0.031180454626497527 0.03118045462645403 0.031180454626450384 0.031180454626452404 1.552473558888329 0.0 -5.608942753602457e-06 0.00374269873074012 0.0 0.0
0.0 0.00010756497379758348 0.0 0.5770033200851803 0.0 0.03165909549137151 0.031659095491380414 0.0316590954913716 0.03165909549136422 1.5524735589384278 0.0 -5.609027522373574e-06 0.0037426986027349557 0.0 0.0
0.0 -2.5649850930602234e-05 0.0 0.5725934921529638 0.0 0.032022591133216295 0.03202259113321631 0.032022591133216344 0.03202259113388526 1.5524735588948966 0.0 -5.602146496178354e-06 0.0037426988862132825 0.0 0.0
0.0 -0.000147775377395396 0.0 0.5683133380147223 0.0 0.03227752549085025 0.03227752549085023 0.03227752549085024 0.032277525490850265 1.5524735590258882 0.0 -5.609051598157096e-06 0.0037426985456179827 0.0 0.0
0.0 -0.0002582408204668754 0.0 0.5642147198059454 0.0 0.03243323344326393 0.032433233443263924 0.03243323344326306 0.03243323344322948 1.5524735588948966 0.0 -5.602146496194319e-06 0.0037426988862132816 0.0 0.0
0.0 -0.000356780879940044 0.0 0.5603415030819766 0.0 0.03250053944076228 0.03250053944076608 0.0325005394407599 0.03250053944279723 1.5524735601677597 0.0 -5.609030861539324e-06 0.0037426984074375703 0.0 0.0
0.0 -0.00044344330668752934 0.0 0.5567304980604243 0.0 0.03249225030563381 0.03249225030563878 0.03249225030563381 0.03249225030743422 1.552473560046402 0.0 -5.60898019972971e-06 0.003742698594917828 0.0 0.0
0.0 -0.0005197393606967357 0.0 0.5533585066736241 0.0 0.03242133100928756 0.03242133100928756 0.032421331009287555 0.03242133100928758 1.5524735590147423 0.0 -5.60903811945763e-06 0.0037426985621235283 0.0 0.0
0.0 -0.0005877208036205038 0.0 0.5501783267010604 0.0 0.032300212637523036 0.03230021263752303 0.03230021263752248 0.03230021263766904 1.552473558885447 0.0 -5.609031315050481e-06 0.0037426987390859995 0.0 0.0
0.0 -0.0006483177132795367 0.0 0.5471847908682592 0.0 0.03213988656524209 0.032139886565242075 0.03213988656524209 0.03213988656524244 1.5524735588948966 0.0 -5.602146496226691e-06 0.003742698886213282 0.0 0.0
0.0 -0.0007024586100028225 0.0 0.5443667670370057 0.0 0.03194933652631524 0.031949336526315236 0.031949336526315236 0.03194933652631449 1.5524735590284102 0.0 -5.609146844322285e-06 0.0037426985323575214 0.0 0.0
0.0 -0.0007509227986858425 0.0 0.5417131406265193 0.0 0.03173554615551833 0.03173554615551833 0.03173554615551833 0.03173554615551843 1.5524735591594097 0.0 -5.6092071792805605e-06 0.003742698493763742 0.0 0.0
0.0 -0.0007944823527345649 0.0 0.5392078307510493 0.0 0.03150374223666069 0.03150374223666069 0.03150374223665851 0.03150374223691078 1.5524735602554127 0.0 -5.609117669543915e-06 0.003742698403009826 0.0 0.0
0.0 -0.0008338234581445801 0.0 0.536836761572514 0.0 0.03125864662988881 0.031258646629895755 0.03125864662988875 0.03125864663011805 1.5524735588869865 0.0 -5.609143247461683e-06 0.0037426987345490063 0.0 0.0
0.0 -0.000869528540737466 0.0 0.534584884423252 0.0 0.031003242670027485 0.03100324267000181 0.031003242670839447 0.03100324267000183 1.552473559027291 0.0 -5.6091823433625975e-06 0.003742698533792506 0.0 0.0
0.0 -0.0009021055643417947 0.0 0.5324371646844747 0.0 0.03073950444464708 0.030739504444647084 0.030739504444641904 0.030739504444652614 1.552473559164431 0.0 -5.609153854557763e-06 0.0037426984946461557 0.0 0.0
0.0 -0.0009320388764865508 0.0 0.5303795682222613 0.0 0.030469412402519165 0.030469412402519165 0.030469412402516226 0.03046941240284623 1.55247356076289 0.0 -5.609352118566896e-06 0.0037426983731835635 0.0 0.0
0.0 -0.0009597675474417046 0.0 0.5283960774139044 0.0 0.030193681664454984 0.030193681664454967 0.03019368166445502 0.030193681664454988 1.5524735588948966 0.0 -5.602146496289477e-06 0.003742698886213282 0.0 0.0
0.0 -0.0009855764299639492 0.0 0.526475691237537 0.0 0.029912554529543257 0.02991255452954304 0.02991255452971859 0.02991255452954305 1.5524735590347232 0.0 -5.609385919716492e-06 0.0037426985239614667 0.0 0.0
0.0 -0.0010098672220941614 0.0 0.5246023933511141 0.0 0.02962625191685397 0.029626251916853967 0.029626251916849613 0.029626251916853957 1.5524735588948966 0.0 -5.602146496301686e-06 0.0037426988862132755 0.0 0.0
0.0 -0.0010328697547381028 0.0 0.5227651961694069 0.0 0.02933426493273518 0.029334264932735176 0.029334264932755913 0.029334264932741036 1.5524735635077314 0.0 -5.609214644739869e-06 0.0037426982833479 0.0 0.0
0.0 -0.0010548809552767633 0.0 0.5209500967571782 0.0 0.029036044801111764 0.029036044802241798 0.029036044802241753 0.029036044801826682 1.5524735588883305 0.0 -5.609161701908001e-06 0.003742698725390014 0.0 0.0
0.0 -0.0010761126231122024 0.0 0.5191461055776015 0.0 0.028730850310065063 0.02873085031005064 0.028730850310375818 0.02873085031037388 1.5524735590517909 0.0 -5.609204832169218e-06 0.003742698679777433 0.0 0.0
0.0 -0.0010968035413909242 0.0 0.5173402338293359 0.0 0.028417656600829 0.02841765660081582 0.02841765660120132 0.028417656601201314 1.552473562018111 0.0 -5.609339437777209e-06 0.003742698329632225 0.0 0.0
0.0 -0.001117167081448947 0.0 0.5155204908503783 0.0 0.028095427735449117 0.028095427735449142 0.02809542773544912 0.028095427742427685 1.5524735588948966 0.0 -5.60214649629644e-06 0.0037426988862132816 0.0 0.0
0.0 -0.0011373781527276236 0.0 0.5136758982809083 0.0 0.02776291325570308 0.027762913255703077 0.027762913256140123 0.027762913255387895 1.5524735592033327 0.0 -5.6087697030616135e-06 0.0037426985025693373 0.0 0.0
0.0 -0.001157717359115829 0.0 0.5117924575618312 0.0 0.027419340598968837 0.027419340598968833 0.027419340599367247 0.027419340598531124 1.5524735623022372 0.0 -5.609216616753567e-06 0.003742698327683005 0.0 0.0
0.0 -0.00117809593622916 0.0 0.509879146602884 0.0 0.02706645585878734 0.02706645585878732 0.027066455858020245 0.027066455858787388 1.5524735590276018 0.0 -5.609234466980153e-06 0.0037426985329637947 0.0 0.0
0.0 -0.00119804850692316 0.0 0.5079599501345107 0.0 0.02670581723126167 0.02670581723126167 0.02670581723126167 0.026705817231261666 1.5524735591660699 0.0 -5.609161731038033e-06 0.0037426986679361686 0.0 0.0
0.0 -0.0012171337595105818 0.0 0.5060478982569441 0.0 0.026335699162405458 0.02633569916240546 0.02633569916240546 0.02633569916240377 1.5524735650915802 0.0 -5.6092734526894e-06 0.0037426982550009674 0.0 0.0
0.0 -0.0012349442365800964 0.0 0.5041560130357429 0.0 0.025954838427004717 0.02595483842700422 0.02595483842699076 0.02595483842698813 1.5524735590295746 0.0 -5.609292963073783e-06 0.003742698529566863 0.0 0.0
0.0 -0.0012510723461947757 0.0 0.5022983138911536 0.0 0.02556229488790794 0.025562294887908 0.02556229488790794 0.025562294887908 1.5524735602426651 0.0 -5.6092404361742865e-06 0.003742698596382517 0.0 0.0
0.0 -0.0012650505913098596 0.0 0.5004888290015588 0.0 0.02515632100886975 0.02515632100886976 0.025156321008967083 0.025156321005121357 1.5524735588948966 0.0 -5.6021464962936725e-06 0.003742698886213282 0.0 0.0
0.0 -0.0012765253614841882 0.0 0.49874157214669956 0.0 0.024736697637553373 0.024736697637553436 0.024736697637540158 0.024736697636887385 1.5524735592906969 0.0 -5.609470391052437e-06 0.0037426984757292746 0.0 0.0
0.0 -0.0012850749236940691 0.0 0.497072549529969 0.0 0.024302963985063642 0.024302963985063642 0.024302963985509185 0.024302963986010565 1.5524735681559936 0.0 -5.609283895020143e-06 0.0037426982039856552 0.0 0.0
0.0 -0.0012904070397739453 0.0 0.4954937661716145 0.0 0.02385508746025314 0.023855087460253138 0.023855087460576248 0.023855087460264615 1.5524735590719587 0.0 -5.609384343076035e-06 0.003742698511984391 0.0 0.0
0.0 -0.0012922577975097798 0.0 0.4940202083940487 0.0 0.0233944067868274 0.023394406786827405 0.023394406786827405 0.02339440678684257 1.5524735650755368 0.0 -5.609570274278788e-06 0.0037426982591146373 0.0 0.0
0.0 -0.0012903653237176533 0.0 0.4926648659188111 0.0 0.022921639967963297 0.02292163996796281 0.022921639967958353 0.022921639967958356 1.5524735588948966 0.0 -5.602146496304379e-06 0.003742698886213282 0.0 0.0
0.0 -0.0012846535697628948 0.0 0.49143871109843185 0.0 0.02243935006553133 0.022439350065531338 0.02243935006551626 0.022439350065514622 1.5524735638616454 0.0 -5.6092915136031805e-06 0.0037426984904691605 0.0 0.0
0.0 -0.0012750252290280686 0.0 0.49035171053208954 0.0 0.021949512444943833 0.02194951244494383 0.021949512444943833 0.021949512444945838 1.5524735588899459 0.0 -5.609576597647781e-06 0.003742698717752476 0.0 0.0
0.0 -0.001261567344331338 0.0 0.4894118124907993 0.0 0.021455929823544204 0.021455929823544155 0.021455929823541407 0.02145592982355767 1.552473564238631 0.0 -5.609692717227784e-06 0.0037426982844287232 0.0 0.0
0.0 -0.0012444015949077704 0.0 0.4886229728002374 0.0 0.020961568869240707 0.020961568869241214 0.020961568869241227 0.02096156886924097 1.5524735590328915 0.0 -5.609750916560656e-06 0.00374269851850881 0.0 0.0
0.0 -0.0012237663430298463 0.0 0.487989125557569 0.0 0.020470977594763008 0.020470977594762945 0.020470977594755954 0.020470977594754847 1.5524735643894738 0.0 -5.609561158109773e-06 0.0037426982918214624 0.0 0.0
0.0 -0.0012000068553310085 0.0 0.4875072133823284 0.0 0.019987860249376554 0.01998786024937655 0.01998786024835696 0.01998786024953635 1.5524735590305547 0.0 -5.609718262875629e-06 0.003742698520990695 0.0 0.0
0.0 -0.0011735482004862003 0.0 0.4871741644793925 0.0 0.019517002660691393 0.019517002660691393 0.019517002660277585 0.019517002661649838 1.5524735634226987 0.0 -5.609620449824635e-06 0.003742698317304263 0.0 0.0
0.0 -0.001144898789193995 0.0 0.4869809159893169 0.0 0.019062354840524036 0.019062354840524202 0.019062354841756522 0.01906235484055153 1.5524735588877412 0.0 -5.6097593152448425e-06 0.003742698719055565 0.0 0.0
0.0 -0.001114620174555045 0.0 0.4869164050937394 0.0 0.018627929271776957 0.018627929271776953 0.018627929271386314 0.018627929271773397 1.55247356097733 0.0 -5.60983655268126e-06 0.0037426983848458844 0.0 0.0
0.0 -0.0010835308496429088 0.0 0.4869665306753429 0.0 0.018220245144966146 0.018220245144966122 0.018220245144551065 0.01822024514496109 1.5524735898768818 0.0 -5.609848207521615e-06 0.003742698171110184 0.0 0.0
0.0 -0.0010521986542085687 0.0 0.4871132558275509 0.0 0.017841103638654314 0.017841103638654314 0.017841103638656916 0.017841103638656857 1.5524735591549617 0.0 -5.6098899998015245e-06 0.003742698488758452 0.0 0.0
0.0 -0.001020875346925448 0.0 0.4873406079237329 0.0 0.017488670611381166 0.017488670611381193 0.017488670611381162 0.017488670611381193 1.5524735664315121 0.0 -5.609964193369792e-06 0.0037426982559049518 0.0 0.0
0.0 -0.000989724307410766 0.0 0.4876346155723244 0.0 0.01716057003116533 0.01716057003116534 0.017160570031165338 0.017160570029802924 1.5524735590325551 0.0 -5.610036059597781e-06 0.0037426985176368215 0.0 0.0
0.0 -0.000958714611074266 0.0 0.4879883182545322 0.0 0.016854083512589907 0.016854083512589907 0.016854083512592148 0.016854083510251458 1.552473558978331 0.0 -5.609766546449139e-06 0.003742698692964685 0.0 0.0
0.0 -0.0009278414277413839 0.0 0.4883927585898757 0.0 0.016566190449328968 0.016566190449328964 0.016566190449329003 0.016566190446102996 1.552473563753303 0.0 -5.609976282608528e-06 0.0037426983148225366 0.0 0.0
0.0 -0.0008969241276529163 0.0 0.4888469770954408 0.0 0.016294111683517628 0.01629411168351763 0.016294111681188883 0.016294111681186368 1.552473559031628 0.0 -5.610094688453078e-06 0.0037426985248783864 0.0 0.0
0.0 -0.0008658287775223498 0.0 0.48934901076444837 0.0 0.016035370979623723 0.016035370979624153 0.016035371230512987 0.016035371192024542 1.5524735590320256 0.0 -5.609961335255182e-06 0.003742698516155175 0.0 0.0
0.0 -0.0008343408995903005 0.0 0.4899008941700799 0.0 0.01578771319283692 0.015787713192836922 0.015787713189120665 0.01578771318938657 1.5524735594693047 0.0 -5.610107774405322e-06 0.0037426984580916723 0.0 0.0
0.0 -0.0008021568078486568 0.0 0.490507665987229 0.0 0.015548655793530349 0.015548655793530378 0.015548655790132867 0.015548655790130853 1.552473565548592 0.0 -5.610015049222213e-06 0.0037426982850590966 0.0 0.0
0.0 -0.0007690005791414162 0.0 0.49117535398298295 0.0 0.01531642263297234 0.015316422632972341 0.015316422632746404 0.015316422632745286 1.5524735590302776 0.0 -5.609916224578174e-06 0.003742698529509668 0.0 0.0
0.0 -0.0007345551579340676 0.0 0.4919149731448661 0.0 0.015090318556371628 0.015090318556371645 0.015090318556484548 0.015090318556332917 1.5524735590327803 0.0 -5.6101156290154725e-06 0.0037426985142860244 0.0 0.0
0.0 -0.0006985110018691982 0.0 0.4927355443295231 0.0 0.014869095292328327 0.014869095292328324 0.01486909529213611 0.014869095292135294 1.5524735591419967 0.0 -5.610069455010925e-06 0.003742698490032268 0.0 0.0
0.0 -0.0006605869430582614 0.0 0.4936510605665346 0.0 0.014653530522958884 0.014653530522958886 0.014653530522731148 0.01465353052273262 1.5524735619813594 0.0 -5.6100510678985625e-06 0.003742698366191407 0.0 0.0
0.0 -0.0006204970208664785 0.0 0.49467651137951724 0.0 0.014444665291852543 0.014444665291852543 0.014444665291627537 0.01444466529162699 1.552473576151332 0.0 -5.610088978937508e-06 0.0037426981501496428 0.0 0.0
0.0 -0.0005780342729333742 0.0 0.49582786303098986 0.0 0.01424494230453166 0.01424494230453168 0.014244942304535475 0.01424494230453548 1.5524735590324827 0.0 -5.610098480344128e-06 0.0037426985210191536 0.0 0.0
0.0 -0.0005331579538676547 0.0 0.4971200571445851 0.0 0.014058730869693965 0.014058730869693059 0.014058730869723287 0.014058730869723242 1.552473559032935 0.0 -5.610171658044057e-06 0.003742698513056006 0.0 0.0
0.0 -0.0004858557103934431 0.0 0.49857101002449417 0.0 0.013891777250071801 0.0138917772500718 0.013891777250113133 0.013891777250070476 1.5524735588948966 0.0 -5.602146496468132e-06 0.0037426988862132803 0.0 0.0
0.0 -0.00043642377007483324 0.0 0.5001936086561002 0.0 0.013752355667628958 0.013752355667628963 0.013752355667627666 0.013752355667627605 1.5524735601052964 0.0 -5.610190977280223e-06 0.0037426984280157977 0.0 0.0
0.0 -0.00038546047060994713 0.0 0.5019956874292407 0.0 0.013651231454757044 0.013651231454757044 0.013651231454754586 0.013651231454754586 1.5524735627167745 0.0 -5.610362082741579e-06 0.003742698348895093 0.0 0.0
0.0 -0.0003322070527161679 0.0 0.5040460822938475 0.0 0.013600751806066213 0.013600751806066217 0.013600751806062138 0.013600751806062137 1.5524735588949021 0.0 -5.6021464965015835e-06 0.0037426988862132035 0.0 0.0
0.0 -0.0002774416396379499 0.0 0.5063735090722898 0.0 0.013620985686142194 0.013620985686142149 0.013620985686141559 0.013620985686206951 1.55247355899287 0.0 -5.61042236665506e-06 0.0037426985639215193 0.0 0.0
0.0 -0.0002244855351585065 0.0 0.5089076068120069 0.0 0.01373406703445365 0.013734067034453644 0.013734067034452681 0.013734067034495869 1.5524735589499756 0.0 -5.610477463402605e-06 0.003742698586264664 0.0 0.0
0.0 -0.00017663435627948376 0.0 0.5115601108168779 0.0 0.013955857393829553 0.013955857393829558 0.013955857393857334 0.013955857393547518 1.5524735588948966 0.0 -5.602146496512204e-06 0.003742698886213281 0.0 0.0
0.0 -0.00013698190301997238 0.0 0.5142298633883884 0.0 0.014295195827583398 0.014295195827583377 0.01429519582758842 0.014295195827588427 1.552473559032442 0.0 -5.610401056125127e-06 0.003742698521931606 0.0 0.0
0.0 -0.00010800644446373354 0.0 0.5168168137235551 0.0 0.014752922064026968 0.014752922064026976 0.014752922064024687 0.014752922064024704 1.55247355893793 0.0 -5.6104690141059904e-06 0.0037426985910666804 0.0 0.0
0.0 -9.139438986508005e-05 0.0 0.5192310338057803 0.0 0.01532239132460106 0.015322391324601062 0.015322391324601076 0.015322391324601777 1.5524735588948966 0.0 -5.60214649649955e-06 0.0037426988862132816 0.0 0.0
0.0 -8.792841308925587e-05 0.0 0.5214026934566485 0.0 0.01599123845439917 0.015991238454399235 0.015991238454433565 0.015991238454439928 1.5524735587235179 0.0 -5.610428366876796e-06 0.003742698653430247 0.0 0.0
0.0 -9.747474273943415e-05 0.0 0.5232870203425521 0.0 0.01674289051054086 0.01674289051054086 0.016742890507621167 0.01674289050762437 1.5524735589383996 0.0 -5.610409806436109e-06 0.0037426985901635314 0.0 0.0
0.0 -0.0001191407644571233 0.0 0.524866281326035 0.0 0.0175593146243501 0.0175593146243501 0.01755931462436285 0.01755931462204873 1.5524735588564402 0.0 -5.610240532246541e-06 0.0037426987594729533 0.0 0.0
0.0 -0.00015141948783002585 0.0 0.5261467554396875 0.0 0.01842201789124199 0.018422017891242 0.018422017891222362 0.018422017891221668 1.5524735590249816 0.0 -5.610188799998729e-06 0.0037426985372236384 0.0 0.0
0.0 -0.00019243463945381768 0.0 0.5271576909725243 0.0 0.019315044396876375 0.019315044396876382 0.019315044396853942 0.019315044396905432 1.5524735590312477 0.0 -5.610189276040325e-06 0.0037426985258971297 0.0 0.0
0.0 -0.00024001704112234989 0.0 0.5279443219380116 0.0 0.02022371254483741 0.020223712544837496 0.02022371254483793 0.020223712544849268 1.5524735582122444 0.0 -5.610144138106787e-06 0.0037426987399192405 0.0 0.0
0.0 -0.00029200237635226026 0.0 0.5285608400687907 0.0 0.021136360628578547 0.02113636062857855 0.021136360628540688 0.02113636063218715 1.5524735582548306 0.0 -5.609937229910671e-06 0.0037426989113577076 0.0 0.0
0.0 -0.00034614365959566334 0.0 0.5290694149150458 0.0 0.022042835518558818 0.02204283551855881 0.022042835518526066 0.02204283551852604 1.5524735588948966 0.0 -5.602146496391464e-06 0.003742698886213287 0.0 0.0
0.0 -0.00040041465893660746 0.0 0.5295291935417408 0.0 0.022934977924721288 0.022934977924721288 0.022934977924725052 0.022934977924807313 1.5524735587392686 0.0 -5.610029322891333e-06 0.003742698647903662 0.0 0.0
0.0 -0.0004529317729416113 0.0 0.5299933083713023 0.0 0.02380462413984736 0.023804624139847356 0.023804624139847116 0.023804624139848945 1.5524735588708116 0.0 -5.60988097090123e-06 0.003742698615403095 0.0 0.0
0.0 -0.0005019933917259416 0.0 0.530508889331371 0.0 0.02464409760219627 0.024644097602196272 0.024644097602196272 0.024644097602179983 1.5524735588948966 0.0 -5.60214649641379e-06 0.003742698886213283 0.0 0.0
0.0 -0.0005462117328120615 0.0 0.5311100686571844 0.0 0.025445701326453216 0.02544570132645321 0.025445701326453362 0.02544570132324189 1.5524735588732035 0.0 -5.609809773871513e-06 0.0037426987471285782 0.0 0.0
0.0 -0.0005844969372729468 0.0 0.5318169696346968 0.0 0.026201216493132194 0.026201216493132222 0.02620121649313222 0.02620121649313224 1.552473558887315 0.0 -5.609996928774701e-06 0.003742698721997869 0.0 0.0
0.0 -0.0006165873405471768 0.0 0.5326336289789166 0.0 0.026908398568452417 0.02690839856845242 0.026908398568638102 0.026908398568452434 1.5524735587420702 0.0 -5.610050274111177e-06 0.003742698644686053 0.0 0.0
0.0 -0.0006435222935924992 0.0 0.5335389320762237 0.0 0.027574466539282996 0.027574466539282996 0.027574466539475772 0.027574466539271536 1.5524735589901026 0.0 -5.610021393452028e-06 0.0037426985659284396 0.0 0.0
0.0 -0.0006661936102344625 0.0 0.5345117941778113 0.0 0.028204636118123957 0.028204636118123967 0.028204636118319477 0.028204636120825202 1.5524735590323915 0.0 -5.610011063822298e-06 0.0037426985207627615 0.0 0.0
0.0 -0.0006854706266893771 0.0 0.5355351166820878 0.0 0.028805130963680335 0.02880513096368034 0.028805130963896544 0.028805130967466227 1.5524735588467802 0.0 -5.610021102609103e-06 0.00374269861845564 0.0 0.0
0.0 -0.0007019566861191641 0.0 0.5365998182991207 0.0 0.029381188543245076 0.02938118854324278 0.029381188543242787 0.02938118854325153 1.5524735590258094 0.0 -5.610034354053628e-06 0.0037426985367236955 0.0 0.0
0.0 -0.000716225225311397 0.0 0.5376988145513429 0.0 0.02993829745284171 0.029938297452841222 0.02993829745300322 0.029938297452891293 1.552473559035085 0.0 -5.6100578496360605e-06 0.003742698511587209 0.0 0.0
0.0 -0.000728729508542358 0.0 0.538830022418052 0.0 0.0304819555852825 0.0304819555852825 0.030481955585521994 0.030481955585282515 1.5524735590116825 0.0 -5.610093522447418e-06 0.0037426985503995285 0.0 0.0
0.0 -0.0007398194267695398 0.0 0.5399933706630744 0.0 0.031016913773999576 0.031016913774034538 0.031016913774021354 0.031016913773368158 1.5524735588875564 0.0 -5.610034685985416e-06 0.0037426987169774635 0.0 0.0
0.0 -0.0007498944976958806 0.0 0.5411897734659804 0.0 0.031548924347764115 0.03154892434775174 0.031548924347767106 0.03154892434775165 1.552473558994069 0.0 -5.610179623440425e-06 0.0037426985613832134 0.0 0.0
0.0 -0.000759232414111156 0.0 0.5424221603983804 0.0 0.032082743037743625 0.03208274303774362 0.03208274303774363 0.03208274303755593 1.5524735590330845 0.0 -5.610227386622574e-06 0.0037426985132632843 0.0 0.0
0.0 -0.0007681289298292823 0.0 0.543693455053066 0.0 0.03262337519993682 0.03262337519993683 0.03262337519993682 0.03262337519997347 1.5524735588948966 0.0 -5.602146496454659e-06 0.003742698886213286 0.0 0.0
0.0 -0.0007768993322299198 0.0 0.5450065842732286 0.0 0.03317607653750973 0.033176076537306275 0.03317607653710324 0.03317607653726743 1.5524735588948966 0.0 -5.602146496437548e-06 0.0037426988862132825 0.0 0.0
0.0 -0.0007858818569440876 0.0 0.5463634676137672 0.0 0.0337461010343949 0.03374610103439541 0.03374610103417282 0.03374610102962192 1.5524735588948966 0.0 -5.602146496455476e-06 0.0037426988862132838 0.0 0.0
0.0 -0.0007954763570057595 0.0 0.5477650215132442 0.0 0.03433920116865903 0.03433920116865904 0.0343392011692867 0.03433920116865897 1.5524735590289547 0.0 -5.6102931820054425e-06 0.0037426985301776176 0.0 0.0
0.0 -0.000806177748249718 0.0 0.5492081541688834 0.0 0.03496112209944898 0.034961122099448974 0.034961122103303696 0.03496112209943642 1.5524735585670855 0.0 -5.610184908800018e-06 0.003742698672102806 0.0 0.0
0.0 -0.0008185856851888338 0.0 0.5506877692045675 0.0 0.03561835931265887 0.03561835931265877 0.03561835931265877 0.035618359312658776 1.5524735589589336 0.0 -5.610279849687486e-06 0.00374269857701301 0.0 0.0
0.0 -0.0008334193292245145 0.0 0.5521937660672447 0.0 0.03631739548305356 0.036317395483053565 0.036317395482810245 0.03631739548478947 1.5524735588832013 0.0 -5.610077622190409e-06 0.0037426987322234186 0.0 0.0
0.0 -0.0008517066018614221 0.0 0.5537070233492948 0.0 0.0370659503985757 0.0370659503985757 0.03706595039828227 0.03706595040278433 1.5524735582721658 0.0 -5.610285702203346e-06 0.003742698713813607 0.0 0.0
0.0 -0.0008746681817105893 0.0 0.5552004168576415 0.0 0.03787173573322779 0.03787173573322778 0.03787173573322951 0.03787173573322772 1.5524735586919403 0.0 -5.610179610800146e-06 0.003742698647287878 0.0 0.0
0.0 -0.0009038200922392263 0.0 0.5566368086678188 0.0 0.03874319068706919 0.0387431906870692 0.03874319068706737 0.03874319068706758 1.5524735588532959 0.0 -5.610267501547547e-06 0.0037426986102589636 0.0 0.0
0.0 -0.0009438436886023092 0.0 0.5580600385898736 0.0 0.03975864937397745 0.03975864937397745 0.03975864937397583 0.03975864937397602 1.5524735588299656 0.0 -5.61014409111348e-06 0.0037426986164900804 0.0 0.0
0.0 -0.0009993578827259984 0.0 0.5594631921297455 0.0 0.04097886210098848 0.04097886210098847 0.04097886210098533 0.040978862100988465 1.5524735588948966 0.0 -5.6021464964587295e-06 0.003742698886213289 0.0 0.0
0.0 -0.0010712462388916275 0.0 0.560745559409531 0.0 0.042382662971163075 0.042382662971163075 0.042382662965465306 0.042382662965489995 1.5524735588948966 0.0 -5.6021464964710395e-06 0.003742698886213314 0.0 0.0
0.0 -0.0011588275781152662 0.0 0.5618585047445589 0.0 0.043944718862986176 0.043944718862986176 0.04394471886298618 0.043944718862986176 1.5524735584513707 0.0 -5.610091062405482e-06 0.003742698682974489 0.0 0.0
0.0 -0.001259943397275854 0.0 0.5628094303173072 0.0 0.045638029099850076 0.04563802909986856 0.04563802910030074 0.04563802910437805 1.5524735533004912 0.0 -5.610077001260371e-06 0.003742699038206611 0.0 0.0
0.0 -0.0013708437807979897 0.0 0.5636697729487855 0.0 0.04743498341905793 0.047434983419066046 0.04743498341953292 0.04743498341906618 1.5524735588948964 0.0 -5.602146496398911e-06 0.003742698886213329 0.0 0.0
0.0 -0.0014866201213746516 0.0 0.5645589892255588 0.0 0.04930798109015705 0.04930798109016841 0.04930798109016972 0.04930798109016848 1.552473556388626 0.0 -5.610007624411419e-06 0.0037426988627013522 0.0 0.0
0.0 -0.001601239580996612 0.0 0.5656395521303923 0.0 0.05122830393760676 0.051228303937606766 0.05122830393374258 0.051228303933738145 1.5524735588948826 0.0 -5.602146495427359e-06 0.003742698886213376 0.0 0.0
0.0 -0.0017080371889340899 0.0 0.567088013544125 0.0 0.05316321389598646 0.053163213895986446 0.05316321389598633 0.05316321389597473 1.5524735588948837 0.0 -5.602146496391996e-06 0.003742698886213558 0.0 0.0
0.0 -0.0017999726866398619 0.0 0.5690790024458303 0.0 0.0550742392414238 0.055074239241423795 0.05507423924141095 0.05507423924711944 1.5524735588948857 0.0 -5.602146495452e-06 0.003742698886213368 0.0 0.0
0.0 -0.001870231020997927 0.0 0.5717502758691656 0.0 0.056913811092763465 0.05691381109276345 0.05691381109276422 0.05691381109276345 1.5524735429342387 0.0 -5.610348125318281e-06 0.0037426993312647335 0.0 0.0
0.0 -0.001912955801368269 0.0 0.5751786728384787 0.0 0.05862736954088744 0.05862736954088743 0.05862736953373615 0.05862736953372127 1.5524735499769156 0.0 -5.610348045042448e-06 0.0037426991193323885 0.0 0.0
0.0 -0.0019242694793919813 0.0 0.5793500508784107 0.0 0.06015733585869728 0.06015733585873196 0.06015733585871478 0.060157335858697564 1.5524735565811765 0.0 -5.6101017122211876e-06 0.0037426988271966107 0.0 0.0
0.0 -0.0019030444625283938 0.0 0.5841481789969986 0.0 0.061449994622638705 0.061449994622623856 0.061449994623394955 0.06144999462262342 1.5524735526121158 0.0 -5.609645178272901e-06 0.0037426990092623634 0.0 0.0
0.0 -0.0018516492407785702 0.0 0.5893565844695582 0.0 0.062466282838655754 0.062466282838616924 0.062466282839305 0.062466282839266474 1.5524735588948966 0.0 -5.602146496506904e-06 0.003742698886213282 0.0 0.0
0.0 -0.0017759484824424565 0.0 0.5946863928119657 0.0 0.06319095218560493 0.06319095218329135 0.06319095218355694 0.06319095218559515 1.5524735588948966 0.0 -5.602146496485326e-06 0.003742698886213282 0.0 0.0
0.0 -0.00168472072462826 0.0 0.5998153023708104 0.0 0.06363750045403416 0.06363750045403416 0.06363750045401009 0.06363750045398607 1.5524735587883676 0.0 -5.609764467666924e-06 0.003742698619673269 0.0 0.0
0.0 -0.0015884105888931159 0.0 0.6044415819228055 0.0 0.06384895289624466 0.06384895289624468 0.06384895289712653 0.06384895289707312 1.5524735590344136 0.0 -5.609943794090481e-06 0.003742698516496072 0.0 0.0
0.0 -0.0014976819893794486 0.0 0.6083191844232378 0.0 0.0638896750367528 0.0638896750367528 0.06388967503681584 0.0638896750367528 1.552473559032122 0.0 -5.60998630355278e-06 0.0037426985189674866 0.0 0.0
0.0 -0.0014221803415569488 0.0 0.611277928905054 0.0 0.06383515778444365 0.06383515778444357 0.06383515778447366 0.06383515778444357 1.5524735590373304 0.0 -5.610283677874765e-06 0.0037426985086614064 0.0 0.0
0.0 -0.0013580400555112762 0.0 0.61363015385558 0.0 0.06373566051022748 0.06373566051022748 0.06373566051044231 0.0637356605101087 1.5524735588948966 0.0 -5.602146496495244e-06 0.003742698886213281 0.0 0.0
0.0 -0.0012961590842363732 0.0 0.6157718948605291 0.0 0.06359756931373405 0.06359756931373406 0.06359756931377988 0.06359756931373406 1.552473559116615 0.0 -5.610252545506218e-06 0.003742698467105131 0.0 0.0
0.0 -0.0012369752317563697 0.0 0.6177100220029459 0.0 0.0634291461235855 0.0634291461235855 0.06342914612401386 0.0634291461235855 1.5524735588948966 0.0 -5.602146496464679e-06 0.003742698886213282 0.0 0.0
0.0 -0.0011807595208948097 0.0 0.6194554391528755 0.0 0.06323766180460726 0.06323766180460724 0.06323766180461594 0.06323766180460724 1.5524735598632233 0.0 -5.610199934602805e-06 0.003742698351618345 0.0 0.0
0.0 -0.0011276208948849784 0.0 0.6210210544500578 0.0 0.06302888305427597 0.06302888305427597 0.06302888304839367 0.06302888305363966 1.5524735588948966 0.0 -5.6021464964607955e-06 0.0037426988862132846 0.0 0.0
0.0 -0.0010775445882021508 0.0 0.6224228069875479 0.0 0.06280784115487459 0.06280784115487459 0.0628078411548657 0.0628078411548566 1.5524735590413732 0.0 -5.610200500240605e-06 0.0037426985025240268 0.0 0.0
0.0 -0.0010304079363096953 0.0 0.623675645331698 0.0 0.06257780915587331 0.06257780915587331 0.06257780915587118 0.06257780915590573 1.5524735591355054 0.0 -5.6102425355856995e-06 0.0037426984617950332 0.0 0.0
0.0 -0.0009860104795651184 0.0 0.6247955388689614 0.0 0.06234131255037558 0.06234131255037558 0.06234131255037475 0.06234131255038676 1.552473559019296 0.0 -5.6100708407380155e-06 0.003742698540720603 0.0 0.0
0.0 -0.0009441259532501017 0.0 0.6257964693244478 0.0 0.06209987463058678 0.06209987463058677 0.06209987463059657 0.062099874630586784 1.5524735588877214 0.0 -5.6099748199382515e-06 0.0037426987187522964 0.0 0.0
0.0 -0.0009044728304200913 0.0 0.6266924294581823 0.0 0.06185426774479553 0.061854267744795535 0.0618542677447958 0.06185426774475246 1.5524735590365057 0.0 -5.610045539064702e-06 0.0037426985084599036 0.0 0.0
0.0 -0.0008666827002985391 0.0 0.6274964319998972 0.0 0.061603762574517267 0.061603762574517267 0.06160376257477858 0.06160376257477594 1.5524735588948966 0.0 -5.602146496409255e-06 0.00374269888621328 0.0 0.0
0.0 -0.0008305217423373325 0.0 0.6282174900881794 0.0 0.061348123570284074 0.06134812357028408 0.06134812357057998 0.06134812357307792 1.5524735590187744 0.0 -5.610169230070518e-06 0.003742698540573681 0.0 0.0
0.0 -0.0007956434584485506 0.0 0.6288646256098791 0.0 0.06108561491886338 0.06108561491886338 0.06108561491903892 0.06108561491502149 1.552473559032744 0.0 -5.6100909472202635e-06 0.0037426985156098617 0.0 0.0
0.0 -0.0007617805934713957 0.0 0.6294428723413735 0.0 0.06081424429020678 0.06081424429020677 0.06081424429039659 0.06081424429235654 1.5524735590405794 0.0 -5.609985352831887e-06 0.00374269850510628 0.0 0.0
0.0 -0.0007287136806817684 0.0 0.6299552613727348 0.0 0.06053201648054262 0.06053201648054263 0.06053201648078986 0.06053201648372738 1.5524735591924947 0.0 -5.610110513686495e-06 0.0037426984491788786 0.0 0.0
0.0 -0.0006962881890076849 0.0 0.6303998329016984 0.0 0.06023617700327289 0.06023617700327289 0.06023617700350853 0.060236177003272905 1.5524735590310186 0.0 -5.609977547176243e-06 0.0037426985272925734 0.0 0.0
0.0 -0.000664392226281325 0.0 0.63077362398809 0.0 0.059924221564489136 0.059924221564490024 0.05992422156457465 0.059924221564489115 1.5524735590331504 0.0 -5.610072429800136e-06 0.0037426985128104252 0.0 0.0
0.0 -0.0006330340634421768 0.0 0.6310686693321588 0.0 0.05959363681147886 0.05959363681147886 0.05959363681168023 0.05959363681148111 1.5524735589772043 0.0 -5.609795037367829e-06 0.0037426986689114154 0.0 0.0
0.0 -0.0006023960634529735 0.0 0.631269006015438 0.0 0.05924164619655588 0.059241646196555885 0.05924164619655528 0.05924164619655058 1.552473559030706 0.0 -5.609944960788255e-06 0.0037426985281834527 0.0 0.0
0.0 -0.000572734227597184 0.0 0.631358655397351 0.0 0.058866474285757475 0.058866474285757475 0.058866474285756726 0.058866474285756004 1.5524735590357495 0.0 -5.609968658070577e-06 0.003742698510194527 0.0 0.0
0.0 -0.0005455666289581429 0.0 0.6313164053037669 0.0 0.05848183977703444 0.05848183977703444 0.05848183977703354 0.058481839777032536 1.5524735592834111 0.0 -5.609955164388237e-06 0.0037426984345830506 0.0 0.0
0.0 -0.0005220292308382046 0.0 0.6311430199136249 0.0 0.05810349523531774 0.05810349523531775 0.058103495235319484 0.05810349523168383 1.5524735590321745 0.0 -5.609911770686885e-06 0.003742698518581887 0.0 0.0
0.0 -0.0005020954477241881 0.0 0.6308464678974396 0.0 0.05773370530450067 0.05773370530450066 0.05773370530449994 0.057733705301989145 1.5524735590591596 0.0 -5.609834400220216e-06 0.0037426984959502917 0.0 0.0
0.0 -0.00048571867970927183 0.0 0.6304317356574292 0.0 0.05737347853581168 0.05737347853581167 0.05737347853580783 0.05737347853382217 1.5524735595566137 0.0 -5.609714951658619e-06 0.003742698402284446 0.0 0.0
0.0 -0.0004728591776636389 0.0 0.6299057989489686 0.0 0.05702457352450902 0.05702457352450903 0.057024573530783294 0.05702457353078323 1.5524735588877772 0.0 -5.609758040227736e-06 0.0037426987189005012 0.0 0.0
0.0 -0.00046347025241001314 0.0 0.6292736422029693 0.0 0.05668800145045257 0.05668800145045259 0.05668800144749029 0.056688001447490276 1.5524735588948966 0.0 -5.602146496346131e-06 0.003742698886213281 0.0 0.0
0.0 -0.0004575247395992772 0.0 0.6285402543881692 0.0 0.05636502062269615 0.05636502062269615 0.056365020620405805 0.05636502062040219 1.552473559611711 0.0 -5.609747522160796e-06 0.00374269839598086 0.0 0.0
0.0 -0.00045493746483285367 0.0 0.6277106210038343 0.0 0.05605613574082894 0.05605613574079494 0.056056135740855224 0.056056135740828954 1.5524735588948966 0.0 -5.602146496312574e-06 0.0037426988862132816 0.0 0.0
0.0 -0.00045574847505906957 0.0 0.6267877288358104 0.0 0.05576285529159533 0.05576285529159532 0.05576285529148806 0.05576285529160078 1.5524735590504628 0.0 -5.609510962029801e-06 0.003742698507864236 0.0 0.0
0.0 -0.00045989724768832126 0.0 0.6257755653417655 0.0 0.055485685025573966 0.05548568502557069 0.05548568502543912 0.055485685025573876 1.5524735593114738 0.0 -5.609504535534018e-06 0.0037426984438686415 0.0 0.0
0.0 -0.0004673614289982138 0.0 0.624678118700486 0.0 0.05522563002275008 0.05522563002275006 0.055225630022751465 0.055225630022750084 1.5524735590286114 0.0 -5.609473875343608e-06 0.0037426985363929782 0.0 0.0
0.0 -0.00047814265325072633 0.0 0.6234983748033923 0.0 0.05498369682021171 0.05498369682021172 0.05498369682012454 0.054983696820124564 1.5524735590285739 0.0 -5.609408125055947e-06 0.0037426985287877675 0.0 0.0
0.0 -0.0004922848289740646 0.0 0.6222383156048625 0.0 0.05476113829819291 0.05476113829819291 0.05476113829819491 0.05476113829819482 1.552473558905444 0.0 -5.609566395007454e-06 0.0037426987017687794 0.0 0.0
0.0 -0.0005097710551458605 0.0 0.6209009305146195 0.0 0.05455870960307917 0.05455870960307917 0.05455870960308253 0.05455870960307917 1.5524735590428493 0.0 -5.609457673692571e-06 0.003742698659987861 0.0 0.0
0.0 -0.0005306027441467317 0.0 0.6194892053876598 0.0 0.05437741486625363 0.05437741486625077 0.05437741486624956 0.05437741486625481 1.552473559097393 0.0 -5.60897788288978e-06 0.003742698557564326 0.0 0.0
0.0 -0.0005548001428783751 0.0 0.6180061228660043 0.0 0.05421851273315223 0.05421851273315223 0.054218512733152306 0.0542185127331523 1.5524735604299063 0.0 -5.609578331594345e-06 0.0037426983328274505 0.0 0.0
0.0 -0.0005823763931693673 0.0 0.6164556589131072 0.0 0.05408350131910335 0.05408350131910338 0.05408350131877148 0.05408350131876337 1.5524735588948966 0.0 -5.6021464962956935e-06 0.003742698886213282 0.0 0.0
0.0 -0.0006133587975070917 0.0 0.6148398055825145 0.0 0.05397339218457207 0.05397339218457206 0.05397339218456732 0.053973392184557684 1.552473559029336 0.0 -5.609525116852406e-06 0.003742698525540959 0.0 0.0
0.0 -0.0006477603320839752 0.0 0.6131625352805107 0.0 0.05388968922204826 0.053889689222044415 0.05388968922204414 0.05388968922204825 1.5524735590306877 0.0 -5.609306792241195e-06 0.0037426985268597876 0.0 0.0
0.0 -0.0006855772152588805 0.0 0.6114278326098023 0.0 0.053833649049789 0.05383364904978431 0.05383364904977998 0.05383364904978902 1.5524735590366487 0.0 -5.609376050606026e-06 0.0037426985201253807 0.0 0.0
0.0 -0.000726396307657449 0.0 0.6096566848696398 0.0 0.05380655552344687 0.05380655552344098 0.053806555523441116 0.053806555523446375 1.5524735590416878 0.0 -5.609457557018824e-06 0.0037426985146812018 0.0 0.0
0.0 -0.000769565072733584 0.0 0.6078701279954641 0.0 0.05380644200911279 0.05380644200911279 0.05380644200911279 0.05380644200911937 1.5524735590402727 0.0 -5.609234054996718e-06 0.003742698520051407 0.0 0.0
0.0 -0.0008148144398279759 0.0 0.6060702076108248 0.0 0.05383031126262071 0.05383031126262072 0.05383031126262056 0.05383031126262721 1.5524735590365624 0.0 -5.609279445718335e-06 0.003742698521915943 0.0 0.0
0.0 -0.0008618328302416795 0.0 0.6042599732962957 0.0 0.05387491760982964 0.053874917609829646 0.053874917609829646 0.05387491760983524 1.5524735590318957 0.0 -5.609325067110023e-06 0.0037426985252941333 0.0 0.0
0.0 -0.0009104898315639581 0.0 0.6024364653921231 0.0 0.05393750581757924 0.053937505817579244 0.053937505817579244 0.053937505817580576 1.5524735588885126 0.0 -5.6092831072649464e-06 0.003742698722631982 0.0 0.0
0.0 -0.0009605333328008023 0.0 0.6005987399070412 0.0 0.05401432375488804 0.054014323754888044 0.05401432375498666 0.05401432375497138 1.552473559028817 0.0 -5.609431466227716e-06 0.003742698528391761 0.0 0.0
0.0 -0.0010118441530109982 0.0 0.598741843992451 0.0 0.05410211287379233 0.054102112873793205 0.0541021128737932 0.054102112873792484 1.5524735590276855 0.0 -5.609201199224375e-06 0.0037426985347224205 0.0 0.0
0.0 -0.0010642479796435051 0.0 0.5968608362017073 0.0 0.05419686456386665 0.05419686456385709 0.05419686456357537 0.05419686456358492 1.5524735590276673 0.0 -5.609226295896376e-06 0.0037426985394449423 0.0 0.0
0.0 -0.00111759450314857 0.0 0.5949497747828085 0.0 0.05429456859297972 0.05429456859296715 0.05429456859263137 0.054294568592643914 1.5524735590235867 0.0 -5.609245622211189e-06 0.003742698548536319 0.0 0.0
0.0 -0.0011717146810759581 0.0 0.5930027197269935 0.0 0.05439096470295901 0.05439096470295158 0.05439096470260049 0.05439096470260792 1.5524735588948966 0.0 -5.602146496263133e-06 0.0037426988862132816 0.0 0.0
0.0 -0.00122637283001443 0.0 0.5910127574200115 0.0 0.054480541459479295 0.0544805414594793 0.05448054145948106 0.05448054145948112 1.5524735593381818 0.0 -5.609252217100686e-06 0.00374269844783694 0.0 0.0
0.0 -0.0012813254279707635 0.0 0.5889739587444531 0.0 0.05455803689466965 0.05455803689466964 0.054558036894667636 0.054558036894667705 1.5524735592545613 0.0 -5.608816164568524e-06 0.0037426984769884453 0.0 0.0
0.0 -0.0013361959932264415 0.0 0.5868814257872299 0.0 0.05461669270523123 0.05461669270524855 0.0546166927052326 0.05461669270525001 1.552473558882923 0.0 -5.609227658531749e-06 0.003742698609259249 0.0 0.0
0.0 -0.0013904561890649998 0.0 0.5847342706243294 0.0 0.054649007311801896 0.054649007311801896 0.05464900731179273 0.0546490073117926 1.5524735591054413 0.0 -5.609021549921061e-06 0.0037426984975381336 0.0 0.0
0.0 -0.0014434684770058333 0.0 0.5825346142608561 0.0 0.05464698131996511 0.05464698131996511 0.05464698131956817 0.054646981319582025 1.552473558957679 0.0 -5.6088838812841e-06 0.0037426986883104343 0.0 0.0
0.0 -0.001494322369972491 0.0 0.5802906022895985 0.0 0.054600876630900026 0.05460087663090002 0.05460087663046516 0.054600876630465166 1.5524735589967664 0.0 -5.609014731474795e-06 0.003742698676801248 0.0 0.0
0.0 -0.0015418480927320356 0.0 0.5780203930868169 0.0 0.054500720094714517 0.05450072009471448 0.05450072009421523 0.054500720094234234 1.5524735588251792 0.0 -5.609160591061655e-06 0.0037426987744459766 0.0 0.0
0.0 -0.0015845563695154742 0.0 0.5757531552680687 0.0 0.05433580893664536 0.05433580893664536 0.05433580893662536 0.05433580893662053 1.5524735597949306 0.0 -5.609185252693699e-06 0.003742698397352599 0.0 0.0
0.0 -0.001620626062023369 0.0 0.5735310655985177 0.0 0.054095203804151525 0.05409520380415153 0.054095203804151525 0.054095203804128765 1.5524735588884915 0.0 -5.6090562289746624e-06 0.003742698727485644 0.0 0.0
0.0 -0.0016478663153927417 0.0 0.5714162845060551 0.0 0.05376950732688058 0.05376950732688065 0.0537695073268819 0.05376950732689354 1.5524735590486787 0.0 -5.609122086194473e-06 0.003742698517141762 0.0 0.0
0.0 -0.0016642300903050773 0.0 0.5694649703886139 0.0 0.053349307686113845 0.05334930768613688 0.05334930768611496 0.05334930768613577 1.5524735597799024 0.0 -5.609362293046224e-06 0.0037426983948377623 0.0 0.0
0.0 -0.0016686430788175211 0.0 0.5677271116811526 0.0 0.0528364311233735 0.0528364311233735 0.05283643112338545 0.05283643112428638 1.5524735590374619 0.0 -5.609458129854928e-06 0.0037426985178324276 0.0 0.0
0.0 -0.0016606651086020427 0.0 0.5662545583104075 0.0 0.05224196956218463 0.05224196956218463 0.05224196956218463 0.05224196956194689 1.5524735602383708 0.0 -5.609218098358648e-06 0.0037426985416356452 0.0 0.0
0.0 -0.0016404366641224338 0.0 0.5650841113137735 0.0 0.051579975471933354 0.05157997547193334 0.0515799754714305 0.051579975471446375 1.5524735590427028 0.0 -5.609486974142509e-06 0.003742698661334358 0.0 0.0
0.0 -0.001608658324941796 0.0 0.5642285681254561 0.0 0.05086422874910004 0.05086422874910004 0.05086422874889351 0.05086422874889343 1.5524735588916008 0.0 -5.609532302709919e-06 0.003742698714104517 0.0 0.0
0.0 -0.0015664267261025681 0.0 0.5636827288435878 0.0 0.05010797729162913 0.050107977291629135 0.05010797729103964 0.05010797729104186 1.5524735619444257 0.0 -5.609757569034095e-06 0.0037426982481029397 0.0 0.0
0.0 -0.0015152075573568078 0.0 0.5634214098717236 0.0 0.04932291760984471 0.04932291760986091 0.04932291760984472 0.04932291760849009 1.552473560119374 0.0 -5.609682281883504e-06 0.003742698360742369 0.0 0.0
0.0 -0.001456547646725832 0.0 0.5634054764823265 0.0 0.04851724966411164 0.04851724966411171 0.048517249660976196 0.04851724966097909 1.552473559195871 0.0 -5.609865278093378e-06 0.0037426986319863665 0.0 0.0
0.0 -0.0013921639617386554 0.0 0.5635818234262552 0.0 0.04769688839854063 0.0476968883985501 0.04769688839894892 0.04769688839855011 1.5524735591029806 0.0 -5.610005960309512e-06 0.003742698479613084 0.0 0.0
0.0 -0.0013237758179636759 0.0 0.5638873912644194 0.0 0.04686449931934939 0.04686449931936207 0.04686449931936354 0.04686449931936211 1.5524735675183876 0.0 -5.609758623350167e-06 0.0037426982580042525 0.0 0.0
0.0 -0.0012531619220347186 0.0 0.5642511443515251 0.0 0.0460209280486645 0.0460209280486645 0.04602092804866605 0.046020928048666046 1.55247356405331 0.0 -5.609845313882714e-06 0.0037426983638733867 0.0 0.0
0.0 -0.0011822005270606163 0.0 0.5645950593060313 0.0 0.04516607557692251 0.04516607557692868 0.04516607557692155 0.045166075576932564 1.5524735620161862 0.0 -5.606011786655053e-06 0.003742698480579868 0.0 0.0
0.0 -0.0011129128207598832 0.0 0.5648351149090186 0.0 0.044299806105235796 0.04429980610522558 0.04429980610563396 0.044299806107758695 1.5524735604969542 0.0 -5.609727144966425e-06 0.003742698528137943 0.0 0.0
0.0 -0.0010476235713715305 0.0 0.5648822449668173 0.0 0.04342447701852991 0.043424477018529924 0.043424477018900585 0.04342447702149544 1.5524735597009571 0.0 -5.609738640359536e-06 0.0037426985855976485 0.0 0.0
0.0 -0.0009889215829805326 0.0 0.5646463382985946 0.0 0.04254569434065568 0.04254569434065568 0.04254569434065568 0.04254569434065561 1.5524735592442693 0.0 -5.609673536734544e-06 0.0037426986338046178 0.0 0.0
0.0 -0.0009397822487731801 0.0 0.5640372039882738 0.0 0.041674315161991084 0.041674315161991084 0.04167431516328661 0.041674315161991014 1.5524735589999352 0.0 -5.609489004967914e-06 0.0037426986760852312 0.0 0.0
0.0 -0.0009034710016195233 0.0 0.5629755422990517 0.0 0.040828743905751384 0.040828743905751384 0.04082874390683046 0.04082874390575138 1.5524735736109987 0.0 -5.609579272020481e-06 0.003742697973341626 0.0 0.0
0.0 -0.0008833706225981942 0.0 0.5613989483946216 0.0 0.04003456383185724 0.040034563831857245 0.040034563831863 0.04003456383186195 1.5524735661725024 0.0 -5.609295333484305e-06 0.003742698345232503 0.0 0.0
0.0 -0.0008826812122143472 0.0 0.5592789015030404 0.0 0.039326031498049384 0.03932603149804938 0.03932603149804739 0.039326031498047385 1.5524735608441333 0.0 -5.609246898081386e-06 0.0037426985322260055 0.0 0.0
0.0 -0.0009038201067754319 0.0 0.5566368083764087 0.0 0.038743191154564996 0.038743191154565 0.038743191154564996 0.03874319115456483 1.552473559097662 0.0 -5.60918583703232e-06 0.003742698503135217 0.0 0.0
0.0 -0.0009483081507113292 0.0 0.5535062031756411 0.0 0.03831785332783336 0.038317853327833384 0.03831785332783539 0.038317853327833364 1.552473561303996 0.0 -5.609027843673405e-06 0.0037426983359831086 0.0 0.0
0.0 -0.0010151081713084377 0.0 0.549988826224839 0.0 0.038069417794788375 0.03806941779479346 0.038069417794793434 0.03806941779479345 1.552473558888521 0.0 -5.6089265277295435e-06 0.0037426987273669198 0.0 0.0
0.0 -0.001100939148019052 0.0 0.5462615294914289 0.0 0.03801143355493954 0.03801143355493955 0.038011433552377814 0.038011433551354584 1.5524735590266607 0.0 -5.609019277519827e-06 0.0037426985362207757 0.0 0.0
0.0 -0.0012017605093416423 0.0 0.5424953479966643 0.0 0.03814517049155463 0.03814517049155463 0.038145170491416455 0.038145170492107 1.552473558888501 0.0 -5.608943454296815e-06 0.0037426987296041445 0.0 0.0
0.0 -0.0013131181213940617 0.0 0.5388434832804176 0.0 0.038460372355398384 0.0384603723553982 0.03846037235500928 0.03846037235539703 1.5524735588636627 0.0 -5.608972447933462e-06 0.0037426987604550046 0.0 0.0
0.0 -0.0014305868446220164 0.0 0.5354312604360021 0.0 0.03893798681746699 0.03893798681746699 0.03893798681736095 0.03893798681828923 1.5524735589811367 0.0 -5.608743953882932e-06 0.0037426987213959326 0.0 0.0
0.0 -0.0015503483717971324 0.0 0.5323450592592872 0.0 0.0395543979587951 0.0395543979587951 0.039554397958795104 0.039554397958813436 1.5524735589747072 0.0 -5.609126246247621e-06 0.0037426985853146553 0.0 0.0
0.0 -0.0016691756213596328 0.0 0.5296382932342495 0.0 0.04028318709148867 0.04028318709148867 0.04028318709148859 0.04028318709150592 1.5524735590255017 0.0 -5.609172463549186e-06 0.003742698546129461 0.0 0.0
0.0 -0.0017847018118226131 0.0 0.5273293608470518 0.0 0.041098126900752666 0.041098126900752666 0.04109812690075943 0.04109812690073494 1.5524735578927145 0.0 -5.609023871652302e-06 0.0037426989349038735 0.0 0.0
0.0 -0.0018954793973839559 0.0 0.5254076071614208 0.0 0.04197595098363986 0.04197595098363986 0.04197595098365054 0.04197595098429857 1.5524735584083147 0.0 -5.609346059848265e-06 0.003742698698923766 0.0 0.0
0.0 -0.002000731038686661 0.0 0.5238413380836028 0.0 0.042895601671105704 0.042895601671105704 0.04289560167277722 0.04289560167108212 1.552473558428158 0.0 -5.609395243779227e-06 0.003742698865630137 0.0 0.0
0.0 -0.0021003720962690484 0.0 0.5225837871473189 0.0 0.04384050153603676 0.04384050153603677 0.04384050153603711 0.043840501536037114 1.552473558673579 0.0 -5.6094033635008375e-06 0.003742698655956177 0.0 0.0
0.0 -0.002194912438953543 0.0 0.5215741316577781 0.0 0.04479755069479563 0.04479755069479563 0.04479755069477121 0.04479755069518801 1.5524735585832636 0.0 -5.6093003914074475e-06 0.003742698838263911 0.0 0.0
0.0 -0.0022850037004692983 0.0 0.5207525155117031 0.0 0.045755901500315325 0.045755901500315325 0.04575590150108218 0.045755901501160136 1.5524735586356204 0.0 -5.60936013805739e-06 0.003742698827201446 0.0 0.0
0.0 -0.0023716939606953777 0.0 0.5200540248271698 0.0 0.04670844863805575 0.046708448638055754 0.04670844863880955 0.04670844863807937 1.5524735586885843 0.0 -5.609458025314745e-06 0.0037426988147011243 0.0 0.0
0.0 -0.002456020034194601 0.0 0.5194157388332445 0.0 0.047648590109547084 0.0476485901095471 0.04764859010954673 0.047648590109545724 1.5524735587452658 0.0 -5.609568397715444e-06 0.003742698799450571 0.0 0.0
0.0 -0.0025389367830166423 0.0 0.5187827166205945 0.0 0.04857123698697514 0.04857123698697514 0.04857123698697513 0.048571236986996905 1.552473558950547 0.0 -5.609769015021862e-06 0.0037426985819941747 0.0 0.0
0.0 -0.002621332457292751 0.0 0.5181020214870039 0.0 0.04947105338494142 0.04947105338494142 0.04947105338310638 0.04947105338310566 1.5524735588486895 0.0 -5.609469176307431e-06 0.0037426987629300638 0.0 0.0
0.0 -0.002703849252956605 0.0 0.5173317164514064 0.0 0.05034297128952111 0.05034297128952111 0.050342971289521324 0.05034297128747466 1.552473559022412 0.0 -5.60963278397773e-06 0.0037426985445290994 0.0 0.0
0.0 -0.0027868627961478367 0.0 0.5164378814337036 0.0 0.05118093151383283 0.05118093151383283 0.05118093151383028 0.051180931512764934 1.552473557001485 0.0 -5.609561199216933e-06 0.0037426990012926057 0.0 0.0
0.0 -0.002871402962477662 0.0 0.5153914408181014 0.0 0.051989397557990084 0.05198939755799003 0.05198939755701525 0.05198939755701525 1.5524735581007036 0.0 -5.60965265046421e-06 0.0037426987214789365 0.0 0.0
0.0 -0.002958058541123889 0.0 0.5141922745248392 0.0 0.05277636427444931 0.052776364274449414 0.05277636427444942 0.05277636427448038 1.552473558679903 0.0 -5.609588164387399e-06 0.0037426986458165955 0.0 0.0
0.0 -0.0030463893875820624 0.0 0.5128563984368735 0.0 0.05354110738921287 0.05354110738921287 0.05354110738924007 0.05354110739042975 1.5524735589526009 0.0 -5.60947585926991e-06 0.0037426985847394817 0.0 0.0
0.0 -0.0031360162417858506 0.0 0.5113988206194822 0.0 0.054283401127302094 0.054283401127302094 0.05428340112704433 0.054283401127053967 1.5524735590248442 0.0 -5.609313722419672e-06 0.0037426985457235467 0.0 0.0
0.0 -0.0032265356330113022 0.0 0.5098355496047313 0.0 0.055003019238991195 0.055003019238991195 0.0550030192389934 0.05500301923902893 1.5524735579258797 0.0 -5.609469305859711e-06 0.0037426987369128767 0.0 0.0
0.0 -0.0033176296132660862 0.0 0.508180585430933 0.0 0.05570024018629225 0.05570024018629225 0.05570024018629234 0.055700240186292244 1.5524735586231326 0.0 -5.609159903679077e-06 0.003742698824585879 0.0 0.0
0.0 -0.0034090403726725637 0.0 0.5064469208626833 0.0 0.05637583010845262 0.05637583010843362 0.056375830107879166 0.05637583010845337 1.552473559012176 0.0 -5.60932719475456e-06 0.0037426985582942793 0.0 0.0
0.0 -0.00350054010394378 0.0 0.5046455514532493 0.0 0.05703030734157791 0.05703030734157791 0.05703030735772805 0.05703030735901761 1.5524735590284493 0.0 -5.609394236690961e-06 0.003742698529707296 0.0 0.0
0.0 -0.0035918472490497713 0.0 0.502790469977567 0.0 0.057664444503819 0.057664444503819 0.05766444450444514 0.05766444450444267 1.5524735588073104 0.0 -5.6091666851044465e-06 0.0037426986257483013 0.0 0.0
0.0 -0.0036828615653532655 0.0 0.5008896600176235 0.0 0.05827950585292064 0.05827950585292064 0.05827950585292064 0.05827950585285931 1.5524735590236114 0.0 -5.609181878722159e-06 0.0037426985488315458 0.0 0.0
0.0 -0.0037733677724357405 0.0 0.498955110031589 0.0 0.058876508076172104 0.0588765080761721 0.0588765080761721 0.05887650807678075 1.5524735581304157 0.0 -5.6091010076419e-06 0.003742698889222573 0.0 0.0
0.0 -0.003863271551881544 0.0 0.496993807170133 0.0 0.059456467320670406 0.0594564673206704 0.059456467320672425 0.059456467321419466 1.5524735589818361 0.0 -5.609202558626319e-06 0.003742698576556448 0.0 0.0
0.0 -0.003952466511645627 0.0 0.4950147314250228 0.0 0.06002089404652856 0.060020894046528564 0.06002089402871087 0.06002089404652854 1.5524735590270677 0.0 -5.609203245933762e-06 0.0037426985344485636 0.0 0.0
0.0 -0.004040815520523504 0.0 0.4930258738991722 0.0 0.0605705521819107 0.060570552181910695 0.06057055218194796 0.06057055218191185 1.5524735588987826 0.0 -5.609208154854864e-06 0.00374269860305257 0.0 0.0
0.0 -0.004128260728322974 0.0 0.4910342141062571 0.0 0.06110695397947512 0.06110695397947864 0.06110695397420338 0.061106953981733596 1.552473558887966 0.0 -5.609115815476912e-06 0.003742698728175712 0.0 0.0
0.0 -0.004214707345930134 0.0 0.48904673914656377 0.0 0.061631109734361464 0.061631109734361464 0.061631109735389565 0.061631109733902775 1.55247355881948 0.0 -5.609211124748482e-06 0.0037426986204744054 0.0 0.0
0.0 -0.004300132860364214 0.0 0.48706743508965944 0.0 0.062144027381498504 0.06214402738149747 0.06214402737858253 0.06214402737854918 1.5524735588877119 0.0 -5.609121037161203e-06 0.0037426987299274584 0.0 0.0
0.0 -0.004384460855981683 0.0 0.4851032852839854 0.0 0.06264696670189147 0.06264696670189147 0.0626469667018913 0.06264696670189131 1.5524735586348029 0.0 -5.609127037643012e-06 0.003742698818291968 0.0 0.0
0.0 -0.004467620803275144 0.0 0.4831602764847931 0.0 0.06314093933089823 0.06314093933089823 0.06314093933085445 0.06314093933086726 1.5524735590272751 0.0 -5.6092296768618595e-06 0.0037426985368158557 0.0 0.0
