0.0 0.002579912876169584 0.0 0.6291354942535595 0.0 0.01511551138686402 0.015115511386893769 0.01511551145854563 0.01511551144293635 1.552473559581452 0.0 -5.602148328570606e-06 0.0037426988862100594 0.0 0.0
0.0 0.0024184954921640162 0.0 0.6262518416734133 0.0 0.01636710476523825 0.016367104765238092 0.01636710476625884 0.016367104766276123 1.5524735578430093 0.0 -5.609205348747128e-06 0.0037426987950915924 0.0 0.0
0.0 0.0022577805630678654 0.0 0.6233882376687373 0.0 0.017615730903657503 0.017615730903657503 0.01761573090501123 0.01761573090502841 1.5524735564800556 0.0 -5.609119449019964e-06 0.003742699093393868 0.0 0.0
0.0 0.0020978634966458648 0.0 0.6205486856125194 0.0 0.018861401760288138 0.018861401760288072 0.01886140176028807 0.01886140176028807 1.552473558753762 0.0 -5.60896316791167e-06 0.00374269883083419 0.0 0.0
0.0 0.0019387677257239788 0.0 0.6177371718387398 0.0 0.02010511223202321 0.020105112232023215 0.02010511223282571 0.020105112232040295 1.552473558499771 0.0 -5.6087045751955074e-06 0.003742698710504484 0.0 0.0
0.0 0.0017805707036757088 0.0 0.6149576933781192 0.0 0.021347123207568524 0.02134712320756852 0.021347123208402263 0.021347123206776702 1.5524735577570126 0.0 -5.6091455257212546e-06 0.0037426987988085085 0.0 0.0
0.0 0.0016233319237566133 0.0 0.6122142438932797 0.0 0.022587940433947403 0.022587940433947407 0.0225879404347712 0.022587940434767563 1.5524735563281684 0.0 -5.609075553824258e-06 0.003742699095967915 0.0 0.0
0.0 0.0014671342038954478 0.0 0.609511817604777 0.0 0.02382808046794992 0.023828080467949923 0.023828080467969862 0.023828080467972898 1.5524735586959661 0.0 -5.6091348985458996e-06 0.003742698825265033 0.0 0.0
0.0 0.0013120138085500029 0.0 0.6068534079857144 0.0 0.02506803574179376 0.025068035741793764 0.02506803574114146 0.025068035741772198 1.5524735584787477 0.0 -5.6091189579434374e-06 0.003742698705080127 0.0 0.0
0.0 0.0011580722731273406 0.0 0.6042440121698177 0.0 0.02630806881459618 0.026308068814596183 0.026308068814616423 0.026308068815997673 1.552473557737372 0.0 -5.609178421275916e-06 0.0037426987946894323 0.0 0.0
0.0 0.0010053267212406867 0.0 0.601686619131015 0.0 0.02754893410772287 0.02754893410772287 0.02754893410715941 0.027548934107722862 1.5524735562377416 0.0 -5.605520293785321e-06 0.0037426990502455564 0.0 0.0
0.0 0.000853872240458784 0.0 0.5991852333182325 0.0 0.028790646891036713 0.028790646891036713 0.028790646890557645 0.028790646889643532 1.552473558851197 0.0 -5.60915637547822e-06 0.003742698629372331 0.0 0.0
0.0 0.0007037881262344984 0.0 0.596743848520395 0.0 0.030033450400491303 0.030033450400505653 0.03003345040050322 0.030033450400505656 1.5524735583265947 0.0 -5.609161765650456e-06 0.003742698891956896 0.0 0.0
0.0 0.0005551332277626271 0.0 0.5943664599414762 0.0 0.03127785603528537 0.031277856035285365 0.03127785603528537 0.03127785603528531 1.5524735576757973 0.0 -5.609185066884906e-06 0.0037426987944541687 0.0 0.0
0.0 0.0004080038279475867 0.0 0.5920570683018551 0.0 0.03252386953644484 0.03252386953644484 0.03252386953644714 0.03252386953643394 1.5524735561842136 0.0 -5.609326236218521e-06 0.0037426989098608443 0.0 0.0
0.0 0.00026244734626121855 0.0 0.5898176745857016 0.0 0.033771503570624285 0.03377150357061659 0.033771503570624285 0.033771503571230495 1.5524735588443606 0.0 -5.609261908649967e-06 0.0037426986277910045 0.0 0.0
0.0 0.00011852987748399839 0.0 0.5876532687351991 0.0 0.03502150223549437 0.03502150223549437 0.03502150223477138 0.035021502235494446 1.552473558419722 0.0 -5.609225827994115e-06 0.003742698704725324 0.0 0.0
0.0 -2.361590444883867e-05 0.0 0.5855678594427853 0.0 0.036273376841043876 0.03627337684104387 0.03627337684117444 0.03627337684104402 1.5524735574808022 0.0 -5.609206889211078e-06 0.003742698805507368 0.0 0.0
0.0 -0.0001639418320983567 0.0 0.5835634472389465 0.0 0.03752712981901591 0.03752712981901592 0.0375271298190893 0.03752712981788837 1.5524735555199436 0.0 -5.609091616650701e-06 0.0037426991199342886 0.0 0.0
0.0 -0.0003023893575772765 0.0 0.5816440259920246 0.0 0.03878327918662628 0.03878327918662628 0.038783279186628196 0.0387832791866282 1.5524735587997232 0.0 -5.609209175253216e-06 0.0037426986367120126 0.0 0.0
0.0 -0.0004418278346741192 0.0 0.5797801448601572 0.0 0.040071265765178096 0.040071265765178096 0.040071265765180164 0.04007126576518022 1.552473558164019 0.0 -5.609236077439044e-06 0.003742698732290114 0.0 0.0
0.0 -0.0005837653210911737 0.0 0.5779914049610984 0.0 0.04141813052873193 0.04141813052873194 0.04141813052873503 0.041418130528735095 1.5524735562212484 0.0 -5.60928044852403e-06 0.00374269888985358 0.0 0.0
0.0 -0.0007257725431194795 0.0 0.5763658955004934 0.0 0.04281977506536271 0.042819775065362706 0.04281977506527982 0.04281977506536272 1.552473558564493 0.0 -5.609265550633979e-06 0.0037426988430282137 0.0 0.0
0.0 -0.0008650896947287158 0.0 0.5749977447918638 0.0 0.04426958246180105 0.044269582461801044 0.04426958246180105 0.044269582461800974 1.5524735568902337 0.0 -5.609469825898326e-06 0.003742699020829503 0.0 0.0
0.0 -0.0009987018845285332 0.0 0.5739841193060826 0.0 0.04575845719689674 0.04575845719689674 0.04575845719720473 0.04575845719833973 1.5524735513692747 0.0 -5.609566973121982e-06 0.0037426991127284 0.0 0.0
0.0 -0.0011233313984699976 0.0 0.5734202491841266 0.0 0.04727307881444594 0.04727307881445355 0.04727307881482432 0.04727307881445603 1.5524735566495422 0.0 -5.609594310032427e-06 0.0037426990340523082 0.0 0.0
0.0 -0.0012356466413223058 0.0 0.5733904243705034 0.0 0.04879578367248017 0.04879578367248016 0.04879578367248023 0.048795783672480164 1.5524735497837943 0.0 -5.6099640482956675e-06 0.003742699165579916 0.0 0.0
0.0 -0.0013322305925331226 0.0 0.5739660143455367 0.0 0.05030348253289679 0.05030348253289679 0.050303482528674476 0.05030348252867455 1.552473556150057 0.0 -5.609998639368241e-06 0.0037426990645626976 0.0 0.0
0.0 -0.0014099952814464432 0.0 0.5751914434790188 0.0 0.051768689363870364 0.05176868936388027 0.051768689363869 0.05176868935979745 1.55247354934083 0.0 -5.610156196709533e-06 0.0037426991705857542 0.0 0.0
0.0 -0.001466402226012081 0.0 0.5770771835996464 0.0 0.05316022030991486 0.05316022030992549 0.05316022030936666 0.053160220309377296 1.5524735569827746 0.0 -5.61020458924383e-06 0.003742699001658501 0.0 0.0
0.0 -0.0014996496783211363 0.0 0.5795997106577812 0.0 0.05444573264213548 0.05444573264213547 0.054445732642145354 0.05444573264784934 1.5524735542433443 0.0 -5.610360906896418e-06 0.003742698967850163 0.0 0.0
0.0 -0.0015092328122941008 0.0 0.5826894509831596 0.0 0.05559539495279131 0.05559539495279132 0.05559539495222301 0.05559539495222187 1.5524735587517926 0.0 -5.610255578567203e-06 0.003742698791565046 0.0 0.0
0.0 -0.001495760756509411 0.0 0.5862417632312115 0.0 0.05658301132193809 0.05658301132192496 0.056583011321908155 0.056583011321924864 1.5524735587582739 0.0 -5.610236615650246e-06 0.003742698789738655 0.0 0.0
0.0 -0.0014613740460797493 0.0 0.5901158608395627 0.0 0.057391362289481496 0.0573913622894815 0.05739136229481684 0.05739136229468373 1.552473558863586 0.0 -5.61004965384421e-06 0.003742698750781502 0.0 0.0
0.0 -0.0014094061308756146 0.0 0.5941518053982998 0.0 0.05801318984765867 0.05801318984767457 0.05801318984767459 0.058013190030519246 1.5524735588878449 0.0 -5.610021942768439e-06 0.0037426987202236763 0.0 0.0
0.0 -0.00134421172817442 0.0 0.5981814831438041 0.0 0.058452475417579364 0.05845247541757937 0.058452475417579364 0.05845247542129534 1.5524735589881442 0.0 -5.6101005506160195e-06 0.0037426985641487304 0.0 0.0
0.0 -0.0012708978344369575 0.0 0.6020435968692337 0.0 0.05872571350749352 0.05872571350749372 0.058725713507493615 0.058725713507493615 1.5524735589114635 0.0 -5.610032793379363e-06 0.00374269869609183 0.0 0.0
0.0 -0.0011947164510207563 0.0 0.6055967277008244 0.0 0.05885793154832852 0.05885793154832851 0.058857931548330925 0.058857931548331355 1.5524735588905623 0.0 -5.610149008659302e-06 0.003742698711923984 0.0 0.0
0.0 -0.0011208593243964206 0.0 0.608726343702985 0.0 0.05888220193951767 0.05888220193951767 0.0588822019395146 0.05888220193951459 1.5524735588892205 0.0 -5.610237831468301e-06 0.0037426987124215346 0.0 0.0
0.0 -0.0010538787822753327 0.0 0.6113528813222149 0.0 0.058834403417549426 0.058834403417549426 0.05883440341737764 0.05883440341736117 1.5524735590393781 0.0 -5.610324947246406e-06 0.003742698504808846 0.0 0.0
0.0 -0.0009924974626992977 0.0 0.6136109790404887 0.0 0.058741506485615796 0.058741506485615796 0.05874150648555287 0.058741506485538976 1.5524735590570955 0.0 -5.610333338015633e-06 0.0037426984930576967 0.0 0.0
0.0 -0.0009329247348719806 0.0 0.6156795845065549 0.0 0.05861079928870637 0.05861079928870637 0.05861079928870636 0.05861079928870637 1.5524735589685086 0.0 -5.6101541842839745e-06 0.0037426986695132947 0.0 0.0
0.0 -0.0008756112737094348 0.0 0.6175635822583483 0.0 0.05845004130455352 0.058450041304553516 0.05845004130455352 0.05845004130455353 1.5524735593465295 0.0 -5.610229784991919e-06 0.003742698420674591 0.0 0.0
0.0 -0.0008208191670118267 0.0 0.6192718776624321 0.0 0.05826574653162188 0.05826574653162192 0.05826574653164731 0.05826574652993156 1.552473559030224 0.0 -5.610181587283684e-06 0.003742698527958546 0.0 0.0
0.0 -0.0007687074847807944 0.0 0.6208153877580042 0.0 0.05806368511355329 0.05806368511355348 0.05806368511335583 0.0580636851605493 1.5524735588876089 0.0 -5.6101771237913916e-06 0.0037426987169872474 0.0 0.0
0.0 -0.0007192156545857235 0.0 0.6222080604218019 0.0 0.057847629540957575 0.057847629540957575 0.057847629540945404 0.05784762954086852 1.5524735590382106 0.0 -5.610169181611275e-06 0.00374269850596127 0.0 0.0
0.0 -0.0006723255271773356 0.0 0.6234628394050277 0.0 0.05762160133087934 0.05762160133087934 0.057621601330879485 0.057621601328187604 1.5524735591208194 0.0 -5.6102180024328465e-06 0.003742698468031948 0.0 0.0
0.0 -0.0006278347992458065 0.0 0.624592705915617 0.0 0.05738712105650748 0.05738712105650748 0.05738712105394368 0.05738712105394157 1.5524735588640939 0.0 -5.610146979658772e-06 0.0037426987479468057 0.0 0.0
0.0 -0.0005855725784181112 0.0 0.6256116291435508 0.0 0.05714646529930991 0.05714646529930992 0.05714646529930484 0.05714646529619793 1.552473560512059 0.0 -5.605967811492024e-06 0.003742698634125023 0.0 0.0
0.0 -0.0005452796173090522 0.0 0.6265296191630635 0.0 0.056899390296079815 0.05689939029607982 0.056899390294969605 0.056899390295009324 1.552473558888736 0.0 -5.609919641341005e-06 0.003742698713920381 0.0 0.0
0.0 -0.0005067281764480723 0.0 0.6273576672361042 0.0 0.056646423393887535 0.056646423393887535 0.056646423391411745 0.056646423391412265 1.552473559066605 0.0 -5.605987334547993e-06 0.003742698640491662 0.0 0.0
0.0 -0.0004696229289226684 0.0 0.6281057920124902 0.0 0.0563868279472884 0.05638682794728852 0.05638682794348731 0.05638682794347312 1.5524735595447061 0.0 -5.610150614596609e-06 0.003742698395476525 0.0 0.0
0.0 -0.00043375074554780643 0.0 0.6287790099519751 0.0 0.05611935921130336 0.05611935921129882 0.05611935921116415 0.056119359211304405 1.5524735588876957 0.0 -5.609985385620302e-06 0.003742698719287059 0.0 0.0
0.0 -0.0003988388442966167 0.0 0.6293833503885254 0.0 0.05584227940222769 0.05584227940222851 0.055842279402139476 0.055842279402227836 1.5524735588920338 0.0 -5.609885609733029e-06 0.0037426987091474725 0.0 0.0
0.0 -0.00036475259408021767 0.0 0.6299198362983587 0.0 0.05555408917273332 0.0555540891727353 0.05555408917262434 0.055554089172733315 1.5524735590407228 0.0 -5.610020586719919e-06 0.0037426986527507576 0.0 0.0
0.0 -0.00033133164939036915 0.0 0.630387503326135 0.0 0.05525228567171354 0.05525228567171354 0.05525228567160459 0.055252285671606186 1.5524735588921854 0.0 -5.605933577163307e-06 0.0037426987968620287 0.0 0.0
0.0 -0.0002984830783853499 0.0 0.6307833880761122 0.0 0.05493461466132359 0.05493461466132358 0.05493461466134728 0.054934614661128166 1.5524735590330685 0.0 -5.610085919819337e-06 0.0037426985128593744 0.0 0.0
0.0 -0.00026628111454484273 0.0 0.6310975176025666 0.0 0.05459880962166362 0.05459880962166362 0.05459880962166124 0.05459880962166138 1.5524735589966232 0.0 -5.609813126397777e-06 0.0037426986655873613 0.0 0.0
0.0 -0.00023483760684574705 0.0 0.6313199168372554 0.0 0.05424310366567216 0.05424310366567672 0.05424310366567719 0.05424310366567267 1.5524735588853507 0.0 -5.609874164557357e-06 0.0037426987288028965 0.0 0.0
0.0 -0.0002044326611045521 0.0 0.6314336068811243 0.0 0.053865719902785686 0.053865719902788184 0.053865719902788024 0.05386571990278213 1.5524735588905716 0.0 -5.609904762512909e-06 0.003742698711030931 0.0 0.0
0.0 -0.00017625999455642133 0.0 0.6314194323369983 0.0 0.05347662973413106 0.053476629734134244 0.053476629734135785 0.0534766297341272 1.5524735591957985 0.0 -5.609903229678422e-06 0.0037426986271021853 0.0 0.0
0.0 -0.00015137891519889952 0.0 0.6312722006122602 0.0 0.053088575292475536 0.053088575292475224 0.05308857529247059 0.053088575294983176 1.55247355888776 0.0 -5.609863632409937e-06 0.0037426987188301595 0.0 0.0
0.0 -0.00012993838769625204 0.0 0.6309948676630417 0.0 0.05270456370594016 0.05270456370594017 0.052704563705935334 0.05270456370857384 1.5524735589278784 0.0 -5.609791186853385e-06 0.003742698688353199 0.0 0.0
0.0 -0.00011208014877498734 0.0 0.630588400077241 0.0 0.052326847732851414 0.05232684773285141 0.05232684773284731 0.0523268477350601 1.5524735597319117 0.0 -5.60968559223448e-06 0.0037426985705737623 0.0 0.0
0.0 -9.789889716364843e-05 0.0 0.6300587507791595 0.0 0.05195868279798677 0.05195868279782145 0.05195868279783537 0.05195868279783013 1.552473559030041 0.0 -5.609613569287873e-06 0.0037426985229105547 0.0 0.0
0.0 -8.74517328683981e-05 0.0 0.6294088944824596 0.0 0.05160182903046734 0.05160182903046734 0.05160182903048552 0.05160182903048055 1.5524735590116903 0.0 -5.609630976348922e-06 0.003742698665872816 0.0 0.0
0.0 -8.083919843120733e-05 0.0 0.6286437876241999 0.0 0.05125929257225691 0.05125929257225692 0.05125929257230914 0.05125929257230915 1.5524735588849283 0.0 -5.609699050030528e-06 0.0037426987314910687 0.0 0.0
0.0 -7.802749466240134e-05 0.0 0.627769409397755 0.0 0.050932584003368184 0.05093258400336818 0.05093258400340043 0.05093258400340043 1.5524735590301308 0.0 -5.609516257420175e-06 0.00374269852422973 0.0 0.0
0.0 -7.905074950879248e-05 0.0 0.6267927206856259 0.0 0.05062446487439728 0.05062446487439727 0.05062446487442369 0.050624464874428066 1.552473558993486 0.0 -5.609433071828392e-06 0.0037426986737142975 0.0 0.0
0.0 -8.385670181419308e-05 0.0 0.625719704481884 0.0 0.050336194430204234 0.05033619443020423 0.050336194430204234 0.05033619442913561 1.552473559021858 0.0 -5.609500107655883e-06 0.0037426985472928886 0.0 0.0
0.0 -9.240020216266913e-05 0.0 0.6245583330212251 0.0 0.050069786395147906 0.05006978639514789 0.050069786395147906 0.0500697863930734 1.5524735588882284 0.0 -5.609349703108248e-06 0.0037426987237986534 0.0 0.0
0.0 -0.0001045568422859209 0.0 0.623317590256268 0.0 0.04982650520240913 0.049826505202409235 0.04982650520240924 0.04982650520241103 1.5524735588960383 0.0 -5.609271635860066e-06 0.003742698713211466 0.0 0.0
0.0 -0.00012029280873238475 0.0 0.6220034555514645 0.0 0.04960786094794792 0.04960786094794792 0.04960786094795059 0.04960786094665666 1.5524735591771266 0.0 -5.609592212181536e-06 0.0037426984694913608 0.0 0.0
0.0 -0.000139422625301612 0.0 0.620625920228256 0.0 0.049414618927137915 0.04941461892713796 0.04941461892649651 0.0494146189264965 1.5524735590087149 0.0 -5.609465605387653e-06 0.0037426985593558616 0.0 0.0
0.0 -0.00016184629353573125 0.0 0.619192968087814 0.0 0.049248046169655495 0.049248046169655495 0.04924804616965786 0.049248046169970625 1.5524735606156008 0.0 -5.609324354410592e-06 0.0037426983394067033 0.0 0.0
0.0 -0.0001874017562438105 0.0 0.6177135904586819 0.0 0.04910889761665753 0.04910889761665751 0.049108897614421866 0.04910889761437646 1.5524735590295118 0.0 -5.6094936735046026e-06 0.0037426985281821213 0.0 0.0
0.0 -0.00021591570490080478 0.0 0.6161957858086392 0.0 0.0489974453873131 0.0489974453873131 0.04899744538562801 0.04899744538557431 1.5524735590281067 0.0 -5.6093283797686015e-06 0.003742698530797727 0.0 0.0
0.0 -0.0002471841732265697 0.0 0.6146495496872703 0.0 0.04891420252480355 0.048914202524803545 0.048914202523961385 0.04891420252397212 1.5524735590307717 0.0 -5.609468788295976e-06 0.0037426985242529675 0.0 0.0
0.0 -0.0002810571293300963 0.0 0.6130818801817155 0.0 0.04885943027783003 0.04885943027783003 0.04885943027779257 0.048859430277791445 1.552473558892589 0.0 -5.609208106016503e-06 0.0037426987173275 0.0 0.0
0.0 -0.0003172756533466211 0.0 0.611502783999922 0.0 0.048832894682773374 0.04883289468277318 0.04883289468237222 0.04883289468237016 1.5524735591264198 0.0 -5.608984301243286e-06 0.0037426985180188405 0.0 0.0
0.0 -0.0003552253365894194 0.0 0.6099362747980419 0.0 0.048834134093699404 0.048834134093699404 0.04883413409370942 0.048834134093709416 1.5524735590022534 0.0 -5.605589527047687e-06 0.0037426986718853404 0.0 0.0
0.0 -0.0003942470147392595 0.0 0.6084014019039219 0.0 0.04886042857912015 0.048860428579120145 0.048860428579131185 0.048860428579129464 1.5524735588924554 0.0 -5.6092845719471496e-06 0.003742698716616655 0.0 0.0
0.0 -0.0004340824080226374 0.0 0.6068982150862972 0.0 0.048908277633170884 0.048908277633170905 0.048908277631719704 0.04890827763170456 1.5524735588892749 0.0 -5.609457550092019e-06 0.003742698718571976 0.0 0.0
0.0 -0.00047455316309590024 0.0 0.6054257560189019 0.0 0.048974929239404746 0.04897492923940476 0.048974929239016335 0.04897492923929868 1.5524735590283223 0.0 -5.609381468260673e-06 0.003742698529283703 0.0 0.0
0.0 -0.0005156081798319111 0.0 0.6039800537983335 0.0 0.04905837666483841 0.049058376664838414 0.04905837665559699 0.04905837665578007 1.5524735590298615 0.0 -5.609574838872568e-06 0.00374269852483022 0.0 0.0
0.0 -0.0005572019973461004 0.0 0.6025561404184366 0.0 0.049156361547535055 0.049156361547535055 0.04915636154670754 0.04915636154668423 1.5524735590291383 0.0 -5.609427179069468e-06 0.0037426985320131063 0.0 0.0
0.0 -0.0005992778966092493 0.0 0.6011510414402099 0.0 0.049267128821345624 0.04926712882134563 0.04926712882141094 0.0492671288214047 1.5524735590262697 0.0 -5.609307448505219e-06 0.0037426985434198022 0.0 0.0
0.0 -0.0006419065714955437 0.0 0.5997587701550878 0.0 0.0493896686948491 0.04938966869484914 0.04938966869380273 0.04938966869379648 1.552473559014415 0.0 -5.609497692229436e-06 0.003742698554457063 0.0 0.0
0.0 -0.0006851459408097787 0.0 0.5983723468154735 0.0 0.04952247030169205 0.049522470301692045 0.04952247030168914 0.04952247030196147 1.5524735591624346 0.0 -5.609269607052226e-06 0.003742698645638957 0.0 0.0
0.0 -0.0007290241716568104 0.0 0.5969867890469873 0.0 0.04966427397199883 0.04966427397199876 0.04966427397200077 0.04966427397096014 1.5524735591172247 0.0 -5.609569064744173e-06 0.003742698484086893 0.0 0.0
0.0 -0.000773678481238514 0.0 0.5955941054155628 0.0 0.04981431787670475 0.04981431787670476 0.049814317876704754 0.049814317876191457 1.5524735590424918 0.0 -5.609433853422392e-06 0.0037426985152771105 0.0 0.0
0.0 -0.0008191186951050893 0.0 0.5941893171628629 0.0 0.04997109367238467 0.04997109367238464 0.04997109367275009 0.04997109367154025 1.5524735590278538 0.0 -5.609309357397209e-06 0.00374269853081225 0.0 0.0
0.0 -0.0008655485609738897 0.0 0.5927624289572762 0.0 0.05013408515999424 0.050134085159994235 0.05013408515999424 0.050134085157985675 1.5524735590295782 0.0 -5.609491542004074e-06 0.003742698529227645 0.0 0.0
0.0 -0.0009129650697529915 0.0 0.5913074688406429 0.0 0.05030128238092895 0.05030128238093928 0.05030128238093928 0.050301282381292625 1.5524735590242538 0.0 -5.609337812540832e-06 0.0037426985466378084 0.0 0.0
0.0 -0.0009615535725535358 0.0 0.589814445416659 0.0 0.05047191914045842 0.0504719191404665 0.0504719191404678 0.05047191913966544 1.5524735589914926 0.0 -5.6095087304627785e-06 0.003742698568544228 0.0 0.0
0.0 -0.0010113464229821582 0.0 0.5882743932736393 0.0 0.05064348097176313 0.050643480971763126 0.05064348097145628 0.050643480971456205 1.552473558977025 0.0 -5.609234921025456e-06 0.0037426986809376084 0.0 0.0
0.0 -0.001062370360565959 0.0 0.5866793441536045 0.0 0.050813704058475996 0.050813704058475996 0.050813704058230054 0.05081370405822964 1.5524735590422296 0.0 -5.609456414599128e-06 0.0037426985147796855 0.0 0.0
0.0 -0.0011147298631477823 0.0 0.5850173317698747 0.0 0.050980069241216286 0.05098006924121761 0.05098006924121695 0.05098006924121626 1.552473558888295 0.0 -5.609170419242188e-06 0.0037426987251636327 0.0 0.0
0.0 -0.0011683412574103676 0.0 0.5832804102339979 0.0 0.05113881307568142 0.0511388130756814 0.05113881307547372 0.0511388130754736 1.5524735590284373 0.0 -5.609323092351152e-06 0.0037426985336953753 0.0 0.0
0.0 -0.0012231432520583253 0.0 0.5814566471846845 0.0 0.051285165519768035 0.05128516551976804 0.051285165519768874 0.05128516551976618 1.552473558883745 0.0 -5.609282845684543e-06 0.0037426987384257785 0.0 0.0
0.0 -0.0012805594494477073 0.0 0.5794830432444827 0.0 0.051417775398301384 0.051417775398301384 0.051417775397892954 0.051417775397893 1.5524735590062588 0.0 -5.6093834106777794e-06 0.0037426985622223317 0.0 0.0
0.0 -0.0013415914608975712 0.0 0.577312609991001 0.0 0.05153481758690478 0.051534817586919496 0.05153481758690478 0.05153481758692169 1.5524735592325665 0.0 -5.605619587657525e-06 0.0037426986278740588 0.0 0.0
0.0 -0.001405251550407555 0.0 0.5749704364040131 0.0 0.051631080134631975 0.05163108013464793 0.05163108013421669 0.05163108013423025 1.5524735591367693 0.0 -5.609239924768102e-06 0.003742698486619602 0.0 0.0
0.0 -0.0014707153859302745 0.0 0.5724785858336839 0.0 0.051702598594833296 0.05170259859484832 0.05170259859444153 0.051702598594453364 1.5524735590802323 0.0 -5.609137358099389e-06 0.0037426985044474205 0.0 0.0
0.0 -0.0015372046714391334 0.0 0.5698640930878021 0.0 0.051747665902793276 0.05174766590279327 0.051747665902419804 0.05174766590243398 1.552473558913459 0.0 -5.609125789087351e-06 0.0037426987037807212 0.0 0.0
0.0 -0.0016040755424530132 0.0 0.5671529698453455 0.0 0.05176607374151444 0.05176607374151444 0.05176607374115442 0.05176607374116726 1.5524735590517602 0.0 -5.609080191830559e-06 0.0037426985166350572 0.0 0.0
0.0 -0.00167084263883934 0.0 0.5643692037684938 0.0 0.05175911068562902 0.051759110685642956 0.05175911068525388 0.051759110685265 1.5524735589098986 0.0 -5.609026787865918e-06 0.0037426987066216974 0.0 0.0
0.0 -0.0017370590531264663 0.0 0.5615397617664563 0.0 0.05172957053233606 0.05172957053233607 0.051729570531918616 0.051729570531934346 1.5524735590664505 0.0 -5.609143962225665e-06 0.00374269850933093 0.0 0.0
0.0 -0.001802538209316702 0.0 0.5586845899075958 0.0 0.05168148590451749 0.05168148590451747 0.05168148590405656 0.05168148590407388 1.552473559093411 0.0 -5.60901784318611e-06 0.0037426985022038953 0.0 0.0
0.0 -0.001867058286930735 0.0 0.555826626636752 0.0 0.051619394372104874 0.05161939437212517 0.05161939437158308 0.05161939437160339 1.552473558996101 0.0 -5.608946740693103e-06 0.00374269867905806 0.0 0.0
0.0 -0.0019305432611412111 0.0 0.5529857957157097 0.0 0.05154882838100291 0.05154882838100286 0.05154882838100286 0.05154882838100224 1.5524735588056955 0.0 -5.608966338360193e-06 0.003742698783541212 0.0 0.0
0.0 -0.0019929044023562726 0.0 0.5501810276518869 0.0 0.05147482002909806 0.05147482002909806 0.051474820029098034 0.05147482002910226 1.5524735588439655 0.0 -5.608992977384811e-06 0.0037426987685876393 0.0 0.0
0.0 -0.002054053007442307 0.0 0.5474312530163861 0.0 0.05140240129998455 0.05140240129998455 0.051402401299984975 0.051402401300010905 1.5524735596400325 0.0 -5.609116104308791e-06 0.0037426984177772876 0.0 0.0
0.0 -0.0021138575851493433 0.0 0.5447564062974396 0.0 0.05133635299136383 0.05133635299139119 0.0513363529906566 0.051336352990683974 1.5524735597505142 0.0 -5.609094646420157e-06 0.0037426985827446967 0.0 0.0
0.0 -0.0021721131912474665 0.0 0.5421764373436349 0.0 0.05128045637155718 0.05128045637155718 0.05128045637115229 0.05128045637115226 1.5524735590242396 0.0 -5.609079549280459e-06 0.003742698549227429 0.0 0.0
0.0 -0.0022285230980853546 0.0 0.5397113139144784 0.0 0.05123724771723954 0.051237247717239545 0.051237247717239545 0.05123724771726862 1.5524735590265406 0.0 -5.609170841448647e-06 0.0037426985434947184 0.0 0.0
0.0 -0.0022826627382290196 0.0 0.5373840169063067 0.0 0.05120851248624308 0.05120851248624308 0.05120851248608385 0.05120851248608384 1.5524735588875864 0.0 -5.609020990635953e-06 0.003742698733709468 0.0 0.0
0.0 -0.002334051025491191 0.0 0.5352145517177768 0.0 0.05119428277856258 0.051194282778562576 0.051194282778498475 0.05119428277849846 1.5524735588877459 0.0 -5.609188386371247e-06 0.0037426987312349784 0.0 0.0
0.0 -0.0023820553029631295 0.0 0.5332269368362573 0.0 0.05119384695202934 0.051193846952029345 0.051193846951992465 0.051193846951991265 1.5524735588877494 0.0 -5.609190297767026e-06 0.003742698731192555 0.0 0.0
0.0 -0.0024260046627237195 0.0 0.5314422119560984 0.0 0.0512049883557977 0.05120498835579769 0.05120498835580019 0.051204988355788864 1.5524735590281982 0.0 -5.609341922356415e-06 0.0037426985373125127 0.0 0.0
0.0 -0.00246634604714366 0.0 0.5298334105002059 0.0 0.05122491325219103 0.05122491325219103 0.051224913252018764 0.05122491325203024 1.5524735590287824 0.0 -5.609477398955837e-06 0.0037426985354826886 0.0 0.0
0.0 -0.002504120738641034 0.0 0.5283465691733646 0.0 0.05125003453392154 0.05125003453392154 0.05125003453365337 0.05125003453365335 1.5524735590268506 0.0 -5.609307709415423e-06 0.0037426985419835965 0.0 0.0
0.0 -0.0025394629820892516 0.0 0.5269677254463905 0.0 0.05127757932137223 0.05127757932137223 0.05127757932101763 0.05127757932102537 1.5524735588842025 0.0 -5.609428130584824e-06 0.003742698735922347 0.0 0.0
0.0 -0.002572562285306045 0.0 0.5256829050264468 0.0 0.051305524910451254 0.051305524910451254 0.051305524910037995 0.051305524910024325 1.5524735590244927 0.0 -5.6094243086062695e-06 0.0037426985449458983 0.0 0.0
0.0 -0.0026036873894879535 0.0 0.5244771223830386 0.0 0.051332597010979496 0.051332597010979496 0.0513325970104949 0.051332597010497506 1.5524735590213672 0.0 -5.609351564525328e-06 0.0037426985500813646 0.0 0.0
0.0 -0.0026331198832776188 0.0 0.5233363848806377 0.0 0.05135802307709562 0.051358023077095624 0.051358023076557305 0.05135802307655759 1.552473559020091 0.0 -5.609635853243559e-06 0.0037426985468375566 0.0 0.0
0.0 -0.0026611781247871287 0.0 0.5222466919703735 0.0 0.05138153062035678 0.051381530620356795 0.05138153062037367 0.05138153062036055 1.5524735590160879 0.0 -5.609607842999411e-06 0.0037426985509139117 0.0 0.0
0.0 -0.002688186260635023 0.0 0.5211930469427637 0.0 0.051402596735594226 0.05140259673556638 0.05140259673472737 0.05140259673475531 1.5524735596487855 0.0 -5.609585425329626e-06 0.003742698402762635 0.0 0.0
0.0 -0.0027144567862305924 0.0 0.5201624459943224 0.0 0.051421197944973386 0.051421197944973386 0.05142119794414093 0.05142119794416757 1.5524735594062333 0.0 -5.60948907231759e-06 0.003742698608397814 0.0 0.0
0.0 -0.0027403139328452822 0.0 0.5191398923758491 0.0 0.051436811689032365 0.05143681168900462 0.05143681168817433 0.05143681168820486 1.5524735595286845 0.0 -5.6095678265069446e-06 0.0037426984164541637 0.0 0.0
0.0 -0.0027660703580118656 0.0 0.5181123822619295 0.0 0.05144941692332162 0.05144941692332162 0.051449416922494225 0.05144941692252184 1.5524735594892287 0.0 -5.609558657540062e-06 0.003742698421387142 0.0 0.0
0.0 -0.0027920132882685313 0.0 0.5170649263316414 0.0 0.051457989510288814 0.05145798951026102 0.05145798950943308 0.051457989509460886 1.5524735594637238 0.0 -5.609543025847358e-06 0.0037426984249739875 0.0 0.0
0.0 -0.002818418559518712 0.0 0.5159845283181782 0.0 0.05146200765639705 0.05146200765639632 0.05146200765572989 0.05146200765570755 1.5524735589947554 0.0 -5.609521737243205e-06 0.003742698566370512 0.0 0.0
0.0 -0.0028455311312538673 0.0 0.5148572029409818 0.0 0.05146020134449376 0.05146020134446498 0.05146020134363358 0.051460201343662415 1.5524735594568924 0.0 -5.609473966699377e-06 0.0037426984279378354 0.0 0.0
0.0 -0.0028735346090465407 0.0 0.5136699726482155 0.0 0.05145079685959883 0.05145079685959883 0.05145079685959719 0.051450796859628604 1.5524735594840733 0.0 -5.609409836458302e-06 0.0037426984266465224 0.0 0.0
0.0 -0.002902563279590186 0.0 0.5124088746007084 0.0 0.05143102217164462 0.051431022171613106 0.05143102217075014 0.05143102217078166 1.5524735593741859 0.0 -5.609232610701798e-06 0.003742698617112014 0.0 0.0
0.0 -0.002932636727819827 0.0 0.5110639511026277 0.0 0.0513978597670515 0.05139785976705154 0.05139785976705732 0.05139785976705152 1.5524735590125065 0.0 -5.609544794370701e-06 0.0037426985548225226 0.0 0.0
0.0 -0.0029636883003951457 0.0 0.5096242660794386 0.0 0.051346794922285784 0.05134679492228579 0.051346794921358505 0.051346794921391575 1.5524735597083146 0.0 -5.609308489154191e-06 0.0037426985821733027 0.0 0.0
0.0 -0.0029954256415139395 0.0 0.5080829114175409 0.0 0.051271559694955886 0.05127155969495588 0.05127155969474748 0.05127155969475635 1.5524735590254408 0.0 -5.609235426280894e-06 0.0037426985455787888 0.0 0.0
0.0 -0.0030274353226977663 0.0 0.5064349943053307 0.0 0.0511648997500666 0.05116489975006659 0.051164899750865474 0.05116489975087944 1.5524735588880012 0.0 -5.609237335286169e-06 0.003742698728952916 0.0 0.0
0.0 -0.003058993448365408 0.0 0.5046816575416799 0.0 0.05101731369984558 0.05101731369984557 0.05101731370866462 0.051017313708483086 1.5524735590286411 0.0 -5.609413717630975e-06 0.0037426985291689526 0.0 0.0
0.0 -0.003089180979973979 0.0 0.5028390142306467 0.0 0.050821576089541326 0.050821576089541395 0.0508215760895456 0.050821576089543505 1.5524735588969618 0.0 -5.609091316905338e-06 0.0037426987145934504 0.0 0.0
0.0 -0.003117022648317639 0.0 0.5009331431988797 0.0 0.05057297821129698 0.050572978211296984 0.0505729782105549 0.05057297821052585 1.5524735590651644 0.0 -5.609110765141125e-06 0.0037426986635372356 0.0 0.0
0.0 -0.0031414411149283724 0.0 0.4989951208611491 0.0 0.05026706812010055 0.050267068120100546 0.050267068120100546 0.050267068120065 1.5524735590255985 0.0 -5.609213825434985e-06 0.003742698545393208 0.0 0.0
0.0 -0.003161524919445057 0.0 0.49705598984628213 0.0 0.049901646182988486 0.049901646182988486 0.04990164618299439 0.04990164618255083 1.552473559030009 0.0 -5.6092251994356986e-06 0.0037426985293262586 0.0 0.0
0.0 -0.0031763328843308876 0.0 0.4951487896659434 0.0 0.04947476544042455 0.04947476544042456 0.049474765440422196 0.04947476544163725 1.5524735592929235 0.0 -5.609157705839578e-06 0.0037426986300513887 0.0 0.0
0.0 -0.0031851799916233453 0.0 0.493303521535621 0.0 0.048986971767654416 0.048986971767658795 0.04898697176712463 0.04898697176712462 1.552473559027626 0.0 -5.609282314983653e-06 0.0037426985322568914 0.0 0.0
0.0 -0.0031873943576385126 0.0 0.4915511794280055 0.0 0.048439318466245086 0.04843931846624508 0.0484393184658931 0.048439318465890446 1.5524735596123076 0.0 -5.6093628757891706e-06 0.0037426984172949174 0.0 0.0
0.0 -0.0031825823990302825 0.0 0.48991573267395777 0.0 0.04783434025563076 0.04783434025563084 0.04783434025563076 0.0478343402556335 1.5524735588963527 0.0 -5.609106294947663e-06 0.0037426987153144063 0.0 0.0
0.0 -0.0031704733932227573 0.0 0.48841913529265946 0.0 0.047175581235403795 0.0471755812354039 0.0471755812354015 0.04717558123544057 1.552473561421003 0.0 -5.6092393753211125e-06 0.0037426984844317218 0.0 0.0
0.0 -0.0031509941340485247 0.0 0.48707732712490226 0.0 0.04646730282721894 0.046467302827218955 0.04646730282814665 0.04646730282814665 1.552473559531298 0.0 -5.6057346764099635e-06 0.0037426985999947796 0.0 0.0
0.0 -0.0031242978116962296 0.0 0.4858992388575381 0.0 0.04571453203950215 0.04571453203950215 0.045714532040088345 0.04571453203952326 1.5524735590958771 0.0 -5.609484237877193e-06 0.0037426984938673524 0.0 0.0
0.0 -0.0030905721105922656 0.0 0.484890801870052 0.0 0.04492179300357734 0.04492179300357734 0.04492179300470834 0.044921793003619946 1.5524735672622179 0.0 -5.609488747419523e-06 0.003742698096007026 0.0 0.0
0.0 -0.003050291383214895 0.0 0.4840489334734562 0.0 0.04409454152689456 0.044094541526894564 0.04409454152797893 0.044094541528130624 1.5524735632866238 0.0 -5.609459868461257e-06 0.0037426984099532814 0.0 0.0
0.0 -0.0030039689714454402 0.0 0.4833645714437602 0.0 0.04323679093434943 0.04323679093434944 0.043236790935378945 0.0432367909371926 1.552473561543081 0.0 -5.609632415518574e-06 0.003742698290927241 0.0 0.0
0.0 -0.0029522912649340076 0.0 0.4828236404035077 0.0 0.04235326723588368 0.04235326723588368 0.04235326723588368 0.04235326723588368 1.552473560273867 0.0 -5.609680701548764e-06 0.003742698547174147 0.0 0.0
0.0 -0.002896002904571566 0.0 0.4824050856299827 0.0 0.041447186817397896 0.041447186817397896 0.04144718681925013 0.04144718681737044 1.552473559706451 0.0 -5.609560075658343e-06 0.00374269859169891 0.0 0.0
0.0 -0.002835920611669198 0.0 0.48208485147598285 0.0 0.0405217611135379 0.04052176111353795 0.04052176111073318 0.04052176111162456 1.5524735593982033 0.0 -5.609749123601794e-06 0.0037426986176695856 0.0 0.0
0.0 -0.002772968626142202 0.0 0.48183288804937724 0.0 0.03957969218767587 0.03957969218767587 0.03957969218767454 0.03957969218764943 1.5524735592268852 0.0 -5.609682656417824e-06 0.0037426986390318366 0.0 0.0
0.0 -0.0027081122429657646 0.0 0.4816151555640725 0.0 0.03862292576081893 0.038622925760818945 0.038622925760820194 0.03862292576084625 1.5524735592996224 0.0 -5.6097124684681676e-06 0.003742698453997293 0.0 0.0
