0.0 0.0026874454632827725 0.0 0.6320370494853358 0.0 0.014605073340386273 0.014605073340404836 0.014605072822390033 0.014605073374697828 1.5524735598107193 0.0 -5.602148940726519e-06 0.0037426988862093056 0.0 0.0
0.0 0.0026336474157364355 0.0 0.6320410342590748 0.0 0.015340454323529044 0.01534045432352905 0.015340454323507302 0.015340454323507308 1.5524735578116466 0.0 -5.609868889095324e-06 0.0037426989773011675 0.0 0.0
0.0 0.002580561975837439 0.0 0.6320441666297728 0.0 0.01606583748578967 0.01606583748578975 0.016065837486744065 0.016065837486764142 1.5524735586044767 0.0 -5.609975068820912e-06 0.00374269868086937 0.0 0.0
0.0 0.002528262815148832 0.0 0.6320464635396321 0.0 0.016780216654295632 0.01678021665429563 0.016780216651323746 0.016780216651341318 1.5524735587627827 0.0 -5.609872368141693e-06 0.0037426988045005634 0.0 0.0
0.0 0.0024767682730182992 0.0 0.6320479288537099 0.0 0.017483342187082467 0.01748334218708246 0.017483342187082453 0.017483342184117963 1.5524735590170033 0.0 -5.609969147822927e-06 0.0037426985483803715 0.0 0.0
0.0 0.0024260911757614722 0.0 0.6320475696707231 0.0 0.018174712526172393 0.018174712526172383 0.01817471252617239 0.018174712526172036 1.552473558887832 0.0 -5.609871142550586e-06 0.0037426987209446725 0.0 0.0
0.0 0.002376249889825527 0.0 0.6320453898431806 0.0 0.018854077503080262 0.018854077503080324 0.01885407750308032 0.01885407750308033 1.5524735588472465 0.0 -5.609969447093626e-06 0.0037426986230573345 0.0 0.0
0.0 0.0023272998221385965 0.0 0.6320413994427369 0.0 0.019520687965637266 0.019520687965637273 0.019520687965650672 0.01952068796565068 1.5524735588700822 0.0 -5.6059190220714885e-06 0.0037426988153653647 0.0 0.0
0.0 0.002279301317627351 0.0 0.6320366095500654 0.0 0.020174044590075272 0.02017404459007526 0.02017404458951685 0.020174044592519834 1.5524735588877967 0.0 -5.609865346015906e-06 0.003742698721072902 0.0 0.0
0.0 0.002232225265241477 0.0 0.6320290201086339 0.0 0.020813894034004254 0.020813894034004195 0.02081389403481511 0.020813894037769624 1.5524735588726566 0.0 -5.609961930818426e-06 0.003742698614843909 0.0 0.0
0.0 0.002186108263715462 0.0 0.6320186396169973 0.0 0.02143973710143683 0.021439737101436835 0.021439737101977538 0.021439737101977538 1.5524735588750305 0.0 -5.609858882149246e-06 0.003742698745281037 0.0 0.0
0.0 0.002141035266271088 0.0 0.6320074762463699 0.0 0.022051076151768285 0.022051076151768326 0.022051076151896158 0.02205107615199211 1.5524735590322538 0.0 -5.609949753432821e-06 0.003742698515971748 0.0 0.0
0.0 0.002096995038668549 0.0 0.6319935368368753 0.0 0.022647407977803645 0.022647407977803537 0.022647407977803534 0.022647407977771854 1.5524735589682324 0.0 -5.60994845653253e-06 0.003742698579026329 0.0 0.0
0.0 0.0020540668360468114 0.0 0.6319778329223231 0.0 0.02322798443736736 0.023227984437367354 0.023227984437374807 0.023227984437374814 1.5524735588872545 0.0 -5.609845466755193e-06 0.003742698724558222 0.0 0.0
0.0 0.0020122506753646576 0.0 0.6319603645768017 0.0 0.02379280493656182 0.023792804936561707 0.02379280493659834 0.023792804936595285 1.55247355887698 0.0 -5.609939176654178e-06 0.0037426986126251937 0.0 0.0
0.0 0.001971583358754579 0.0 0.6319411391992974 0.0 0.02434137031993962 0.02434137031993963 0.024341370319525855 0.024341370319918763 1.5524735588833078 0.0 -5.609834139016004e-06 0.0037426987344810468 0.0 0.0
0.0 0.0019320961449604734 0.0 0.6319191678090992 0.0 0.024872927594591865 0.02487292759459187 0.024872927593814587 0.0248729275945576 1.5524735586422016 0.0 -5.609826252041212e-06 0.0037426988354205275 0.0 0.0
0.0 0.0018938738327987565 0.0 0.6318964584965193 0.0 0.025386981566946097 0.025386981566946108 0.025386981566969943 0.025386981563973076 1.5524735590253358 0.0 -5.609916516577699e-06 0.0037426985387469932 0.0 0.0
0.0 0.0018568925328965999 0.0 0.6318720108795249 0.0 0.025883529235018927 0.02588352923501893 0.025883529235019107 0.02588352923501911 1.5524735588997343 0.0 -5.609812887615666e-06 0.0037426987078151568 0.0 0.0
0.0 0.0018212258316156159 0.0 0.6318458399758946 0.0 0.026361570853896486 0.026361570853896503 0.02636157085389538 0.026361570853896486 1.5524735589767433 0.0 -5.609600424848939e-06 0.0037426987356572405 0.0 0.0
0.0 0.001787413406385156 0.0 0.6318190511717565 0.0 0.026814106722815045 0.026814106722815045 0.026814106722815055 0.02681410672281453 1.5524735588433398 0.0 -5.609896517087435e-06 0.0037426986215669854 0.0 0.0
0.0 0.0017558532387127325 0.0 0.6317937160087992 0.0 0.027236390300452787 0.027236390300452783 0.027236390300452783 0.027236390300452794 1.5524735588870304 0.0 -5.609789831377432e-06 0.0037426987259975577 0.0 0.0
0.0 0.001726226665792089 0.0 0.63176877439136 0.0 0.027632419472487756 0.027632419472487752 0.027632419472487766 0.02763241947248775 1.552473558965225 0.0 -5.609879760871148e-06 0.0037426985801672233 0.0 0.0
0.0 0.0016983424030796016 0.0 0.63174617807582 0.0 0.028005448594517927 0.028005448594517944 0.028005448597112584 0.028005448598013134 1.552473558887824 0.0 -5.609775158943361e-06 0.0037426987185180997 0.0 0.0
0.0 0.0016718576651931162 0.0 0.6317238666283732 0.0 0.02835947475002014 0.028359474750020156 0.028359474749540307 0.028359474752479914 1.5524735590266698 0.0 -5.609864092014121e-06 0.003742698537177274 0.0 0.0
0.0 0.00164658688686219 0.0 0.6317047883420673 0.0 0.02869800315660992 0.02869800315660992 0.02869800315593729 0.028698003158575163 1.55247355877824 0.0 -5.609762228258721e-06 0.0037426987954912493 0.0 0.0
0.0 0.0016222242173306064 0.0 0.631686889182026 0.0 0.029024531781385077 0.029024531778795378 0.02902453177893573 0.02902453177879523 1.5524735588953953 0.0 -5.605854639196758e-06 0.0037426987890560805 0.0 0.0
0.0 0.00159847452229952 0.0 0.6316701124097325 0.0 0.029343060598700583 0.029343060598723335 0.02934306059825248 0.029343060598252483 1.5524735590275405 0.0 -5.609847142311263e-06 0.003742698535868741 0.0 0.0
0.0 0.001575104629953567 0.0 0.6316554025672642 0.0 0.02965709179158075 0.02965709179160682 0.029657091790959555 0.02965709179096197 1.552473558948449 0.0 -5.609844641485734e-06 0.0037426985872810723 0.0 0.0
0.0 0.0015518380822952388 0.0 0.6316427045211196 0.0 0.029970376363522504 0.029970376363525227 0.02997037636378355 0.029970376363525234 1.552473558887872 0.0 -5.609742748094291e-06 0.003742698718050332 0.0 0.0
0.0 0.0015284170641436368 0.0 0.6316319658811549 0.0 0.03028641442965736 0.030286414429657363 0.030286414429252357 0.030286414429666845 1.552473559030069 0.0 -5.609834308291785e-06 0.0037426985305693927 0.0 0.0
0.0 0.0015045654164461092 0.0 0.6316231303260984 0.0 0.030608956536086737 0.030608956536086737 0.0306089565354682 0.030608956536086744 1.552473558821991 0.0 -5.609736090688138e-06 0.0037426987779642794 0.0 0.0
0.0 0.0014800308604219436 0.0 0.6316171420436231 0.0 0.030941755275994815 0.030941755275994815 0.030941755275994815 0.030941755275986024 1.5524735590331753 0.0 -5.609827732602939e-06 0.0037426985161879743 0.0 0.0
0.0 0.0014545556804162695 0.0 0.6316139484831198 0.0 0.03128831075688754 0.031288310756887594 0.03128831075687817 0.03128831075685722 1.552473559029906 0.0 -5.609827376382189e-06 0.003742698531020929 0.0 0.0
0.0 0.0014279117737383163 0.0 0.6316154939505388 0.0 0.031652376687356105 0.03165237668735609 0.031652376687356716 0.03165237668733195 1.5524735588761813 0.0 -5.609530185307881e-06 0.003742698789006831 0.0 0.0
0.0 0.0013998171389464377 0.0 0.6316207259463871 0.0 0.03203745262618414 0.03203745262618406 0.03203745262618412 0.032037452626184106 1.552473559031442 0.0 -5.609827074058512e-06 0.003742698518605081 0.0 0.0
0.0 0.0013700735237998887 0.0 0.6316335853830536 0.0 0.03244754490486392 0.032447544904863915 0.03244754490486392 0.032447544904863984 1.5524735588689107 0.0 -5.609736099592677e-06 0.003742698750636446 0.0 0.0
0.0 0.00133846549054675 0.0 0.6316550239694162 0.0 0.032885905971523986 0.032885905971523986 0.032885905971522744 0.032885905969260484 1.552473558893873 0.0 -5.609741046430633e-06 0.0037426987111057568 0.0 0.0
0.0 0.0013047465319739819 0.0 0.6316869823200753 0.0 0.033356539488990485 0.033356539488990464 0.03335653948899068 0.033356539486040615 1.5524735590259342 0.0 -5.609844880015769e-06 0.0037426985382368293 0.0 0.0
0.0 0.0012687735716514965 0.0 0.6317334127866202 0.0 0.03386270183183935 0.03386270183183934 0.0338627018318365 0.033862701829185854 1.5524735585840863 0.0 -5.609760100861382e-06 0.003742698843342629 0.0 0.0
0.0 0.0012285106333472118 0.0 0.6318018643465871 0.0 0.03443466213882596 0.03443466213882596 0.03443466214223789 0.034434662138825956 1.5524735590163798 0.0 -5.609875351920946e-06 0.0037426985483634614 0.0 0.0
0.0 0.0011825666916542188 0.0 0.6319000168365758 0.0 0.03509393476797605 0.035093934767976516 0.0350939347678939 0.035093934767989596 1.5524735589853182 0.0 -5.6095983058179955e-06 0.003742698714817819 0.0 0.0
0.0 0.0011316654921675394 0.0 0.6320290132283705 0.0 0.03583101992100841 0.03583101992100841 0.0358310199215644 0.03583101992098256 1.5524735587640357 0.0 -5.609936346919793e-06 0.003742698635674449 0.0 0.0
0.0 0.001076488341564381 0.0 0.6321889919588383 0.0 0.036636667561876564 0.03663666756187656 0.03663666756238983 0.03663666756559658 1.5524735589426608 0.0 -5.609975049491553e-06 0.003742698585530752 0.0 0.0
0.0 0.0010176262688993771 0.0 0.6323770860734709 0.0 0.037501870442520825 0.03750187044252082 0.037501870442984774 0.0375018704424985 1.5524735589631748 0.0 -5.606020773434446e-06 0.003742698698160116 0.0 0.0
0.0 0.0009555251466119388 0.0 0.6325844311260759 0.0 0.0384176129347387 0.03841761293473869 0.038417612934728514 0.03841761293475034 1.5524735588708074 0.0 -5.609978842183042e-06 0.0037426987464220986 0.0 0.0
0.0 0.0008906687564071631 0.0 0.6328021635379746 0.0 0.03937437924156015 0.03937437924156014 0.03937437924156014 0.039374379241541274 1.552473558877021 0.0 -5.609770616487702e-06 0.003742698742064258 0.0 0.0
0.0 0.0008234074975599524 0.0 0.6330174156359656 0.0 0.040363142261162145 0.040363142261162145 0.040363142261159585 0.04036314226113771 1.5524735565744998 0.0 -5.609502173231797e-06 0.0037426988595586808 0.0 0.0
0.0 0.0007540299077986972 0.0 0.6332163110831304 0.0 0.0413753880706601 0.0413753880706601 0.04137538807066361 0.041375388070684964 1.5524735563669052 0.0 -5.60986588019142e-06 0.003742699067961161 0.0 0.0
0.0 0.0006828508991555272 0.0 0.6333829874198087 0.0 0.042401589555925705 0.04240158955592571 0.04240158955910019 0.04240158955593954 1.5524735588715093 0.0 -5.609918639289888e-06 0.003742698745671792 0.0 0.0
0.0 0.0006101916777264796 0.0 0.6335025789199705 0.0 0.04343246149747302 0.04343246149747302 0.043432461497474734 0.04343246149746726 1.5524735588645797 0.0 -5.609948013990192e-06 0.003742698750672697 0.0 0.0
0.0 0.0005364261525478957 0.0 0.6335632169326607 0.0 0.04445898817438575 0.04445898817438575 0.04445898817411977 0.044458988176395854 1.5524735589444476 0.0 -5.609491466980726e-06 0.0037426987575528248 0.0 0.0
0.0 0.0004619413104770346 0.0 0.6335520404640158 0.0 0.045471647350075604 0.04547164735007561 0.04547164734977924 0.04547164735267105 1.5524735588518794 0.0 -5.6096888129632445e-06 0.0037426987600640608 0.0 0.0
0.0 0.00038729261526549737 0.0 0.6334631899442337 0.0 0.04646092794470433 0.04646092794470433 0.04646092794443677 0.046460927944689895 1.5524735588541334 0.0 -5.609660782672008e-06 0.00374269875883511 0.0 0.0
0.0 0.0003130963463985547 0.0 0.6332918139532194 0.0 0.047416820466828234 0.047416820466828234 0.04741682046683103 0.047416820466828234 1.5524735590128063 0.0 -5.609980248634779e-06 0.003742698548366445 0.0 0.0
0.0 0.00024010627302026964 0.0 0.6330410507825427 0.0 0.04833007826739597 0.04833007826739597 0.04833007826721033 0.04833007826738412 1.552473558989418 0.0 -5.605953965851041e-06 0.0037426986833155877 0.0 0.0
0.0 0.00016918464101431683 0.0 0.6327170516179096 0.0 0.04919095590229407 0.04919095590229407 0.04919095590229406 0.04919095590228418 1.5524735570357973 0.0 -5.609719712477488e-06 0.003742699003041718 0.0 0.0
0.0 0.00010139190567082466 0.0 0.6323349600882745 0.0 0.049989985131760575 0.049989985131760575 0.049989985129827635 0.04998998512983715 1.5524735581436833 0.0 -5.60971392753129e-06 0.0037426987184426067 0.0 0.0
0.0 3.783710191676706e-05 0.0 0.6319119244818221 0.0 0.05071768559596045 0.05071768559596052 0.05071768559596046 0.05071768559291399 1.5524735587915826 0.0 -5.609874158204786e-06 0.0037426986218533896 0.0 0.0
0.0 -2.0281874985371258e-05 0.0 0.631471082468041 0.0 0.05136534270171839 0.0513653427017184 0.05136534270178197 0.051365342701789794 1.5524735591071377 0.0 -5.6093094692486145e-06 0.0037426985466434337 0.0 0.0
0.0 -7.404732040121935e-05 0.0 0.6310161957025042 0.0 0.05194896408926796 0.05194896408926796 0.05194896408933501 0.051948964089336705 1.5524735580688582 0.0 -5.6097954125311895e-06 0.0037426989039538007 0.0 0.0
0.0 -0.00012562513994416374 0.0 0.6305318923551574 0.0 0.05249303450283031 0.05249303450283636 0.052493034502871905 0.05249303450286581 1.552473558980378 0.0 -5.609761776736858e-06 0.003742698568867058 0.0 0.0
0.0 -0.00017532654141916605 0.0 0.6300151227999515 0.0 0.05300079510828552 0.05300079510828553 0.05300079510847092 0.05300079511256144 1.5524735590299377 0.0 -5.60959702059032e-06 0.0037426985241432367 0.0 0.0
0.0 -0.0002234278438454319 0.0 0.6294658309489085 0.0 0.05347599769774681 0.05347599769774681 0.05347599769774668 0.053475997700189654 1.5524735588380931 0.0 -5.609643332854037e-06 0.003742698765333511 0.0 0.0
0.0 -0.0002702534524547298 0.0 0.6288819599612351 0.0 0.053922390027485986 0.05392239002750411 0.05392239002748219 0.053922390027485737 1.5524735588883256 0.0 -5.609757603167775e-06 0.0037426987164797 0.0 0.0
0.0 -0.000316085172959665 0.0 0.628262457061378 0.0 0.05434347070039869 0.05434347070040085 0.0543434707004023 0.05434347070040008 1.5524735588756178 0.0 -5.609579422028417e-06 0.00374269874359378 0.0 0.0
0.0 -0.0003612289375208627 0.0 0.627605269284283 0.0 0.054742736603533064 0.05474273660353307 0.05474273660353106 0.05474273660352903 1.552473558708478 0.0 -5.60977801561792e-06 0.0037426986365572514 0.0 0.0
0.0 -0.0004059964089946926 0.0 0.6269073469058641 0.0 0.05512343516038694 0.05512343516038693 0.05512343516038524 0.05512343516039549 1.5524735590300542 0.0 -5.609554556817778e-06 0.0037426985273614254 0.0 0.0
0.0 -0.0004507952522260309 0.0 0.6261616393474527 0.0 0.055488803733562415 0.055488803733562415 0.05548880373356247 0.055488803733562506 1.552473558975557 0.0 -5.6096389776477505e-06 0.0037426985723098003 0.0 0.0
0.0 -0.0004959908723310774 0.0 0.6253620998179183 0.0 0.05584183407730083 0.05584183407730084 0.055841834077184474 0.05584183407729752 1.5524735590371528 0.0 -5.609696943379913e-06 0.0037426985130865047 0.0 0.0
0.0 -0.0005419654584228188 0.0 0.6244996919687216 0.0 0.05618476175457826 0.05618476175457877 0.056184761754416175 0.056184761754578254 1.5524735588873773 0.0 -5.609644054586999e-06 0.0037426987259602863 0.0 0.0
0.0 -0.0005891494361196866 0.0 0.62356337897588 0.0 0.0565198195004334 0.05651981950043341 0.05651981950025604 0.05651981950043508 1.5524735589562464 0.0 -5.609757292993512e-06 0.0037426985774209067 0.0 0.0
0.0 -0.0006379716564934215 0.0 0.6225391378767163 0.0 0.056848235424192574 0.05684823542419257 0.056848235423614266 0.056848235423619206 1.5524735590343144 0.0 -5.6094182058972195e-06 0.003742698520976164 0.0 0.0
0.0 -0.0006888298021839234 0.0 0.6214119570695364 0.0 0.05717048512301172 0.057170485123011705 0.057170485122803594 0.05717048512280333 1.5524735590287642 0.0 -5.609371057915805e-06 0.0037426985348163024 0.0 0.0
0.0 -0.0007421625555234042 0.0 0.6201628348624775 0.0 0.05748628814984625 0.05748628814984614 0.05748628814774614 0.057486288147740996 1.5524735589724419 0.0 -5.609631001531442e-06 0.003742698573178394 0.0 0.0
0.0 -0.0007982981069371326 0.0 0.6187727917151091 0.0 0.057793864101588446 0.05779386410158845 0.05779386410158845 0.05779386410058376 1.5524735590420868 0.0 -5.609496481679709e-06 0.0037426985129974063 0.0 0.0
0.0 -0.0008575135140727261 0.0 0.617218877337806 0.0 0.05808942515047739 0.05808942515047739 0.05808942515046823 0.05808942514979864 1.552473559028296 0.0 -5.609315418044351e-06 0.003742698532065091 0.0 0.0
0.0 -0.0009199569731502973 0.0 0.6154781676065547 0.0 0.058367433707608586 0.05836743370760859 0.05836743370758775 0.058367433707375134 1.552473558868739 0.0 -5.609298125818852e-06 0.003742698751262606 0.0 0.0
0.0 -0.0009855259928595829 0.0 0.6135297800958257 0.0 0.05861960461017438 0.05861960461017438 0.05861960461015224 0.058619604609860446 1.55247355870382 0.0 -5.609314108934033e-06 0.0037426988055840466 0.0 0.0
0.0 -0.00105387872905981 0.0 0.6113528811829883 0.0 0.0588344034015088 0.0588344034015088 0.05883440340150894 0.05883440340150894 1.552473558892901 0.0 -5.609031090785037e-06 0.0037426987180685344 0.0 0.0
0.0 -0.001123361077903521 0.0 0.6089667197436887 0.0 0.058995607054747747 0.05899560705474775 0.05899560705474168 0.058995607054495865 1.5524735590276277 0.0 -5.609247094236612e-06 0.0037426985326188835 0.0 0.0
0.0 -0.0011919343325511758 0.0 0.6064194897781229 0.0 0.05909129108631633 0.05909129108631632 0.05909129108632647 0.05909129108633661 1.552473559027301 0.0 -5.609130139136426e-06 0.0037426985358193546 0.0 0.0
0.0 -0.0012583796077369452 0.0 0.6037413008845726 0.0 0.05911475258693633 0.059114752586936326 0.05911475258693632 0.0591147525869364 1.5524735590277385 0.0 -5.6091938561043665e-06 0.003742698535510277 0.0 0.0
0.0 -0.0013213591621433181 0.0 0.6009702505689667 0.0 0.0590603016228785 0.05906030162287933 0.05906030162287933 0.05906030162289831 1.552473559026776 0.0 -5.609051566849647e-06 0.0037426985364066388 0.0 0.0
0.0 -0.0013797307115918876 0.0 0.5981424049691658 0.0 0.058924245346765367 0.05892424534676536 0.058924245346774456 0.05892424534678353 1.552473558888887 0.0 -5.60898874563439e-06 0.003742698725001655 0.0 0.0
0.0 -0.0014323662645718265 0.0 0.5952978096493708 0.0 0.05870439763910487 0.05870439763910488 0.05870439763910488 0.05870439763910408 1.5524735589187808 0.0 -5.6090140418097275e-06 0.003742698700791323 0.0 0.0
0.0 -0.0014783276454859067 0.0 0.5924754758625634 0.0 0.0584008216879174 0.05840082168791738 0.05840082168790289 0.05840082168788332 1.5524735594554182 0.0 -5.609130578464904e-06 0.0037426984312625153 0.0 0.0
0.0 -0.0015168406310582894 0.0 0.5897113951938172 0.0 0.058014823100150416 0.05801482310015043 0.058014823100150416 0.058014823085646205 1.5524735590272956 0.0 -5.609181722231887e-06 0.003742698534053473 0.0 0.0
0.0 -0.0015473141483513646 0.0 0.5870385361850966 0.0 0.05754920791828812 0.0575492079182881 0.05754920791828811 0.05754920791914788 1.552473559188447 0.0 -5.609056527159262e-06 0.003742698475826137 0.0 0.0
0.0 -0.0015694724393354841 0.0 0.5844828346392861 0.0 0.0570087668199216 0.05700876681992157 0.05700876680401988 0.05700876680413394 1.5524735588884304 0.0 -5.609046434002144e-06 0.003742698726689392 0.0 0.0
0.0 -0.0015831122592061923 0.0 0.5820672263700787 0.0 0.0563982891932964 0.05639828919329639 0.05639828919318508 0.05639828919316496 1.5524735593396994 0.0 -5.60917128702999e-06 0.0037426986171756557 0.0 0.0
0.0 -0.0015883809953608254 0.0 0.5798046214668655 0.0 0.055724043979637136 0.05572404397963716 0.05572404397924822 0.05572404397965184 1.5524735590618521 0.0 -5.609198977506367e-06 0.0037426985091879336 0.0 0.0
0.0 -0.001585547231319453 0.0 0.5777029284677638 0.0 0.054992304054394134 0.05499230405439411 0.05499230405439413 0.05499230405441182 1.5524735623251027 0.0 -5.609101986757682e-06 0.003742698425633854 0.0 0.0
0.0 -0.0015751365779472152 0.0 0.5757600492485312 0.0 0.05420954927849726 0.05420954927849726 0.054209549278479034 0.054209549278474024 1.5524735605006266 0.0 -5.609186462325703e-06 0.003742698342036074 0.0 0.0
0.0 -0.0015577602903585025 0.0 0.5739688919231826 0.0 0.053381781998469637 0.053381781998469637 0.0533817819984709 0.053381781998491244 1.5524735596480297 0.0 -5.609233555652513e-06 0.0037426984116904365 0.0 0.0
0.0 -0.0015342692193028007 0.0 0.5723123616419924 0.0 0.052514974604580066 0.05251497460458006 0.05251497460457814 0.052514974604438186 1.552473559136639 0.0 -5.609231419823429e-06 0.003742698647986019 0.0 0.0
0.0 -0.0015055977658491222 0.0 0.5707683697316608 0.0 0.05161459217613003 0.05161459217613001 0.05161459217567598 0.051614592175691046 1.5524735590006706 0.0 -5.609385861490797e-06 0.0037426986722203814 0.0 0.0
0.0 -0.0014728116797621202 0.0 0.5693078316540596 0.0 0.0506855886789089 0.05068558867890889 0.050685588678909696 0.05068558867890969 1.5524735590575707 0.0 -5.605618686997207e-06 0.003742698654350755 0.0 0.0
0.0 -0.0014371232400722037 0.0 0.5678956647350976 0.0 0.0497329303113156 0.04973293031131559 0.04973293031131623 0.049732930311316204 1.5524735701556498 0.0 -5.605727761959052e-06 0.003742698305186289 0.0 0.0
0.0 -0.0013998524915270704 0.0 0.5664897925886546 0.0 0.048760756174108424 0.04876075617412792 0.04876075617410841 0.04876075617448355 1.5524735696249554 0.0 -5.609326941761363e-06 0.0037426982141981497 0.0 0.0
0.0 -0.0013598437734707448 0.0 0.5649600527710316 0.0 0.047710375958100626 0.047710375958100605 0.04771037595703645 0.04771037595703942 1.5524735725184515 0.0 -5.60955887278264e-06 0.003742697952489338 0.0 0.0
0.0 -0.001315592649907738 0.0 0.5632181624075366 0.0 0.04653214789583337 0.04653214789585106 0.04653214789583337 0.046532147895852874 1.5524735826899343 0.0 -5.609336848362673e-06 0.003742697792098991 0.0 0.0
0.0 -0.001267991892059403 0.0 0.5612808597875807 0.0 0.0452437753529236 0.04524377535293925 0.045243775352939254 0.04524377535294065 1.5524735611202984 0.0 -5.609316183381784e-06 0.003742698319680711 0.0 0.0
0.0 -0.001218022745391128 0.0 0.5591648699250927 0.0 0.04386415889342463 0.04386415889340698 0.04386415889386992 0.04386415889304014 1.5524735693160456 0.0 -5.609236890907261e-06 0.003742698251406191 0.0 0.0
0.0 -0.0011665224912943053 0.0 0.5568899258277084 0.0 0.04241123815392274 0.042411238153922746 0.04241123815437733 0.042411238153601934 1.552473558894975 0.0 -5.602146495643928e-06 0.0037426988862131376 0.0 0.0
0.0 -0.0011144093418756086 0.0 0.5544737659340307 0.0 0.04090337389538323 0.04090337389538321 0.040903373894035436 0.04090337389538321 1.5524735703282662 0.0 -5.609161257518196e-06 0.003742698061929098 0.0 0.0
0.0 -0.0010624535890191797 0.0 0.5519381214202458 0.0 0.03935826751350189 0.039358267513503666 0.039358267514231784 0.03935826751463323 1.552473558895062 0.0 -5.602146495864552e-06 0.003742698886213077 0.0 0.0
0.0 -0.0010114796670170191 0.0 0.5493047345356161 0.0 0.037794312790227685 0.037794312790227685 0.037794312790227685 0.037794312790236484 1.5524735792887785 0.0 -5.609155297094757e-06 0.003742697924900693 0.0 0.0
0.0 -0.000962139122767911 0.0 0.5465993405103389 0.0 0.03622891327092335 0.03622891327092339 0.03622891327054713 0.036228913270923396 1.5524735588954088 0.0 -5.602146496743912e-06 0.0037426988862129325 0.0 0.0
0.0 -0.0009150925283118714 0.0 0.543847698003572 0.0 0.03467955262008206 0.034679552620082044 0.03467955262008204 0.03467955261741778 1.5524735950007564 0.0 -5.605561847257085e-06 0.0037426982507427187 0.0 0.0
0.0 -0.0008708395180492662 0.0 0.5410815450843022 0.0 0.033163533291303685 0.03316353329130364 0.03316353329096975 0.03316353329130364 1.5524735588960883 0.0 -5.602146498520343e-06 0.0037426988862127733 0.0 0.0
0.0 -0.0008298603267372805 0.0 0.5383326461970349 0.0 0.03169787104578072 0.03169787104578234 0.031697871045784365 0.031697871047417614 1.5524735588950174 0.0 -5.6021464957549705e-06 0.0037426988862131303 0.0 0.0
0.0 -0.000792437983728815 0.0 0.5356377700813402 0.0 0.030298556995730763 0.030298556995730763 0.03029855699572877 0.03029855699573076 1.5524735588961232 0.0 -5.602146498611387e-06 0.00374269888621278 0.0 0.0
0.0 -0.0007588476771281893 0.0 0.5330366799219675 0.0 0.0289824521208999 0.02898245212089985 0.02898245212089985 0.028982452120899855 1.5524735817081943 0.0 -5.609137879092617e-06 0.003742697970532485 0.0 0.0
0.0 -0.000729221019938949 0.0 0.5305691542402958 0.0 0.02776448987090598 0.027764489870896088 0.027764489870896147 0.027764489870894093 1.552473558895095 0.0 -5.602146495954897e-06 0.003742698886213094 0.0 0.0
0.0 -0.000703616890279588 0.0 0.5282819749330884 0.0 0.02666088098694431 0.026660880986944302 0.026660880987193915 0.026660880985476025 1.5524735588953704 0.0 -5.602146496666281e-06 0.003742698886212998 0.0 0.0
0.0 -0.0006820411768782403 0.0 0.5262189346198963 0.0 0.025686153890125768 0.025686153890125775 0.025686153890127714 0.02568615389012764 1.5524735588954226 0.0 -5.602146496808145e-06 0.0037426988862129798 0.0 0.0
0.0 -0.0006644440374219911 0.0 0.5244278223040791 0.0 0.024855387814328837 0.024855387814328837 0.024855387814326745 0.024855387814328764 1.5524735588951297 0.0 -5.602146496052405e-06 0.0037426988862130843 0.0 0.0
0.0 -0.0006507415285316961 0.0 0.5229564368696669 0.0 0.024183194023880365 0.02418319402388038 0.024183194023873936 0.024183194022868518 1.5524735753004826 0.0 -5.609519606344883e-06 0.0037426982719066227 0.0 0.0
0.0 -0.0006409184998683645 0.0 0.5218515581638925 0.0 0.023684804842658468 0.023684804842658468 0.023684804842658464 0.02368480484266401 1.5524735593867411 0.0 -5.609436411032007e-06 0.0037426986476018376 0.0 0.0
0.0 -0.0006333955380174908 0.0 0.5209811254934597 0.0 0.02329511144282315 0.023295111442823164 0.023295111443038516 0.023295111442829086 1.55247356970563 0.0 -5.609584337369243e-06 0.0037426981699666107 0.0 0.0
0.0 -0.0006265426053240488 0.0 0.5201802328908481 0.0 0.022937494406462203 0.022937494406462207 0.02293749440646127 0.022937494406469815 1.5524735590352474 0.0 -5.609633871815571e-06 0.0037426985191715695 0.0 0.0
0.0 -0.000620184545941902 0.0 0.5194449360862665 0.0 0.022608260753976688 0.02260826075397668 0.022608260753972896 0.022608260753972903 1.5524735601574577 0.0 -5.609627389410179e-06 0.0037426986004077912 0.0 0.0
0.0 -0.0006141832352152544 0.0 0.5187732717473723 0.0 0.022304878690005754 0.022304878690005733 0.02230487869000575 0.02230487869000631 1.5524735590297276 0.0 -5.6098124266639e-06 0.003742698531481033 0.0 0.0
0.0 -0.0006084865769497496 0.0 0.5181582827733177 0.0 0.022024343916211477 0.02202434391621147 0.022024343916211466 0.02202434391617532 1.5524735588879632 0.0 -5.6095349869492655e-06 0.003742698721390927 0.0 0.0
0.0 -0.0006030122410979856 0.0 0.5175950091159967 0.0 0.02176389605685103 0.02176389605685103 0.021763896056851115 0.021763896056851424 1.5524735592851744 0.0 -5.609759265196241e-06 0.0037426984720680817 0.0 0.0
0.0 -0.0005977263359340437 0.0 0.5170764898380869 0.0 0.021520778204766257 0.021520778204766337 0.021520778204766337 0.021520778204771048 1.552473562231563 0.0 -5.609602756145052e-06 0.0037426983400204368 0.0 0.0
0.0 -0.0005925452909973099 0.0 0.5165977646651359 0.0 0.021292214683573556 0.02129221468357355 0.021292214683416907 0.021292214683405024 1.5524735588859662 0.0 -5.609668633487356e-06 0.0037426987307857666 0.0 0.0
0.0 -0.0005874547698572705 0.0 0.5161518691671532 0.0 0.021075712144320323 0.0210757121443203 0.02107571214425719 0.021075712144257353 1.5524735588879908 0.0 -5.60953358871326e-06 0.003742698721586984 0.0 0.0
0.0 -0.000582401743175825 0.0 0.5157318463446908 0.0 0.02086825275084815 0.020868252750848155 0.02086825275070202 0.020868252750703895 1.552473559076846 0.0 -5.6097998178783974e-06 0.0037426985022765116 0.0 0.0
0.0 -0.0005772799025551541 0.0 0.5153337361070867 0.0 0.020667081140778726 0.02066708114077873 0.02066708114060214 0.020667081140602096 1.5524735597900206 0.0 -5.609593693087713e-06 0.0037426986247684414 0.0 0.0
0.0 -0.0005720499084702476 0.0 0.514951574400271 0.0 0.02046969254558236 0.020469692545582355 0.02046969254558131 0.020469692545580283 1.5524735641123462 0.0 -5.609784080362249e-06 0.0037426984821457812 0.0 0.0
0.0 -0.0005666572333311512 0.0 0.5145784038348139 0.0 0.020273049825604808 0.020273049825604808 0.020273049825604815 0.020273049828751073 1.5524735588865446 0.0 -5.609663725156575e-06 0.00374269872920823 0.0 0.0
0.0 -0.0005609552663473721 0.0 0.5142112688447269 0.0 0.02007417661644292 0.02007417661644297 0.020074176616442948 0.020074176624339815 1.552473559030261 0.0 -5.609645782520063e-06 0.0037426985232878298 0.0 0.0
0.0 -0.0005548609210541796 0.0 0.513845209090251 0.0 0.019870304307082184 0.019870304307082188 0.019870304306944087 0.0198703043091246 1.5524735589261003 0.0 -5.609738974987193e-06 0.003742698701592941 0.0 0.0
0.0 -0.0005482310380472245 0.0 0.5134762710869732 0.0 0.0196581780303384 0.01965817803033846 0.019658178030339944 0.01965817803174565 1.5524735600356845 0.0 -5.605786986288736e-06 0.0037426987161265877 0.0 0.0
0.0 -0.0005409548572883302 0.0 0.5131014947826203 0.0 0.019435301462623712 0.019435301462623716 0.019435301462625565 0.019435301465486762 1.5524735668793521 0.0 -5.609911943440596e-06 0.003742698234797431 0.0 0.0
0.0 -0.0005328247432596187 0.0 0.5127179318256292 0.0 0.019197879843333186 0.019197879843333165 0.019197879843335878 0.019197879843333987 1.5524735588876126 0.0 -5.609704485391538e-06 0.003742698723876975 0.0 0.0
0.0 -0.0005236600980984696 0.0 0.5123256212733442 0.0 0.018943456563159374 0.018943456563159374 0.01894345656315756 0.018943456563162767 1.5524735588917493 0.0 -5.609589189969742e-06 0.003742698716425431 0.0 0.0
0.0 -0.000513189347886094 0.0 0.5119236226831024 0.0 0.018668016402453934 0.018668016402451675 0.018668016402453445 0.01866801640245345 1.5524735600854365 0.0 -5.6097656501215575e-06 0.0037426986123524158 0.0 0.0
0.0 -0.0005015558706933773 0.0 0.5115258428347893 0.0 0.01837810144119402 0.01837810144119402 0.018378101441192875 0.018378101441192802 1.5524735721522775 0.0 -5.6097647457946105e-06 0.003742698167091031 0.0 0.0
0.0 -0.000489236147327864 0.0 0.5111381552264639 0.0 0.01808215266504809 0.01808215266504835 0.0180821526649681 0.018082152664968085 1.552473558887995 0.0 -5.609531891579344e-06 0.0037426987216951737 0.0 0.0
0.0 -0.00047651481214713826 0.0 0.5107535363240222 0.0 0.017781734330069604 0.01778173433006956 0.01778173433006687 0.017781734330066874 1.5524735593706622 0.0 -5.609808358246395e-06 0.003742698468255328 0.0 0.0
0.0 -0.00046359603883554745 0.0 0.5103649762849185 0.0 0.0174773228166049 0.017477322816604902 0.017477322816604943 0.01747732281660494 1.552473566647932 0.0 -5.609627310033529e-06 0.003742698456178017 0.0 0.0
0.0 -0.00045080932024045545 0.0 0.5099624531551137 0.0 0.017170108757189866 0.01717010875718987 0.01717010875718987 0.017170108753561043 1.5524735588876963 0.0 -5.609773911108206e-06 0.0037426987217786993 0.0 0.0
0.0 -0.0004384240874194268 0.0 0.5095379500599955 0.0 0.01686112447452141 0.016861124474521413 0.016861124474521507 0.016861124472683797 1.5524735589627092 0.0 -5.609655458025211e-06 0.003742698696806572 0.0 0.0
0.0 -0.00042680940651521765 0.0 0.509081437801006 0.0 0.016552098549037535 0.01655209854903754 0.01655209854903754 0.016552098547835892 1.5524735639824538 0.0 -5.609531834352579e-06 0.0037426985148997657 0.0 0.0
0.0 -0.00041628298395852357 0.0 0.5085819017603018 0.0 0.016243734023113812 0.016243734023113836 0.01624373401981708 0.0162437340198183 1.5524735590307712 0.0 -5.609762976299117e-06 0.0037426985273180495 0.0 0.0
0.0 -0.00040719953429632524 0.0 0.5080323025788216 0.0 0.015938549776366946 0.015938549776366946 0.015938549775300223 0.015938549775300032 1.5524735590415009 0.0 -5.609592172969941e-06 0.003742698518548258 0.0 0.0
0.0 -0.00039995790889668924 0.0 0.5074206143938479 0.0 0.015638022102167016 0.015638022102166974 0.01563802210041261 0.015638022100412274 1.5524735616146903 0.0 -5.609630579085238e-06 0.0037426985732113725 0.0 0.0
0.0 -0.0003949501795688906 0.0 0.506739790575209 0.0 0.015345175915224028 0.015345175915224014 0.015345175912943819 0.015345175912941832 1.5524735854139304 0.0 -5.609861271855274e-06 0.00374269805711382 0.0 0.0
0.0 -0.00039256659550259776 0.0 0.505980789443301 0.0 0.015062358352635618 0.01506235835263565 0.015062358352579642 0.01506235835258692 1.5524735588880314 0.0 -5.609483774432277e-06 0.0037426987219625427 0.0 0.0
0.0 -0.000393172471199514 0.0 0.5051395591661553 0.0 0.014793213782328363 0.014793213782328361 0.014793213782238813 0.014793213782238315 1.5524735593089707 0.0 -5.609536475119001e-06 0.0037426986670986437 0.0 0.0
0.0 -0.0003971430710550592 0.0 0.5042110453562966 0.0 0.014541196830393607 0.01454119683039358 0.014541196830395878 0.014541196830392298 1.5524735673024652 0.0 -5.609662504331661e-06 0.0037426982763870786 0.0 0.0
0.0 -0.0004048488201009215 0.0 0.5031941759062913 0.0 0.014311010577013021 0.014311010577013015 0.014311010577012586 0.014311010577012574 1.5524735589808047 0.0 -5.609349940313821e-06 0.003742698730376171 0.0 0.0
0.0 -0.0004165639658739732 0.0 0.5020898918913874 0.0 0.014106704900975276 0.014106704900975365 0.014106704901093052 0.014106704900972527 1.552473558888019 0.0 -5.609518410383543e-06 0.0037426987223145966 0.0 0.0
0.0 -0.0004324630947935904 0.0 0.5009061203024308 0.0 0.013933277248727663 0.013933277248727664 0.013933277248728226 0.01393327724872823 1.5524735589013388 0.0 -5.609457925202335e-06 0.0037426987145681035 0.0 0.0
0.0 -0.0004526852968761432 0.0 0.49965079605335433 0.0 0.01379524201685482 0.013795242016854775 0.013795242016856378 0.013795242016854562 1.5524735593839791 0.0 -5.60937278357283e-06 0.003742698666882502 0.0 0.0
0.0 -0.0004771530176769047 0.0 0.498340855652153 0.0 0.01369712851235152 0.013697128512351513 0.013697128512354424 0.013697128512354393 1.5524735611399203 0.0 -5.605643375703094e-06 0.003742698596097902 0.0 0.0
0.0 -0.0005057466343114733 0.0 0.4969942436362418 0.0 0.013643214300806847 0.01364321430080685 0.013643214300808552 0.013643214300808552 1.552473563002388 0.0 -5.6095811521173215e-06 0.003742698362031292 0.0 0.0
0.0 -0.0005381202584669787 0.0 0.4956329256152988 0.0 0.013636031709674033 0.01363603170967404 0.013636031709678814 0.013636031709676505 1.5524735633015916 0.0 -5.609458379554291e-06 0.003742698360358223 0.0 0.0
0.0 -0.0005736710872516133 0.0 0.4942789240533051 0.0 0.013674615205133911 0.013674615205133914 0.013674615205137087 0.013674615205137087 1.5524735615948446 0.0 -5.609259137148378e-06 0.003742698591109357 0.0 0.0
0.0 -0.0006116492200098414 0.0 0.49295429047559575 0.0 0.013756003004795448 0.013756003004795452 0.013756003004797781 0.013756003004797786 1.5524735600417554 0.0 -5.6095602448731375e-06 0.0037426984457026705 0.0 0.0
0.0 -0.0006514190710797845 0.0 0.4916770709916497 0.0 0.013877475306033619 0.01387747530603362 0.013877475306036113 0.01387747530603607 1.5524735589738525 0.0 -5.609374813305413e-06 0.003742698701076896 0.0 0.0
0.0 -0.0006923380069200063 0.0 0.49046332288311983 0.0 0.014035557388091733 0.014035557388092083 0.014035557388016059 0.014035557388016016 1.5524735588882075 0.0 -5.609298603281431e-06 0.003742698723979775 0.0 0.0
0.0 -0.0007338282425552165 0.0 0.4893241131661259 0.0 0.014226014780795344 0.014226014780795364 0.014226014780795913 0.014226014780795946 1.55247355903038 0.0 -5.6096761227375025e-06 0.003742698528055024 0.0 0.0
0.0 -0.0007754762576127304 0.0 0.4882674888041126 0.0 0.014445859653067418 0.01444585965306741 0.014445859653070365 0.014445859653064016 1.5524735590209977 0.0 -5.609658518659964e-06 0.0037426985484380407 0.0 0.0
0.0 -0.0008168249866377186 0.0 0.48729951542502675 0.0 0.014690854830078313 0.01469085483007831 0.014690854829816186 0.014690854829815667 1.5524735609755986 0.0 -5.609666019011135e-06 0.00374269840548496 0.0 0.0
0.0 -0.0008575803742166114 0.0 0.4864232387221578 0.0 0.014957993255430959 0.014957993255430959 0.014957993255308024 0.01495799325530134 1.5524735588912473 0.0 -5.609609056362222e-06 0.003742698717075096 0.0 0.0
0.0 -0.0008974671262014155 0.0 0.48563871509766166 0.0 0.01524353576085383 0.015243535760853846 0.015243535760628105 0.01524353576062709 1.552473559030786 0.0 -5.6097655729101e-06 0.003742698527148421 0.0 0.0
0.0 -0.000936287936144487 0.0 0.4849449890335297 0.0 0.015544476422016918 0.015544476422016892 0.015544476421730636 0.015544476421729275 1.5524735588619707 0.0 -5.609456981486865e-06 0.003742698761145721 0.0 0.0
0.0 -0.0009739493532778793 0.0 0.48433909361774147 0.0 0.015858560453970758 0.01585856045397076 0.015858560452433824 0.01585856045243034 1.5524735589844263 0.0 -5.609580930695794e-06 0.0037426986951534747 0.0 0.0
0.0 -0.0010103633803880045 0.0 0.4838170650511148 0.0 0.01618328035807924 0.01618328035807928 0.016183280354272755 0.016183280354272998 1.5524735590313956 0.0 -5.609812837100396e-06 0.003742698522790475 0.0 0.0
0.0 -0.0010455326596193486 0.0 0.48337193497180214 0.0 0.016516375100128867 0.016516375100128863 0.01651637509780097 0.016516375097798564 1.552473558866632 0.0 -5.609588862418984e-06 0.0037426987561302713 0.0 0.0
0.0 -0.0010794910948943315 0.0 0.48299772424856274 0.0 0.016856334464633017 0.016856334464633013 0.016856334461601893 0.016856334461598194 1.552473558710529 0.0 -5.609765082369725e-06 0.003742698821702037 0.0 0.0
0.0 -0.0011122966456279604 0.0 0.4826874533299719 0.0 0.017201647900942953 0.01720164790094292 0.01720164790094596 0.0172016478972572 1.5524735590311107 0.0 -5.609773588118416e-06 0.0037426985246096136 0.0 0.0
0.0 -0.0011440863905588612 0.0 0.4824331310555992 0.0 0.01755155139504572 0.017551551395045724 0.01755155139504708 0.01755155139265111 1.5524735588589862 0.0 -5.609604635767798e-06 0.003742698761635718 0.0 0.0
0.0 -0.001175008966533677 0.0 0.48222477341202585 0.0 0.017904779328197992 0.017904779328197996 0.0179047793281945 0.01790477932819798 1.5524735590599221 0.0 -5.609917421208006e-06 0.003742698505512758 0.0 0.0
0.0 -0.0012052142444530162 0.0 0.4820553820199035 0.0 0.01826107008088387 0.018261070080883866 0.018261070080883873 0.018261070080883863 1.5524735590311716 0.0 -5.609872618356527e-06 0.003742698526257314 0.0 0.0
0.0 -0.001234906009221151 0.0 0.48191496152987595 0.0 0.018619907685642884 0.018619907685642884 0.018619907685644078 0.01861990768564408 1.5524735589858942 0.0 -5.6098363745133275e-06 0.0037426985725552853 0.0 0.0
0.0 -0.0012639396310754458 0.0 0.48179657362350087 0.0 0.01897703046602605 0.01897703046602532 0.01897703046604307 0.018977030466026026 1.5524735590317165 0.0 -5.609799770469042e-06 0.0037426985184775756 0.0 0.0
0.0 -0.0012921294362299954 0.0 0.4816972699002099 0.0 0.019328932837617302 0.01932893283761732 0.019328932837286525 0.019328932837614225 1.55247355902881 0.0 -5.6097722439940595e-06 0.003742698534085535 0.0 0.0
0.0 -0.0013196099734233955 0.0 0.4816160275851662 0.0 0.01967711338898339 0.019677113388983387 0.019677113388551933 0.01967711338897804 1.552473558962377 0.0 -5.609750499347056e-06 0.0037426985856099664 0.0 0.0
0.0 -0.0013464846239699911 0.0 0.48155083483525757 0.0 0.0200223193761693 0.020022319376169287 0.02002231937789447 0.020022319376710073 1.5524735588878404 0.0 -5.609633964133245e-06 0.0037426987205246955 0.0 0.0
0.0 -0.0013729120040541732 0.0 0.4814996686636328 0.0 0.02036604748307896 0.02036604748307896 0.02036604748271969 0.020366047485519033 1.552473559026585 0.0 -5.609712854674737e-06 0.0037426985392082822 0.0 0.0
0.0 -0.0013989713554382803 0.0 0.48146151748047283 0.0 0.020709046137816007 0.020709046137816003 0.020709046137354005 0.020709046140869616 1.5524735587978722 0.0 -5.609882867523046e-06 0.0037426987903027473 0.0 0.0
0.0 -0.0014247973230060726 0.0 0.4814353585262315 0.0 0.02105281450810475 0.021052814508104773 0.021052814512156962 0.021052814512235497 1.5524735590320575 0.0 -5.609970224596173e-06 0.0037426985162117496 0.0 0.0
0.0 -0.0014505059444710779 0.0 0.4814201727410927 0.0 0.021398600630532276 0.021398600630532272 0.02139860063012709 0.021398600630131423 1.5524735590256544 0.0 -5.609966892683248e-06 0.0037426985379953605 0.0 0.0
0.0 -0.0014761766171498246 0.0 0.4814149486271765 0.0 0.021747153855224344 0.021747153855224285 0.021747153855224285 0.021747153855235877 1.552473559361745 0.0 -5.609961498474433e-06 0.003742698459899391 0.0 0.0
0.0 -0.001501919666459914 0.0 0.4814196636811434 0.0 0.022099972475546917 0.022099972475546934 0.02209997247550118 0.02209997247547507 1.5524735590321257 0.0 -5.609964034458171e-06 0.003742698517055444 0.0 0.0
0.0 -0.0015278513627742787 0.0 0.481433298867688 0.0 0.022458306953960727 0.022458306953960724 0.022458306953960727 0.022458306953970452 1.552473558872853 0.0 -5.609872211480144e-06 0.0037426987473899134 0.0 0.0
0.0 -0.0015540934880732733 0.0 0.4814538386681163 0.0 0.022823153850099843 0.02282315385009978 0.022823153850090653 0.02282315385009071 1.5524735589629226 0.0 -5.609876954394078e-06 0.0037426986903176854 0.0 0.0
0.0 -0.001580695580335749 0.0 0.4814822683487859 0.0 0.023195514387688302 0.02319551438768831 0.023195514387689298 0.023195514387707204 1.5524735588874305 0.0 -5.609884058017174e-06 0.0037426987223406 0.0 0.0
0.0 -0.0016078106519029879 0.0 0.4815175614191541 0.0 0.02357713763743644 0.023577137637436435 0.02357713763742477 0.023577137637428115 1.5524735589942675 0.0 -5.609990715856839e-06 0.0037426985646476967 0.0 0.0
0.0 -0.0016355420116107376 0.0 0.4815577059191483 0.0 0.02396877052243361 0.023968770522433985 0.023968770522358414 0.023968770522428056 1.552473558888258 0.0 -5.609628726698383e-06 0.003742698719024542 0.0 0.0
0.0 -0.0016639577251495526 0.0 0.4816036834971672 0.0 0.024371664678246276 0.024371664678246287 0.024371664678581366 0.024371664678252476 1.5524735591170664 0.0 -5.6092994056099985e-06 0.0037426985395250705 0.0 0.0
0.0 -0.0016932219920351016 0.0 0.48165247465317435 0.0 0.02478706520898497 0.02478706520898497 0.024787065209494124 0.024787065208985454 1.5524735589496097 0.0 -5.609319190822394e-06 0.0037426986154802037 0.0 0.0
0.0 -0.0017234694484778072 0.0 0.4817030566204686 0.0 0.025216471680830254 0.025216471680830254 0.02521647168083193 0.025216471677198756 1.5524735588873968 0.0 -5.609668593051521e-06 0.0037426987256101046 0.0 0.0
0.0 -0.001754803194276664 0.0 0.4817534163323508 0.0 0.02566062994290299 0.025660629942902996 0.025660629943445017 0.02566062994119345 1.5524735589218666 0.0 -5.605878349454406e-06 0.003742698717056601 0.0 0.0
0.0 -0.0017873583179442924 0.0 0.481802534266239 0.0 0.026121039308816523 0.026121039308816554 0.026121039308817755 0.02612103930876183 1.5524735588878091 0.0 -5.6096947264758305e-06 0.003742698721025709 0.0 0.0
0.0 -0.00182128577317876 0.0 0.4818463948686961 0.0 0.02659844299574237 0.026598442995742377 0.026598442995743123 0.026598442995742367 1.552473558835861 0.0 -5.609705896295376e-06 0.0037426987727652936 0.0 0.0
0.0 -0.0018565487591501609 0.0 0.48188500562236475 0.0 0.027092341350369566 0.027092341350369576 0.027092341348924253 0.027092341350369562 1.5524735588953462 0.0 -5.6058328133424835e-06 0.003742698790051524 0.0 0.0
0.0 -0.0018931475696154982 0.0 0.4819183686196547 0.0 0.02760273395246779 0.02760273395246779 0.027602733952983273 0.02760273395246779 1.5524735588833414 0.0 -5.6056966122888945e-06 0.003742698827904847 0.0 0.0
0.0 -0.0019310879249832312 0.0 0.48194548746419996 0.0 0.02812936965077606 0.028129369650776066 0.028129369650162318 0.02812936965464574 1.5524735590314678 0.0 -5.609824396586634e-06 0.003742698520722372 0.0 0.0
0.0 -0.0019703934216263102 0.0 0.4819653595349667 0.0 0.028672246253046114 0.028672246253046117 0.02867224625365559 0.02867224625672948 1.5524735587981318 0.0 -5.6097342944312015e-06 0.003742698788569278 0.0 0.0
0.0 -0.00201097942220189 0.0 0.4819799941205279 0.0 0.02923086758247752 0.029230867582488395 0.029230867582606096 0.029230867582606068 1.552473559031212 0.0 -5.609832167036987e-06 0.003742698525830157 0.0 0.0
0.0 -0.0020529123208078755 0.0 0.48198738681151365 0.0 0.029805479562346256 0.029805479562327885 0.029805479562993068 0.029805479562993065 1.5524735588423682 0.0 -5.609837231569141e-06 0.003742698621477878 0.0 0.0
0.0 -0.002096112929308567 0.0 0.4819885491462975 0.0 0.03039533489928246 0.030395334899282467 0.030395334899748865 0.03039533489928426 1.5524735588780885 0.0 -5.609737960131147e-06 0.003742698742216466 0.0 0.0
0.0 -0.002140623662288442 0.0 0.4819824771344408 0.0 0.031000681043960227 0.031000681043960074 0.03100068104396007 0.031000681044002252 1.5524735588877137 0.0 -5.609734944737318e-06 0.003742698719488567 0.0 0.0
0.0 -0.0021863780044768027 0.0 0.48197117510267645 0.0 0.03162127134738729 0.03162127134738729 0.03162127134738716 0.031621271347404986 1.5524735589654615 0.0 -5.60982823244364e-06 0.0037426985799864834 0.0 0.0
0.0 -0.0022334056595035233 0.0 0.4819526461701882 0.0 0.032256852915097944 0.032256852915097944 0.03225685291509753 0.03225685291510523 1.5524735590306893 0.0 -5.609819775268237e-06 0.0037426985282927117 0.0 0.0
0.0 -0.002281640005948888 0.0 0.4819288946536203 0.0 0.032907177883005824 0.03290717788300583 0.032907177883027786 0.03290717788300584 1.5524735585379619 0.0 -5.609716007784767e-06 0.003742698853428324 0.0 0.0
0.0 -0.0023310812420606944 0.0 0.48189992062677683 0.0 0.03357224832387571 0.0335722483238757 0.03357224832387571 0.033572248320831014 1.552473558835136 0.0 -5.6097086195776145e-06 0.0037426987714772463 0.0 0.0
0.0 -0.002381686764822848 0.0 0.4818667281065242 0.0 0.03425181407166174 0.03425181407166174 0.034251814075133225 0.03425181407166178 1.5524735590305894 0.0 -5.6097931208844046e-06 0.0037426985286547108 0.0 0.0
0.0 -0.002433438078735429 0.0 0.4818293207851885 0.0 0.034945624628025425 0.034945624628025425 0.03494562463003119 0.03494562462802541 1.5524735586009328 0.0 -5.609786940206866e-06 0.003742698669932641 0.0 0.0
0.0 -0.0024863113459680773 0.0 0.4817886989991778 0.0 0.035653683988032786 0.035653683988032786 0.03565368398731233 0.03565368398805338 1.55247355893819 0.0 -5.609772012643273e-06 0.0037426985906628485 0.0 0.0
0.0 -0.0025402455195455537 0.0 0.4817458705130084 0.0 0.0363754917262111 0.03637549172621109 0.036375491725762134 0.03637549172888196 1.5524735590234906 0.0 -5.609756871842198e-06 0.0037426985424889848 0.0 0.0
0.0 -0.00259521654741522 0.0 0.48170183559604024 0.0 0.037111049776671956 0.03711104977667197 0.037111049776671956 0.037111049776649724 1.5524735588878293 0.0 -5.609648531440864e-06 0.003742698721516958 0.0 0.0
0.0 -0.0026512003864260637 0.0 0.48165759460813834 0.0 0.037860359312488656 0.037860359312488656 0.03786035931248981 0.037860359312515766 1.5524735587125555 0.0 -5.609733368515133e-06 0.0037426986479540485 0.0 0.0
0.0 -0.002708112181759027 0.0 0.4816151555593326 0.0 0.03862292509441572 0.038622925094415714 0.03862292509441499 0.038622925094393336 1.5524735589478562 0.0 -5.609718015916424e-06 0.00374269858698156 0.0 0.0
0.0 -0.0027664674592928987 0.0 0.4815744135304975 0.0 0.03940574682005508 0.03940574682005508 0.039405746820051255 0.03940574682006873 1.5524735590185093 0.0 -5.60970347258023e-06 0.0037426985484689326 0.0 0.0
0.0 -0.002826739383389174 0.0 0.48153626762912255 0.0 0.04021557731826796 0.040215577318267956 0.040215577318267956 0.04021557731828486 1.5524735590304217 0.0 -5.609690154032834e-06 0.0037426985287355723 0.0 0.0
0.0 -0.0028888357583058697 0.0 0.4815007365781226 0.0 0.04105116494338431 0.04105116494338427 0.0410511649433843 0.04105116494335348 1.5524735582225673 0.0 -5.609684715291485e-06 0.0037426987201277426 0.0 0.0
0.0 -0.0029527568922160007 0.0 0.48146782041470654 0.0 0.041912513478941794 0.0419125134789418 0.04191251347670587 0.041912513477674794 1.5524735585666911 0.0 -5.609672641922162e-06 0.003742698671519927 0.0 0.0
0.0 -0.003018452991927834 0.0 0.4814365338588081 0.0 0.04279861865438385 0.0427986186543838 0.042798618658037045 0.04279861865436062 1.5524735587584775 0.0 -5.609938888146408e-06 0.003742698633086793 0.0 0.0
0.0 -0.0030857966296166228 0.0 0.48140988893186404 0.0 0.04370873530236726 0.04370873530236727 0.04370873530236727 0.043708735302367255 1.5524735588615795 0.0 -5.609929519380228e-06 0.0037426986087943153 0.0 0.0
0.0 -0.003154841560636089 0.0 0.4813848885341293 0.0 0.04464260861233278 0.044642608612332775 0.04464260861315905 0.04464260861677256 1.5524735587653824 0.0 -5.609822040012497e-06 0.0037426987936395144 0.0 0.0
0.0 -0.003225442006479189 0.0 0.48136454860544287 0.0 0.04559924338669827 0.04559924338669827 0.04559924338752304 0.045599243390305924 1.5524735589434435 0.0 -5.609913531279452e-06 0.003742698583476583 0.0 0.0
0.0 -0.0032976332419229586 0.0 0.481345875665963 0.0 0.046578134630974675 0.04657813463097468 0.046578134631787727 0.046578134630997726 1.5524735588037695 0.0 -5.609808968457767e-06 0.0037426987802711537 0.0 0.0
0.0 -0.003371311959672108 0.0 0.4813308816179903 0.0 0.04757853553653039 0.047578535536530395 0.04757853553655383 0.04757853553653031 1.5524735588004874 0.0 -5.609803537078232e-06 0.00374269878114124 0.0 0.0
0.0 -0.0034464469542062393 0.0 0.4813185773866358 0.0 0.04859969435463133 0.04859969435463133 0.04859969435463134 0.04859969435465742 1.5524735587824738 0.0 -5.60979876604668e-06 0.003742698786861044 0.0 0.0
0.0 -0.0035229957519440484 0.0 0.4813099670101191 0.0 0.04964136263976128 0.04964136263976118 0.04964136263618876 0.04964136263618612 1.5524735587429002 0.0 -5.609794909675593e-06 0.0037426987980914623 0.0 0.0
0.0 -0.003600908748023722 0.0 0.4813040651881861 0.0 0.05070253860529758 0.05070253860529758 0.05070253860529758 0.05070253860275693 1.5524735586676772 0.0 -5.609791647247884e-06 0.003742698815831484 0.0 0.0
0.0 -0.0036801731808653467 0.0 0.48129987915416594 0.0 0.05178272057149881 0.05178272057149881 0.05178272057046033 0.05178272057042696 1.552473558685792 0.0 -5.609889662757154e-06 0.003742698641539923 0.0 0.0
0.0 -0.0037607281092518654 0.0 0.48129841660852896 0.0 0.052881409824508126 0.05288140982450812 0.052881409823357046 0.052881409823392615 1.5524735582797329 0.0 -5.609785922380879e-06 0.0037426988777148574 0.0 0.0
0.0 -0.00384249992154216 0.0 0.4812996926534767 0.0 0.05399760627187986 0.053997606271879876 0.053997606271876 0.05399760627539921 1.5524735580011435 0.0 -5.609888879652819e-06 0.003742698727290433 0.0 0.0
0.0 -0.0039254998268737394 0.0 0.4813017140860608 0.0 0.05513080609229757 0.05513080609229757 0.05513080609230193 0.0551308060923429 1.5524735570609196 0.0 -5.60977990330751e-06 0.0037426989914134392 0.0 0.0
0.0 -0.004009648541546671 0.0 0.4813054925534739 0.0 0.05628026069056133 0.05628026069056116 0.05628026069060551 0.056280260690561336 1.5524735559163054 0.0 -5.609888681036874e-06 0.0037426988763563976 0.0 0.0
0.0 -0.004094933209801467 0.0 0.4813100351641957 0.0 0.05744546743310767 0.057445467433107675 0.05744546743168035 0.05744546743315861 1.5524735537087149 0.0 -5.609887279402071e-06 0.0037426989825414445 0.0 0.0
