0.0 0.0026215832683540306 0.0 0.6270317506717045 0.0 0.013853169925913204 0.013853169925890437 0.013853169928565293 0.013853169996425163 1.552473560172803 0.0 -5.602149907497413e-06 0.0037426988862083762 0.0 0.0
0.0 0.0025014078027873724 0.0 0.6220303296055726 0.0 0.013843649497527323 0.013843649497527323 0.013843649497564434 0.01384364949755129 1.5524735588948966 0.0 -5.602146497424516e-06 0.003742698886213277 0.0 0.0
0.0 0.002381600454914533 0.0 0.6170289835176463 0.0 0.013829130798413674 0.013829130798413683 0.013829130798389771 0.013829130798389764 1.5524735588948966 0.0 -5.602146497313469e-06 0.003742698886213273 0.0 0.0
0.0 0.0022621614085908005 0.0 0.61202771238121 0.0 0.013809611344898597 0.0138096113448986 0.013809611344883427 0.013809611344883423 1.5524735588948968 0.0 -5.602146497424012e-06 0.0037426988862132725 0.0 0.0
0.0 0.0021430410607343963 0.0 0.6070275014946718 0.0 0.013786092891429711 0.013786092891429711 0.013786092891426328 0.01378609289142631 1.5524735588948968 0.0 -5.602146497441773e-06 0.003742698886213258 0.0 0.0
0.0 0.002024123278729835 0.0 0.6020273318314533 0.0 0.01375982402306863 0.013759824023068502 0.013759824023054494 0.013759824023054498 1.5524735588948968 0.0 -5.602146497423681e-06 0.0037426988862132643 0.0 0.0
0.0 0.0019053712324225917 0.0 0.597027195896405 0.0 0.013731304815247302 0.01373130481524731 0.013731304815187185 0.013731304815233852 1.552473558894897 0.0 -5.602146497441055e-06 0.0037426988862132434 0.0 0.0
0.0 0.001786711261502486 0.0 0.5920270786992299 0.0 0.013701535418811256 0.013701535418811256 0.013701535418795228 0.01370153541879522 1.552473558894897 0.0 -5.602146497312186e-06 0.003742698886213252 0.0 0.0
0.0 0.0016680512905824496 0.0 0.5870269615020544 0.0 0.013671766022385626 0.013671766022385618 0.013671766022370913 0.01367176602237093 1.5524735588948972 0.0 -5.6021464973123024e-06 0.003742698886213243 0.0 0.0
0.0 0.0015493785467352846 0.0 0.5820278370984349 0.0 0.013642498304942113 0.013642498304942116 0.013642498304931083 0.013642498304930993 1.5524735588948988 0.0 -5.602146497426788e-06 0.003742698886213213 0.0 0.0
0.0 0.0014305287828897972 0.0 0.577026685884384 0.0 0.013614977644452965 0.013614977644452967 0.01361497764444279 0.013614977644399071 1.5524735588949004 0.0 -5.602146497430032e-06 0.0037426988862131923 0.0 0.0
0.0 0.0013115189254986417 0.0 0.5720264974832929 0.0 0.013589958964814299 0.013589958964814103 0.013589958964799838 0.013589958964194019 1.5524735588948966 0.0 -5.602146497424819e-06 0.0037426988862132794 0.0 0.0
0.0 0.001192227199794722 0.0 0.5670252563274528 0.0 0.01356843920940401 0.013568439209404006 0.01356843920938952 0.013568439209389525 1.5524735588948966 0.0 -5.602146496175913e-06 0.0037426988862132825 0.0 0.0
0.0 0.0010726224177736454 0.0 0.5620239514628466 0.0 0.013551170095456882 0.013551170095456892 0.01355117009524802 0.01355117009524801 1.5524735588948966 0.0 -5.6021464974246275e-06 0.0037426988862132807 0.0 0.0
0.0 0.0009525884468209004 0.0 0.5570215638628957 0.0 0.013539400207683534 0.013539400207683537 0.013539400207459308 0.013539400207459296 1.5524735588948966 0.0 -5.602146497424532e-06 0.0037426988862132794 0.0 0.0
0.0 0.0008320940989290402 0.0 0.5520190825735819 0.0 0.013533881262765682 0.01353388126276562 0.013533881262807215 0.013533881262807284 1.552473558894914 0.0 -5.602146497472998e-06 0.003742698886213083 0.0 0.0
0.0 0.0007110600716443158 0.0 0.5470154960634757 0.0 0.013535361770531044 0.01353536177053104 0.013535361770525424 0.013535361770519774 1.552473558894906 0.0 -5.602146497329603e-06 0.0037426988862131415 0.0 0.0
0.0 0.0005894424040315074 0.0 0.5420127861721148 0.0 0.01354509512646961 0.013545095126469607 0.013545095126456944 0.013545095126677393 1.5524735588948966 0.0 -5.602146497424346e-06 0.0037426988862132807 0.0 0.0
0.0 0.00046715615147709805 0.0 0.5370089448269406 0.0 0.013563578199164603 0.0135635781991646 0.013563578199114908 0.013563578199161498 1.5524735588949066 0.0 -5.602146497443461e-06 0.003742698886213139 0.0 0.0
0.0 0.00034413893797725865 0.0 0.5320059501199169 0.0 0.013592314421732195 0.013592314421732195 0.013592314421776176 0.013592314421776183 1.5524735588949 0.0 -5.602146497316495e-06 0.003742698886213196 0.0 0.0
0.0 0.0002203298761463621 0.0 0.5270027942671878 0.0 0.013631802266334371 0.013631802266334762 0.013631802266325656 0.013631802266040716 1.5524735588948966 0.0 -5.602146497424479e-06 0.00374269888621328 0.0 0.0
0.0 9.568500505281128e-05 0.0 0.5220014591082915 0.0 0.0136832951283467 0.013683295128346701 0.013683295128345707 0.013683295128345641 1.5524735588948972 0.0 -5.602146497311787e-06 0.0037426988862132443 0.0 0.0
0.0 -3.6022343823986434e-05 0.0 0.5167468522855869 0.0 0.01374763429297128 0.013747634292971277 0.013747634292970937 0.013747634292920545 1.5524735588948968 0.0 -5.60214649741508e-06 0.00374269888621326 0.0 0.0
0.0 -0.00017489428076019605 0.0 0.5111852018013507 0.0 0.013808480717050936 0.013808480717050858 0.013808480717043508 0.013808480716997012 1.5524735588948968 0.0 -5.602146497408302e-06 0.0037426988862132725 0.0 0.0
0.0 -0.00031168233669229517 0.0 0.5056180030414015 0.0 0.013839062955910513 0.013839062955910503 0.01383906295591825 0.013839062955910598 1.5524735588948966 0.0 -5.602146497414042e-06 0.003742698886213275 0.0 0.0
0.0 -0.00043736913151376397 0.0 0.5003546675069864 0.0 0.013818373260797837 0.013818373260798057 0.013818373260799705 0.01381837326079994 1.5524735588948966 0.0 -5.602146497302543e-06 0.0037426988862132708 0.0 0.0
0.0 -0.0005441669417832806 0.0 0.49570833802880465 0.0 0.013743413012810221 0.013743413012810214 0.013743413012813437 0.013743413012813432 1.5524735588948968 0.0 -5.602146497454895e-06 0.0037426988862132578 0.0 0.0
0.0 -0.0006260318342676702 0.0 0.4919927979591071 0.0 0.013635188817589418 0.013635188817589497 0.013635188817593605 0.01363518881759368 1.5524735588948995 0.0 -5.602146497475776e-06 0.0037426988862132044 0.0 0.0
0.0 -0.0006839465335614019 0.0 0.48936910096084907 0.0 0.013560220444622536 0.013560220444622524 0.013560220444630225 0.013560220444625007 1.552473558894908 0.0 -5.602146497605404e-06 0.0037426988862131233 0.0 0.0
0.0 -0.000746317974154289 0.0 0.48699135443424263 0.0 0.013627171099127713 0.013627171099127717 0.013627171099129701 0.013627171099119938 1.5524735588948966 0.0 -5.602146497500549e-06 0.0037426988862132647 0.0 0.0
0.0 -0.0008314501381314736 0.0 0.48459603586112454 0.0 0.013998896886432268 0.013998896886432266 0.013998896886430487 0.01399889688642826 1.5524735588948966 0.0 -5.6021464976241884e-06 0.003742698886213269 0.0 0.0
0.0 -0.0009162071958889088 0.0 0.48297520931624716 0.0 0.014620907798350583 0.014620907798350489 0.014620907798353872 0.014620907798353967 1.5524735588948966 0.0 -5.602146497658076e-06 0.003742698886213281 0.0 0.0
0.0 -0.0009852913817832213 0.0 0.4822285410964593 0.0 0.015317332824807996 0.015317332824808001 0.015317332824803229 0.015317332824803359 1.5524735588948966 0.0 -5.602146497828798e-06 0.003742698886213279 0.0 0.0
0.0 -0.0010507548886040077 0.0 0.4819524351641173 0.0 0.01611953056580044 0.01611953056580044 0.01611953056550422 0.016119530565498905 1.5524735588948966 0.0 -5.602146497791664e-06 0.0037426988862132838 0.0 0.0
0.0 -0.0011288937571439942 0.0 0.48179618305171495 0.0 0.01713420756737149 0.01713420756737149 0.01713420756338097 0.01713420756337883 1.5524735588948966 0.0 -5.602146497772458e-06 0.0037426988862132846 0.0 0.0
0.0 -0.001217954328380761 0.0 0.4817024088496059 0.0 0.018318514369786633 0.018318514369786636 0.018318514369406964 0.018318514365348985 1.5524735588948966 0.0 -5.602146497887456e-06 0.0037426988862132994 0.0 0.0
0.0 -0.0013135101653015747 0.0 0.4816829626853899 0.0 0.019615960090075837 0.019615960090075837 0.0196159600896644 0.019615960089666495 1.5524735588948966 0.0 -5.602146497884046e-06 0.0037426988862133267 0.0 0.0
0.0 -0.0014117900181993756 0.0 0.4817216903504989 0.0 0.020969758905848634 0.020969758905848634 0.020969758905848644 0.02096975891005159 1.5524735588948966 0.0 -5.602146497886814e-06 0.003742698886213285 0.0 0.0
0.0 -0.0015094259680923045 0.0 0.48178642926951165 0.0 0.022323349378579067 0.02232334937857906 0.02232334937810973 0.022323349378113363 1.5524735588948966 0.0 -5.602146497767771e-06 0.0037426988862132972 0.0 0.0
0.0 -0.0016032072122932422 0.0 0.4818400079283332 0.0 0.023620662120602192 0.02362066212060219 0.023620662120600634 0.023620662120613582 1.5524735588948966 0.0 -5.602146497899652e-06 0.0037426988862133315 0.0 0.0
0.0 -0.0016943443676837506 0.0 0.4818602813151961 0.0 0.02487091325116426 0.024870913251164257 0.024870913251700544 0.024870913251175648 1.5524735588948966 0.0 -5.602146497900142e-06 0.0037426988862132833 0.0 0.0
0.0 -0.0017861791826855006 0.0 0.48185154632961524 0.0 0.026121117880024122 0.02612111788002411 0.02612111788059517 0.026121117876278258 1.5524735588948966 0.0 -5.602146497898432e-06 0.003742698886213292 0.0 0.0
0.0 -0.0018784951422468072 0.0 0.4818228055699348 0.0 0.027371290436129066 0.027371290436129066 0.02737129043675581 0.02737129043612907 1.5524735588948966 0.0 -5.602146497921188e-06 0.0037426988862132977 0.0 0.0
0.0 -0.0019710757313156115 0.0 0.48178306163449947 0.0 0.028621445354191335 0.02862144535419134 0.028621445354866756 0.02862144535419135 1.5524735588948966 0.0 -5.602146496366959e-06 0.0037426988862133198 0.0 0.0
0.0 -0.00206370443484084 0.0 0.48174131712165463 0.0 0.029871597065359013 0.029871597065344736 0.029871597065344837 0.029871597065343203 1.5524735588948966 0.0 -5.602146497905423e-06 0.0037426988862132734 0.0 0.0
0.0 -0.0021561887949978673 0.0 0.481705574341039 0.0 0.0311217583975973 0.0311217583975973 0.03112175839759917 0.031121758397596126 1.5524735588948966 0.0 -5.6021464963618646e-06 0.0037426988862132907 0.0 0.0
0.0 -0.0022482882395073404 0.0 0.4816858361797031 0.0 0.032371945386347876 0.03237194538634787 0.032371945386349646 0.032371945387138765 1.5524735588948966 0.0 -5.6021464963604636e-06 0.0037426988862133033 0.0 0.0
0.0 -0.0023398103105456043 0.0 0.48169010494728703 0.0 0.03362217086053936 0.033622170860539355 0.03362217086055608 0.03362217086053671 1.5524735588948964 0.0 -5.602146497872123e-06 0.003742698886213349 0.0 0.0
0.0 -0.0024306020453420916 0.0 0.4817194071655168 0.0 0.03487068615803955 0.03487068615803939 0.03487068616229531 0.03487068615803939 1.5524735588948966 0.0 -5.602146497874373e-06 0.0037426988862132855 0.0 0.0
0.0 -0.002521464463196647 0.0 0.48174272264181534 0.0 0.03611819168552222 0.036118191685522216 0.0361181916855201 0.03611819168554463 1.5524735588948966 0.0 -5.602146497876671e-06 0.003742698886213295 0.0 0.0
0.0 -0.002613575192007041 0.0 0.4817209913982179 0.0 0.037367875390938755 0.03736787539093875 0.03736787539093673 0.037367875394991125 1.5524735588948966 0.0 -5.602146497873221e-06 0.003742698886213318 0.0 0.0
0.0 -0.002708111859671637 0.0 0.4816151534567645 0.0 0.03862292523050361 0.03862292523050362 0.038622925230506595 0.03862292523053352 1.5524735588948964 0.0 -5.602146497858339e-06 0.0037426988862133614 0.0 0.0
0.0 -0.002805658970438424 0.0 0.48140319122321984 0.0 0.03988405603639891 0.039884056036398864 0.03988405603639888 0.03988405603642253 1.5524735588948966 0.0 -5.602146497854915e-06 0.0037426988862132747 0.0 0.0
0.0 -0.002904697941692827 0.0 0.48114215113436537 0.0 0.04114935890987708 0.04114935890987707 0.04114935890987708 0.04114935890985085 1.5524735588948966 0.0 -5.602146497920404e-06 0.003742698886213302 0.0 0.0
0.0 -0.0030034485385644046 0.0 0.4809060545543678 0.0 0.042418952515057895 0.042418952515057895 0.04241895251071641 0.04241895251173875 1.5524735588948966 0.0 -5.60214649789131e-06 0.003742698886213333 0.0 0.0
0.0 -0.0030999734098885166 0.0 0.48077393178606975 0.0 0.043692463450524535 0.043692463450524535 0.04369246345137347 0.04369246345052599 1.5524735588948966 0.0 -5.602146497873532e-06 0.003742698886213283 0.0 0.0
0.0 -0.0031922487712625538 0.0 0.4808238353290551 0.0 0.044968016496236565 0.04496801649623655 0.04496801649620816 0.04496801650056865 1.5524735588948966 0.0 -5.602146497879121e-06 0.0037426988862132916 0.0 0.0
0.0 -0.003278140347820355 0.0 0.48113384016835503 0.0 0.04624223619977055 0.04624223619977055 0.04624223620086222 0.046242236204469156 1.5524735588948966 0.0 -5.6021464979155e-06 0.0037426988862133146 0.0 0.0
0.0 -0.0033552928837658935 0.0 0.48178206625989506 0.0 0.04750874665788223 0.04750874665788223 0.0475087466590439 0.047508746657914505 1.5524735588948961 0.0 -5.602146497991954e-06 0.0037426988862133623 0.0 0.0
0.0 -0.0034211880525045553 0.0 0.48283969899500706 0.0 0.04875666006018644 0.048756660060186446 0.04875666006018662 0.04875666006020222 1.5524735588948966 0.0 -5.60214649799812e-06 0.0037426988862132838 0.0 0.0
0.0 -0.0034731812867984007 0.0 0.4843709817052823 0.0 0.04997107677386021 0.04997107677386023 0.04997107676799349 0.04997107676801144 1.5524735588948966 0.0 -5.602146498059064e-06 0.0037426988862132938 0.0 0.0
0.0 -0.003508579592600278 0.0 0.4864292182553207 0.0 0.05113282887544345 0.051132828875443466 0.051132828875443466 0.051132828869251336 1.5524735588948966 0.0 -5.602146496490599e-06 0.0037426988862133016 0.0 0.0
0.0 -0.0035253594247223892 0.0 0.48904368684293426 0.0 0.05222396015611804 0.05222396015611801 0.05222396015611803 0.052223960156118056 1.5524735588948966 0.0 -5.602146496512581e-06 0.0037426988862133102 0.0 0.0
0.0 -0.003523764884262871 0.0 0.4921745220753292 0.0 0.053234655005434166 0.05323465500543416 0.053234655004209826 0.05323465500424215 1.5524735588948966 0.0 -5.6021464965163185e-06 0.0037426988862133115 0.0 0.0
0.0 -0.0035047320897811066 0.0 0.495753846728401 0.0 0.05415530294414604 0.054155302944146146 0.05415530294417568 0.054155302950562534 1.5524735588948966 0.0 -5.602146498132493e-06 0.003742698886213314 0.0 0.0
0.0 -0.0034695215004534766 0.0 0.49971172678701375 0.0 0.05498004086331565 0.05498004086328485 0.054980040863284625 0.054980040863381346 1.5524735588948966 0.0 -5.6021464982689855e-06 0.003742698886213299 0.0 0.0
0.0 -0.003419501401023235 0.0 0.503985174043352 0.0 0.055706767432506396 0.055706767432506674 0.05570676743250631 0.05570676743250666 1.5524735588948966 0.0 -5.6021464982834325e-06 0.0037426988862132846 0.0 0.0
0.0 -0.0033562426420853373 0.0 0.5085111590662778 0.0 0.05633613174329986 0.056336131743347416 0.0563361317428899 0.05633613174338296 1.5524735588948966 0.0 -5.602146498308685e-06 0.0037426988862132786 0.0 0.0
0.0 -0.0032812596527293353 0.0 0.5132366178359589 0.0 0.056871299298311535 0.05687129929831153 0.05687129929715505 0.05687129929827081 1.5524735588948966 0.0 -5.602146498294949e-06 0.0037426988862132933 0.0 0.0
0.0 -0.003196112311602262 0.0 0.5181134540479168 0.0 0.05731769394830913 0.05731769394830911 0.05731769396481631 0.0573176939648163 1.5524735588948966 0.0 -5.602146498325149e-06 0.0037426988862132794 0.0 0.0
0.0 -0.0031022898142929836 0.0 0.5230995581396064 0.0 0.05768174935160667 0.05768174935160668 0.05768174934986541 0.0576817493498312 1.5524735588948966 0.0 -5.602146498323111e-06 0.0037426988862132838 0.0 0.0
0.0 -0.003001212161958588 0.0 0.5281617931662279 0.0 0.05797191381635853 0.057971913816358495 0.05797191383022461 0.057971913921032694 1.5524735588948966 0.0 -5.602146498320206e-06 0.0037426988862132786 0.0 0.0
0.0 -0.002894191842542462 0.0 0.5332730164200653 0.0 0.05819714549291573 0.05819714549291574 0.058197145493946556 0.05819714553841139 1.5524735588948966 0.0 -5.60214649831911e-06 0.003742698886213279 0.0 0.0
0.0 -0.002782476303080931 0.0 0.5384110753942019 0.0 0.058367160516279985 0.05836716051627999 0.058367160515628395 0.05836716052960719 1.5524735588948966 0.0 -5.602146496545215e-06 0.0037426988862132755 0.0 0.0
0.0 -0.0026671927044708233 0.0 0.5435588190252468 0.0 0.058491683099741155 0.05849168309974116 0.05849168309974143 0.05849168310668371 1.5524735588948966 0.0 -5.602146496527235e-06 0.003742698886213282 0.0 0.0
0.0 -0.0025493366371672644 0.0 0.5487060907755961 0.0 0.05858094876165309 0.05858094876165309 0.05858094876165284 0.05858094876165308 1.5524735588948966 0.0 -5.602146498300466e-06 0.0037426988862132755 0.0 0.0
0.0 -0.002429927748853698 0.0 0.5538417338189369 0.0 0.05864519140743395 0.05864519140749631 0.05864519140746521 0.05864519140742448 1.5524735588948966 0.0 -5.602146496533188e-06 0.0037426988862132807 0.0 0.0
0.0 -0.0023097988715404345 0.0 0.5589615970974707 0.0 0.05869440613333667 0.05869440613333667 0.058694406133283326 0.05869440613383485 1.5524735588948966 0.0 -5.602146496530782e-06 0.003742698886213281 0.0 0.0
0.0 -0.002189806894465781 0.0 0.5640605292646904 0.0 0.058738586430403715 0.05873858643063358 0.05873858643059714 0.058738586430979046 1.5524735588948966 0.0 -5.6021464965278085e-06 0.0037426988862132807 0.0 0.0
0.0 -0.002070814349018232 0.0 0.5691323824329603 0.0 0.058787474148892294 0.05878747414889205 0.058787474148892044 0.05878747414864568 1.5524735588948966 0.0 -5.602146498296256e-06 0.0037426988862132786 0.0 0.0
0.0 -0.0019535691225967813 0.0 0.5741750136170375 0.0 0.05885056751410601 0.05885056751423326 0.05885056751417957 0.058850567514261834 1.5524735588948966 0.0 -5.602146498292831e-06 0.003742698886213278 0.0 0.0
0.0 -0.001838932257964413 0.0 0.5791792890534686 0.0 0.05893660341743734 0.05893660341743735 0.05893660341743736 0.058936603407693404 1.5524735588948966 0.0 -5.602146496519225e-06 0.0037426988862132825 0.0 0.0
0.0 -0.0017276685689721046 0.0 0.5841400761336218 0.0 0.05905432515676466 0.05905432514750786 0.05905432515795482 0.059054325152484904 1.5524735588948966 0.0 -5.602146496517979e-06 0.0037426988862132816 0.0 0.0
0.0 -0.0016206560248340704 0.0 0.5890452514706518 0.0 0.059211714694912716 0.05921171469491272 0.05921171469491232 0.059211714694033746 1.5524735588948966 0.0 -5.602146496518205e-06 0.0037426988862132816 0.0 0.0
0.0 -0.001518741406760556 0.0 0.5938817026317336 0.0 0.059416002285655675 0.059416002285729526 0.059416002285692104 0.059416002286180596 1.5524735588948966 0.0 -5.602146498282174e-06 0.0037426988862132803 0.0 0.0
0.0 -0.0014228677248726246 0.0 0.5986323160292188 0.0 0.059674411760629036 0.059674411760629036 0.05967441176065853 0.059674411760629036 1.5524735588948966 0.0 -5.6021464965210525e-06 0.0037426988862132803 0.0 0.0
0.0 -0.0013339028403573925 0.0 0.6032770071899456 0.0 0.05999216184062861 0.059992161840628624 0.059992161839673847 0.05999216184056203 1.5524735588948966 0.0 -5.602146496522269e-06 0.003742698886213281 0.0 0.0
0.0 -0.0012527740131573054 0.0 0.6077916979810778 0.0 0.060373964756627874 0.06037396475662787 0.060373964756627874 0.060373964756628214 1.5524735588948966 0.0 -5.6021464982728336e-06 0.003742698886213279 0.0 0.0
0.0 -0.0011804310718177965 0.0 0.6121483241052574 0.0 0.06082352617593771 0.060823526175937705 0.060823526175947475 0.06082352617599558 1.5524735588948966 0.0 -5.602146496521023e-06 0.00374269888621329 0.0 0.0
0.0 -0.0011177430537976703 0.0 0.6163168469207402 0.0 0.0613427982964319 0.061342798296431564 0.061342798296397306 0.06134279828590107 1.5524735588948966 0.0 -5.602146496518564e-06 0.0037426988862132816 0.0 0.0
0.0 -0.0010666713674905473 0.0 0.6202172358359792 0.0 0.06193215290097893 0.061932152900978935 0.061932152900977026 0.061932152905373336 1.5524735588948966 0.0 -5.602146498261955e-06 0.003742698886213301 0.0 0.0
0.0 -0.0010312660073845585 0.0 0.6237351918608155 0.0 0.06260915987465601 0.06260915987465601 0.06260915987503822 0.06260915987503805 1.5524735588948966 0.0 -5.602146496516085e-06 0.0037426988862132846 0.0 0.0
0.0 -0.0010155431150657907 0.0 0.6267623952518745 0.0 0.06339289893370575 0.06339289893370559 0.06339289893370717 0.06339289893370566 1.5524735588948966 0.0 -5.602146498196594e-06 0.0037426988862132794 0.0 0.0
0.0 -0.0010235490830651376 0.0 0.6291526951785676 0.0 0.0642903870551089 0.06429038705510891 0.06429038705511762 0.06429038705511 1.5524735588948966 0.0 -5.602146498150627e-06 0.0037426988862132803 0.0 0.0
0.0 -0.0010591140280750652 0.0 0.630720169106879 0.0 0.06529257465978543 0.06529257465978541 0.06529257465978974 0.06529257465978955 1.552473558894896 0.0 -5.602146498111598e-06 0.003742698886213372 0.0 0.0
0.0 -0.0011251861832633915 0.0 0.6312462260048095 0.0 0.06636760581913728 0.06636760581913727 0.0663676058191339 0.06636760581913939 1.5524735588948955 0.0 -5.602146496392545e-06 0.003742698886213358 0.0 0.0
0.0 -0.001219525268972426 0.0 0.6305840036300001 0.0 0.06743648132830429 0.06743648132830429 0.0674364813283157 0.06743648132453708 1.5524735588948946 0.0 -5.6021464978677485e-06 0.003742698886213431 0.0 0.0
0.0 -0.0013323471439870846 0.0 0.6289086914797704 0.0 0.06842346873454992 0.06842346873454992 0.06842346873455174 0.06842346873497827 1.5524735588948966 0.0 -5.602146496256122e-06 0.0037426988862132816 0.0 0.0
0.0 -0.0014560520036727062 0.0 0.6264547581015599 0.0 0.06930218923438132 0.06930218923436554 0.06930218923436561 0.06930218923428183 1.5524735588948966 0.0 -5.602146497580725e-06 0.0037426988862132794 0.0 0.0
0.0 -0.001585668308887135 0.0 0.623421298423402 0.0 0.07007046155491758 0.07007046155439609 0.07007046155439609 0.07007046155409785 1.5524735588948964 0.0 -5.602146497576642e-06 0.0037426988862133284 0.0 0.0
0.0 -0.0017186908914553567 0.0 0.6199551450207542 0.0 0.07074252352841076 0.07074252352841078 0.07074252352785573 0.07074252352783243 1.5524735588948966 0.0 -5.602146496210978e-06 0.0037426988862132894 0.0 0.0
0.0 -0.0018543461520501806 0.0 0.6161669439396946 0.0 0.07134430703385747 0.07134430703385747 0.07134430703332438 0.07134430703387665 1.5524735588948966 0.0 -5.602146497454816e-06 0.0037426988862132807 0.0 0.0
0.0 -0.0019909076855466746 0.0 0.6121894337720205 0.0 0.07189602836021015 0.07189602836021015 0.0718960283595327 0.07189602836023769 1.5524735588948966 0.0 -5.60214649745654e-06 0.0037426988862133055 0.0 0.0
0.0 -0.002126288155261613 0.0 0.6081086430939336 0.0 0.07239757537412293 0.07239757537412293 0.07239757537412293 0.0723975753741229 1.5524735588948966 0.0 -5.602146497447917e-06 0.0037426988862132803 0.0 0.0
0.0 -0.002260371740932774 0.0 0.6039385309764107 0.0 0.07285197097819178 0.07285197097819178 0.0728519709781918 0.07285197097817724 1.5524735588948966 0.0 -5.602146496181364e-06 0.003742698886213277 0.0 0.0
0.0 -0.002393133209059234 0.0 0.5996900518767372 0.0 0.07326248330156059 0.07326248330156059 0.07326248330156038 0.07326248330157596 1.5524735588948966 0.0 -5.6021464974144334e-06 0.0037426988862132794 0.0 0.0
0.0 -0.002524523268912362 0.0 0.5953751605409033 0.0 0.07363238207751392 0.07363238207751392 0.0736323820767042 0.07363238207673418 1.5524735588948966 0.0 -5.602146497393593e-06 0.0037426988862132864 0.0 0.0
0.0 -0.0026546553882083514 0.0 0.5909998062350956 0.0 0.07396517745888331 0.07396517745888331 0.07396517746128947 0.07396517743760678 1.5524735588948966 0.0 -5.602146496173806e-06 0.003742698886213282 0.0 0.0
0.0 -0.0027836133352856294 0.0 0.586571935055337 0.0 0.07426463282763578 0.07426463282763578 0.0742646328270828 0.07426463282500166 1.5524735588948966 0.0 -5.602146496162552e-06 0.003742698886213282 0.0 0.0
0.0 -0.0029115955224714085 0.0 0.5820954881952538 0.0 0.07453475521260831 0.07453475521260834 0.07453475521261824 0.07453475521339287 1.5524735588948966 0.0 -5.602146496153235e-06 0.003742698886213284 0.0 0.0
0.0 -0.0030387394747102003 0.0 0.5775754146323283 0.0 0.07477905315661326 0.07477905315661323 0.07477905316150683 0.07477905315665512 1.5524735588948966 0.0 -5.602146497402733e-06 0.0037426988862132794 0.0 0.0
0.0 -0.0031653526061681714 0.0 0.5730126471989238 0.0 0.07500202891859206 0.07500202891859203 0.07500202901380479 0.07500202892675595 1.5524735588948966 0.0 -5.602146496151717e-06 0.003742698886213282 0.0 0.0
0.0 -0.003291681443628784 0.0 0.5684091265112576 0.0 0.07520768638172462 0.07520768638200312 0.075207686387176 0.07520768638172616 1.5524735588948966 0.0 -5.6021464973921285e-06 0.0037426988862132794 0.0 0.0
0.0 -0.0034179668717248765 0.0 0.563767789726678 0.0 0.07540028092585399 0.07540028092585399 0.07540028092583088 0.07540028092588733 1.5524735588948966 0.0 -5.602146497414757e-06 0.0037426988862132803 0.0 0.0
0.0 -0.0035445884763063307 0.0 0.5590865688114329 0.0 0.07558431004436127 0.07558431004436128 0.07558431004436122 0.07558431004443264 1.5524735588948966 0.0 -5.602146496153023e-06 0.003742698886213281 0.0 0.0
0.0 -0.003671853671539692 0.0 0.5543663965978864 0.0 0.07576427602109408 0.07576427602129793 0.07576427602107387 0.07576427602134043 1.5524735588948966 0.0 -5.602146496157819e-06 0.003742698886213282 0.0 0.0
0.0 -0.003800167589128953 0.0 0.5496071906393988 0.0 0.07594567968609614 0.07594567968614273 0.07594567968614276 0.07594567968614281 1.5524735588948966 0.0 -5.602146496171088e-06 0.0037426988862132773 0.0 0.0
0.0 -0.003929861700468353 0.0 0.5448088834796287 0.0 0.07613302171810056 0.07613302171810055 0.07613302171810056 0.07613302171810053 1.5524735588948966 0.0 -5.602146496151616e-06 0.003742698886213282 0.0 0.0
0.0 -0.0040613170800336785 0.0 0.5399723929606413 0.0 0.07633180455044625 0.0763318045504857 0.07633180455046508 0.07633180455044587 1.5524735588948966 0.0 -5.60214649616209e-06 0.0037426988862132773 0.0 0.0
0.0 -0.004194951632456365 0.0 0.535098629429354 0.0 0.07654803069200002 0.0765480306920001 0.07654803069199824 0.07654803069199821 1.5524735588948966 0.0 -5.6021464973760755e-06 0.003742698886213284 0.0 0.0
0.0 -0.004331146432211901 0.0 0.53018851072783 0.0 0.07678720257384697 0.07678720257384694 0.0767872025737977 0.07678720258277429 1.5524735588948966 0.0 -5.602146496156285e-06 0.0037426988862132816 0.0 0.0
0.0 -0.004470272758101734 0.0 0.5252479336562141 0.0 0.07705633082612037 0.07705633082609699 0.07705633082612041 0.07705633104183383 1.5524735588948966 0.0 -5.602146496157545e-06 0.0037426988862132816 0.0 0.0
0.0 -0.004612652285844827 0.0 0.5202818097162428 0.0 0.07736142452653548 0.07736142452653548 0.07736142452656063 0.07736142452793127 1.5524735588948966 0.0 -5.602146497384717e-06 0.003742698886213281 0.0 0.0
0.0 -0.004758669067168676 0.0 0.5152970285016133 0.0 0.07770999587340248 0.07770999587340248 0.07770999587340248 0.0777099958716761 1.5524735588948966 0.0 -5.602146496159556e-06 0.00374269888621329 0.0 0.0
0.0 -0.004908520338128114 0.0 0.5103074853745362 0.0 0.07810931845634139 0.07810931845634139 0.07810931845280032 0.07810931848144288 1.5524735588948966 0.0 -5.602146497385865e-06 0.0037426988862132803 0.0 0.0
0.0 -0.005062445807082982 0.0 0.5053260716609381 0.0 0.07856691427069754 0.07856691427069738 0.07856691427196545 0.07856691426982144 1.5524735588948966 0.0 -5.602146496160447e-06 0.003742698886213285 0.0 0.0
0.0 -0.005220487082419333 0.0 0.5003746775375203 0.0 0.07909056974986424 0.07909056974986424 0.07909056974000386 0.07909056974985766 1.5524735588948966 0.0 -5.602146497389268e-06 0.0037426988862132794 0.0 0.0
0.0 -0.005382656073143731 0.0 0.495477190010816 0.0 0.07968832458356596 0.07968832458356598 0.07968832458362325 0.07968832458355683 1.5524735588948966 0.0 -5.6021464973953074e-06 0.003742698886213292 0.0 0.0
0.0 -0.005548772230439818 0.0 0.4906654983969993 0.0 0.08036823129937343 0.08036823129937343 0.08036823130006933 0.08036823130009339 1.5524735588948966 0.0 -5.602146496165602e-06 0.0037426988862132825 0.0 0.0
0.0 -0.005718388887357014 0.0 0.48597950931218303 0.0 0.08113735509368432 0.08113735509368432 0.08113735509369394 0.08113735509376899 1.552473558894895 0.0 -5.602146496156927e-06 0.0037426988862133497 0.0 0.0
0.0 -0.005898613253595393 0.0 0.4813172417132354 0.0 0.08205904358812362 0.08205904358812449 0.08205904358807911 0.08205904358812362 1.5524735588948957 0.0 -5.602146496160452e-06 0.0037426988862133354 0.0 0.0
0.0 -0.006088426120307043 0.0 0.4770601385034963 0.0 0.08324517772339397 0.08324517772339399 0.08324517772742274 0.08324517772537184 1.5524735588948921 0.0 -5.602146497414435e-06 0.0037426988862134564 0.0 0.0
0.0 -0.006266169237019252 0.0 0.47418112457332295 0.0 0.08472107133380993 0.08472107133380795 0.08472107133605561 0.08472107133715939 1.5524735588948244 0.0 -5.602146496018881e-06 0.0037426988862137253 0.0 0.0
0.0 -0.006396355015619147 0.0 0.4737305936321171 0.0 0.08634888388547252 0.08634888388533027 0.08634888388546817 0.08634888388889188 1.5524735588948833 0.0 -5.602146496308653e-06 0.003742698886213485 0.0 0.0
0.0 -0.006441898740073555 0.0 0.4762028397715753 0.0 0.08778559764566114 0.08778559764566114 0.08778559764563425 0.08778559765261129 1.55247355889472 0.0 -5.6021464958944455e-06 0.003742698886214012 0.0 0.0
0.0 -0.006391127350933235 0.0 0.4808656385515344 0.0 0.08863046893109143 0.088630468931092 0.08863046892926348 0.0886304689293727 1.5524735588948966 0.0 -5.6021464965428975e-06 0.003742698886213293 0.0 0.0
0.0 -0.0062785760022098305 0.0 0.4860018768318385 0.0 0.0887884789264973 0.0887884789264973 0.08878847893017755 0.08878847892695296 1.5524735588948966 0.0 -5.602146496541683e-06 0.003742698886213281 0.0 0.0
0.0 -0.006150555071159848 0.0 0.49086852560126354 0.0 0.08864650436708477 0.08864650436713807 0.08864650436713807 0.08864650436713807 1.5524735588948966 0.0 -5.602146498304245e-06 0.003742698886213278 0.0 0.0
0.0 -0.006022942488279094 0.0 0.4956922893739069 0.0 0.08849595957184475 0.08849595957184474 0.08849595957206 0.08849595957189267 1.5524735588948966 0.0 -5.6021464965483024e-06 0.0037426988862132747 0.0 0.0
0.0 -0.005899384438904314 0.0 0.5004724261300147 0.0 0.08838635201013298 0.08838635201013299 0.08838635201013299 0.08838635201020614 1.5524735588948966 0.0 -5.602146496546471e-06 0.0037426988862132764 0.0 0.0
0.0 -0.005779531036563868 0.0 0.5052090070735027 0.0 0.0883129309655461 0.0883129309655461 0.08831293096481264 0.08831293096487755 1.5524735588948966 0.0 -5.602146498309184e-06 0.0037426988862132794 0.0 0.0
0.0 -0.005662941808024162 0.0 0.5099051080219755 0.0 0.08827070049350762 0.0882707004935076 0.08827070049310143 0.08827070049310144 1.5524735588948966 0.0 -5.602146496535356e-06 0.0037426988862132816 0.0 0.0
0.0 -0.005549207468057147 0.0 0.5145647938390211 0.0 0.08825541636742867 0.08825541636742866 0.08825541636742867 0.08825541636746748 1.5524735588948966 0.0 -5.602146496544278e-06 0.003742698886213275 0.0 0.0
0.0 -0.005437931504361033 0.0 0.5191931221817809 0.0 0.08826333603975214 0.08826333603975213 0.08826333603932404 0.08826333603932408 1.5524735588948966 0.0 -5.602146496526522e-06 0.0037426988862132816 0.0 0.0
0.0 -0.005328717404633693 0.0 0.5237951507073987 0.0 0.08829071696156056 0.08829071696156056 0.08829071696149739 0.0882907169615606 1.5524735588948966 0.0 -5.602146496531324e-06 0.003742698886213282 0.0 0.0
0.0 -0.005221120542117699 0.0 0.5283779376504272 0.0 0.08833381979246921 0.08833381979246921 0.08833381979246921 0.088333819792539 1.5524735588948966 0.0 -5.602146496527428e-06 0.003742698886213282 0.0 0.0
0.0 -0.0051147699503655015 0.0 0.5329485262551206 0.0 0.08838990534285497 0.08838990534285497 0.08838990534164388 0.08838990534171084 1.5524735588948966 0.0 -5.602146498289247e-06 0.0037426988862132807 0.0 0.0
0.0 -0.005009221002618765 0.0 0.5375139747560314 0.0 0.08845523427000462 0.08845523427000462 0.08845523426963293 0.08845523427000444 1.5524735588948966 0.0 -5.602146498272899e-06 0.003742698886213276 0.0 0.0
0.0 -0.004904078675202076 0.0 0.5420823266861191 0.0 0.08852706898886926 0.08852706898886924 0.08852706898886917 0.08852706898886915 1.5524735588948966 0.0 -5.602146498253161e-06 0.003742698886213278 0.0 0.0
0.0 -0.004798905472133651 0.0 0.5466626296146235 0.0 0.08860242347917334 0.08860242347916789 0.08860242347759967 0.088602423477699 1.5524735588948966 0.0 -5.602146496525355e-06 0.0037426988862132907 0.0 0.0
0.0 -0.0046933176540395844 0.0 0.5512609339922433 0.0 0.08867805686945461 0.08867805686945462 0.08867805686945908 0.08867805686945462 1.5524735588948966 0.0 -5.602146498258774e-06 0.0037426988862132794 0.0 0.0
0.0 -0.004586835252632561 0.0 0.5558872914244959 0.0 0.08875073470710504 0.08875073470710503 0.08875073470710088 0.08875073470710089 1.5524735588948966 0.0 -5.602146498130869e-06 0.003742698886213272 0.0 0.0
0.0 -0.004479862774910213 0.0 0.5605157393759473 0.0 0.088817414846439 0.08881741484643901 0.08881741484643899 0.08881741484705705 1.5524735588948966 0.0 -5.602146496520593e-06 0.003742698886213281 0.0 0.0
0.0 -0.004372957690641462 0.0 0.5651192887894356 0.0 0.08887680380309856 0.08887680380309859 0.08887680380610083 0.0888768038023237 1.5524735588948966 0.0 -5.6021464965172875e-06 0.003742698886213282 0.0 0.0
0.0 -0.004265890711847289 0.0 0.5697059494697495 0.0 0.08892841432998036 0.08892841432998036 0.08892841433481964 0.0889284143300234 1.5524735588948966 0.0 -5.6021464965176585e-06 0.0037426988862132807 0.0 0.0
0.0 -0.0041584990800820395 0.0 0.5742817268966945 0.0 0.08897200601177989 0.08897200601177988 0.08897200601169916 0.08897200601583678 1.5524735588948966 0.0 -5.602146498252092e-06 0.0037426988862132786 0.0 0.0
0.0 -0.004050577564595101 0.0 0.5788536305863524 0.0 0.08900708999401913 0.08900708999401913 0.0890070900089157 0.08900708999401918 1.5524735588948966 0.0 -5.602146496513094e-06 0.0037426988862132816 0.0 0.0
0.0 -0.0039419393497134615 0.0 0.5834286663072337 0.0 0.08903342746385583 0.08903342746385584 0.08903342750121766 0.08903342746385591 1.5524735588948966 0.0 -5.602146496514674e-06 0.003742698886213282 0.0 0.0
0.0 -0.0038324273191420975 0.0 0.5880118429980129 0.0 0.08905052637947475 0.08905052637950019 0.08905052637942262 0.08905052638726005 1.5524735588948966 0.0 -5.602146496506325e-06 0.0037426988862132816 0.0 0.0
0.0 -0.0037217881276742832 0.0 0.5926121707521826 0.0 0.08905790107317225 0.0890579010731724 0.08905790109589783 0.08905790107317237 1.5524735588948966 0.0 -5.602146496522837e-06 0.003742698886213275 0.0 0.0
0.0 -0.003609827828860226 0.0 0.5972346660035669 0.0 0.08905455942376439 0.08905455942376443 0.08905455945814257 0.08905455942376447 1.5524735588948966 0.0 -5.602146496511191e-06 0.003742698886213281 0.0 0.0
0.0 -0.003496383664255001 0.0 0.6018853342319691 0.0 0.08904026102933899 0.08904026102901096 0.08904026102898323 0.08904026101456114 1.5524735588948966 0.0 -5.6021464965026965e-06 0.0037426988862132816 0.0 0.0
0.0 -0.003381189515724458 0.0 0.6065721927373279 0.0 0.08901401852948633 0.0890140185294671 0.08901401854870071 0.0890140185350384 1.5524735588948966 0.0 -5.602146496506414e-06 0.003742698886213282 0.0 0.0
0.0 -0.0032640698518969233 0.0 0.6113002542058913 0.0 0.0889750898688128 0.08897508986874186 0.08897508986378418 0.08897508986874372 1.5524735588948966 0.0 -5.6021464982375834e-06 0.0037426988862132794 0.0 0.0
0.0 -0.0031447826118658445 0.0 0.6160765356488922 0.0 0.08892248607874834 0.08892248609958386 0.08892248610187588 0.08892248609958393 1.5524735588948966 0.0 -5.602146496488698e-06 0.0037426988862132816 0.0 0.0
0.0 -0.003023115434104922 0.0 0.6209060572477288 0.0 0.08885496504780353 0.08885496504781593 0.0888549650478035 0.08885496504490176 1.5524735588948966 0.0 -5.602146498230807e-06 0.0037426988862132794 0.0 0.0
0.0 -0.0029042579345727806 0.0 0.6256454216980083 0.0 0.08879605099955569 0.08879605100062307 0.08879605100091616 0.08879605100062304 1.5524735588948966 0.0 -5.602146496497159e-06 0.0037426988862132816 0.0 0.0
0.0 -0.002782543154331576 0.0 0.6309089442974568 0.0 0.08887100048617438 0.08887100048617438 0.0888710004861744 0.08887100047748016 1.5524735588948966 0.0 -5.602146498221823e-06 0.0037426988862132786 0.0 0.0
0.0 -0.0026727769619342406 0.0 0.6368170406884962 0.0 0.08932154877359307 0.08932154877348784 0.08932154877256246 0.08932154877348786 1.5524735588948966 0.0 -5.602146496407946e-06 0.003742698886213283 0.0 0.0
0.0 -0.0026046525361177733 0.0 0.6424070955415433 0.0 0.09023541832852622 0.09023541832862018 0.09023541832743476 0.0902354183284814 1.5524735588948837 0.0 -5.602146496406649e-06 0.003742698886213477 0.0 0.0
0.0 -0.0025933223285370998 0.0 0.6470170751320341 0.0 0.09160104602404795 0.09160104602404795 0.09160104601330027 0.09160104601329827 1.5524735588947682 0.0 -5.602146497820983e-06 0.0037426988862142643 0.0 0.0
0.0 -0.0026483088677846972 0.0 0.6500209302094646 0.0 0.09334191503220164 0.09334191503220163 0.09334191503226362 0.09334191503220164 1.5524735588948528 0.0 -5.602146496364236e-06 0.0037426988862136403 0.0 0.0
0.0 -0.0027717195063088782 0.0 0.6509294939913628 0.0 0.0953254681419596 0.09532546814195968 0.09532546814197043 0.09532546814195968 1.5524735588903729 0.0 -5.6021464838562625e-06 0.003742698886216606 0.0 0.0
0.0 -0.0029575176480846803 0.0 0.6494802158362636 0.0 0.09738275499699772 0.09738275499699774 0.09738275499699738 0.09738275499814453 1.5524735588867984 0.0 -5.602146473975142e-06 0.003742698886217245 0.0 0.0
0.0 -0.0031929356914285056 0.0 0.6456637493102712 0.0 0.09933647963343738 0.09933647963343738 0.09933647963463194 0.09933647963463194 1.5524735588947547 0.0 -5.6021464957937706e-06 0.0037426988862137873 0.0 0.0
0.0 -0.0034607157082639996 0.0 0.6397115514788482 0.0 0.1010274851492036 0.10102748514920361 0.10102748515033058 0.10102748515662457 1.5524735588897378 0.0 -5.60214648195583e-06 0.003742698886216037 0.0 0.0
0.0 -0.0037422681565361542 0.0 0.6320285487690849 0.0 0.10233564960406098 0.10233564960406098 0.10233564960406098 0.102335649604061 1.552473558894615 0.0 -5.6021464953774064e-06 0.00374269888621395 0.0 0.0
0.0 -0.00402050293878198 0.0 0.6231089478233818 0.0 0.10319075280016228 0.1031907528001623 0.10319075280161712 0.10319075279215283 1.5524735588947562 0.0 -5.6021464969854875e-06 0.003742698886214022 0.0 0.0
0.0 -0.004282007333622372 0.0 0.6134472023107856 0.0 0.103572833764003 0.103572833764003 0.10357283376379606 0.10357283376400299 1.5524735588948964 0.0 -5.602146496352954e-06 0.0037426988862133085 0.0 0.0
0.0 -0.004518075674901663 0.0 0.6034731028402982 0.0 0.10350483538078795 0.10350483538078792 0.10350483538078464 0.10350483538087123 1.5524735588948966 0.0 -5.6021464963725245e-06 0.003742698886213281 0.0 0.0
0.0 -0.004724985817791228 0.0 0.5935029464455995 0.0 0.10304027395970888 0.10304027395987855 0.10304027399675428 0.10304027395981015 1.5524735588948966 0.0 -5.6021464963955926e-06 0.0037426988862132816 0.0 0.0
0.0 -0.004903531318665351 0.0 0.5837247008953182 0.0 0.10225196353648837 0.10225196353648837 0.10225196353759246 0.10225196353648837 1.5524735588948966 0.0 -5.6021464965786465e-06 0.003742698886213271 0.0 0.0
0.0 -0.0050579394114296265 0.0 0.5742071834273752 0.0 0.10122027843562575 0.10122027843562574 0.10122027843638844 0.10122027845109437 1.5524735588948966 0.0 -5.602146496541436e-06 0.0037426988862132786 0.0 0.0
0.0 -0.005194912559571586 0.0 0.5649231498358502 0.0 0.10002768943276608 0.10002768943276606 0.10002768943275896 0.10002768943276555 1.5524735588948966 0.0 -5.60214649638775e-06 0.0037426988862132755 0.0 0.0
0.0 -0.0053228413860628085 0.0 0.5557713532885264 0.0 0.09875529841896731 0.0987552984188893 0.09875529842385031 0.09875529841888929 1.5524735588948968 0.0 -5.602146496453071e-06 0.003742698886213264 0.0 0.0
0.0 -0.0054507277402485125 0.0 0.5466205607774821 0.0 0.09748265897364622 0.09748265897364555 0.09748265897364555 0.09748265897249969 1.5524735588948968 0.0 -5.602146496538125e-06 0.0037426988862132343 0.0 0.0
0.0 -0.005587706530541011 0.0 0.5373355306448284 0.0 0.09628981832493808 0.09628981832490975 0.09628981832493806 0.09628981832592302 1.5524735588948966 0.0 -5.602146496691111e-06 0.0037426988862132794 0.0 0.0
0.0 -0.005742011263617061 0.0 0.5278200249970194 0.0 0.09525738632218221 0.09525738632219119 0.09525738632219122 0.0952573863215495 1.5524735588948966 0.0 -5.60214649764015e-06 0.00374269888621327 0.0 0.0
0.0 -0.005920416574647992 0.0 0.5180437987620211 0.0 0.09446782890828453 0.09446782890828453 0.09446782890828455 0.09446782890814505 1.5524735588948966 0.0 -5.602146496998378e-06 0.0037426988862132794 0.0 0.0
0.0 -0.00612725305722756 0.0 0.5080736573576212 0.0 0.0940022672142125 0.0940022672142125 0.09400226721397123 0.09400226774002685 1.5524735588948966 0.0 -5.602146497085289e-06 0.003742698886213281 0.0 0.0
0.0 -0.00636319249296463 0.0 0.498099584120156 0.0 0.09393251864569353 0.09393251864569352 0.09393251864723837 0.09393251885510347 1.5524735588948966 0.0 -5.602146497182185e-06 0.0037426988862132807 0.0 0.0
0.0 -0.006624592039471003 0.0 0.48843686455187285 0.0 0.0943128477912169 0.09431284779121689 0.0943128477912171 0.09431284781040118 1.5524735588948966 0.0 -5.602146497046595e-06 0.0037426988862132816 0.0 0.0
0.0 -0.006902751672758656 0.0 0.47951429272064605 0.0 0.0951659458790984 0.09516594587909841 0.0951659458792217 0.09516594587370815 1.5524735588948773 0.0 -5.602146497714071e-06 0.0037426988862136177 0.0 0.0
0.0 -0.0071843195581453925 0.0 0.4718253145115644 0.0 0.0964723504347811 0.09647235043478111 0.09647235043478106 0.09647235043717144 1.5524735588947356 0.0 -5.602146496028513e-06 0.003742698886213906 0.0 0.0
0.0 -0.007452157485840866 0.0 0.46586613714476216 0.0 0.09816184451152021 0.09816184451172733 0.09816184451172896 0.0981618445115974 1.5524735588948622 0.0 -5.602146497287338e-06 0.003742698886213681 0.0 0.0
0.0 -0.007687718382021976 0.0 0.4620406830104358 0.0 0.10011455453785167 0.10011455453763236 0.10011455454067371 0.10011455454045612 1.5524735588892975 0.0 -5.602146480777196e-06 0.0037426988862162606 0.0 0.0
0.0 -0.007873744322925327 0.0 0.46058040917469373 0.0 0.1021713236758438 0.10217132367563528 0.10217132368032915 0.10217132367584214 1.5524735588841176 0.0 -5.6021464680382415e-06 0.003742698886220096 0.0 0.0
0.0 -0.007997413948646158 0.0 0.4614789663219568 0.0 0.10415511078497727 0.10415511078497725 0.10415511078799553 0.10415511078949538 1.5524735588785712 0.0 -5.6021464518955105e-06 0.0037426988862184762 0.0 0.0
0.0 -0.00805271472141201 0.0 0.4644728035221699 0.0 0.10589696392769572 0.10589696392807452 0.10589696392788513 0.10589696393096108 1.5524735588852046 0.0 -5.60214647166723e-06 0.0037426988862199946 0.0 0.0
0.0 -0.008041700236343315 0.0 0.4690757511113228 0.0 0.1072645807155079 0.1072645807155079 0.10726458071256836 0.10726458071238358 1.5524735588942753 0.0 -5.602146494835829e-06 0.0037426988862143545 0.0 0.0
0.0 -0.007973885889614783 0.0 0.47465977050397373 0.0 0.10818069099049102 0.10818069099049102 0.10818069099046612 0.10818069097851532 1.5524735588944214 0.0 -5.60214649523693e-06 0.003742698886214198 0.0 0.0
0.0 -0.007864333547437234 0.0 0.4805658325894429 0.0 0.10863348640810944 0.10863348640810944 0.10863348641597242 0.10863348640810944 1.5524735588948932 0.0 -5.60214649653258e-06 0.0037426988862133605 0.0 0.0
0.0 -0.007742753314889324 0.0 0.48582833241473933 0.0 0.10870993451369237 0.10870993451369235 0.10870993451915266 0.10870993451914553 1.5524735588948966 0.0 -5.60214649829588e-06 0.0037426988862132786 0.0 0.0
0.0 -0.007623761267664341 0.0 0.49056871963917065 0.0 0.10864952184701433 0.10864952184701869 0.10864952184695523 0.10864952184701872 1.5524735588948966 0.0 -5.602146496533489e-06 0.0037426988862132816 0.0 0.0
0.0 -0.007501591240661509 0.0 0.49539933896365 0.0 0.10857550142203946 0.10857550142203946 0.10857550142203946 0.10857550142187165 1.5524735588948966 0.0 -5.602146496529957e-06 0.003742698886213281 0.0 0.0
0.0 -0.007381439980616074 0.0 0.5001787824184707 0.0 0.10851215083636245 0.10851215083636245 0.10851215084347075 0.10851215083644197 1.5524735588948961 0.0 -5.602146496534177e-06 0.0037426988862133133 0.0 0.0
0.0 -0.00726320561646572 0.0 0.504912047699583 0.0 0.10845972814865812 0.1084597281486581 0.10845972815773432 0.10845972814865812 1.5524735588948964 0.0 -5.60214649653306e-06 0.0037426988862133007 0.0 0.0
0.0 -0.007146780634997846 0.0 0.5096051290440692 0.0 0.10841874305701146 0.10841874305701146 0.10841874305701145 0.10841874305695758 1.5524735588948966 0.0 -5.602146498276019e-06 0.003742698886213277 0.0 0.0
0.0 -0.007032039107920924 0.0 0.5142640244365819 0.0 0.1083894552153752 0.10838945521537491 0.10838945521532935 0.10838945521532907 1.5524735588948966 0.0 -5.602146496523805e-06 0.0037426988862132803 0.0 0.0
0.0 -0.006918910352178024 0.0 0.5188947206190561 0.0 0.10837287439611239 0.10837287439611172 0.10837287440403487 0.10837287439624653 1.5524735588948966 0.0 -5.60214649652889e-06 0.0037426988862132894 0.0 0.0
0.0 -0.006807231609323647 0.0 0.5235032230712946 0.0 0.10836876018737152 0.10836876018737153 0.108368760193343 0.10836876018737152 1.5524735588948966 0.0 -5.602146498267803e-06 0.0037426988862132903 0.0 0.0
0.0 -0.006696974668604404 0.0 0.5280945144989486 0.0 0.10837837079191065 0.10837837079191065 0.10837837079984106 0.10837837079184624 1.5524735588948966 0.0 -5.602146496519454e-06 0.0037426988862132894 0.0 0.0
0.0 -0.006588019243881399 0.0 0.5326735963455443 0.0 0.10840171423088303 0.10840171423088285 0.10840171423088285 0.10840171423088285 1.5524735588948966 0.0 -5.602146496523243e-06 0.0037426988862132803 0.0 0.0
0.0 -0.006480252179790953 0.0 0.5372474593892931 0.0 0.10843955183784418 0.10843955183784411 0.10843955183784192 0.10843955183784203 1.5524735588948966 0.0 -5.602146498250089e-06 0.003742698886213277 0.0 0.0
0.0 -0.0063736268505022635 0.0 0.5418210900834206 0.0 0.10849289178111149 0.10849289178111146 0.1084928917900758 0.10849289178109871 1.5524735588948964 0.0 -5.6021464965209085e-06 0.0037426988862133085 0.0 0.0
0.0 -0.006268102272336547 0.0 0.5463984783400249 0.0 0.10856249059222198 0.10856249059249508 0.10856249060185201 0.10856249059235851 1.5524735588948955 0.0 -5.6021464982519745e-06 0.003742698886213355 0.0 0.0
0.0 -0.006163589347158116 0.0 0.5509856146486097 0.0 0.10864910800530655 0.10864910800530657 0.1086491080075205 0.1086491080075205 1.5524735588948966 0.0 -5.602146496516503e-06 0.003742698886213281 0.0 0.0
0.0 -0.006060041449136919 0.0 0.5555874854624039 0.0 0.10875375218717313 0.10875375218717315 0.10875375218713602 0.10875375218643721 1.5524735588948966 0.0 -5.602146496516646e-06 0.0037426988862132807 0.0 0.0
0.0 -0.0059582863196993305 0.0 0.5601651020073598 0.0 0.10887486036808551 0.10887486036808548 0.10887486037575549 0.10887486037574753 1.5524735588948966 0.0 -5.602146496513313e-06 0.0037426988862132816 0.0 0.0
0.0 -0.005858353033517729 0.0 0.5646905873648478 0.0 0.10900363632685203 0.10900363632685192 0.10900363635686522 0.10900363635686512 1.5524735588948966 0.0 -5.602146498253071e-06 0.0037426988862132786 0.0 0.0
0.0 -0.005759219278009579 0.0 0.5691820666539399 0.0 0.10913210775362955 0.10913210775362958 0.10913210775364891 0.10913210775347083 1.5524735588948966 0.0 -5.6021464965115725e-06 0.003742698886213281 0.0 0.0
0.0 -0.005659820268287731 0.0 0.5736586690299919 0.0 0.1092520538297465 0.10925205382974647 0.10925205382974648 0.10925205382974648 1.5524735588948966 0.0 -5.602146496511034e-06 0.0037426988862132825 0.0 0.0
0.0 -0.005559152106847614 0.0 0.5781385158645037 0.0 0.1093557522658593 0.10935575226585931 0.10935575226379446 0.10935575226379446 1.5524735588948966 0.0 -5.602146498231867e-06 0.0037426988862132903 0.0 0.0
0.0 -0.005456174066028904 0.0 0.582639736024122 0.0 0.10943498067791614 0.10943498067791585 0.10943498067790781 0.10943498067790754 1.5524735588948966 0.0 -5.6021464965079456e-06 0.0037426988862133 0.0 0.0
0.0 -0.005349928874157262 0.0 0.5871754644271221 0.0 0.10948100859682612 0.10948100859682612 0.10948100859682612 0.10948100858921149 1.5524735588948966 0.0 -5.602146496506598e-06 0.0037426988862132807 0.0 0.0
0.0 -0.005239428071553731 0.0 0.5917578469457947 0.0 0.10948435382788028 0.1094843538278803 0.10948435382803728 0.10948435381651957 1.5524735588948966 0.0 -5.602146496502301e-06 0.003742698886213281 0.0 0.0
0.0 -0.005123724182218804 0.0 0.5963950395403368 0.0 0.10943477765123137 0.10943477765123139 0.10943477764935922 0.10943477764927298 1.5524735588948966 0.0 -5.602146498230935e-06 0.0037426988862133076 0.0 0.0
0.0 -0.005001909225206567 0.0 0.601088222383028 0.0 0.10932027986444971 0.10932027986444971 0.10932027986261778 0.10932027986273128 1.5524735588948966 0.0 -5.60214649822799e-06 0.0037426988862132855 0.0 0.0
0.0 -0.004873199659235185 0.0 0.6058295917856791 0.0 0.10912759563751401 0.10912759563751401 0.10912759563751402 0.10912759563751304 1.5524735588948966 0.0 -5.602146496495215e-06 0.0037426988862132816 0.0 0.0
0.0 -0.004736893910382959 0.0 0.6106033642359082 0.0 0.10884194709004597 0.10884194709004597 0.10884194709003106 0.1088419470900311 1.5524735588948966 0.0 -5.602146496497301e-06 0.0037426988862132816 0.0 0.0
0.0 -0.004592398615785777 0.0 0.6154753564192198 0.0 0.10847694209184819 0.10847694209184819 0.10847694209173005 0.10847694209184812 1.5524735588948966 0.0 -5.602146496496928e-06 0.003742698886213281 0.0 0.0
0.0 -0.004448006109514751 0.0 0.6206150883800632 0.0 0.10820163191402912 0.10820163191402911 0.10820163190721173 0.10820163191415397 1.5524735588948966 0.0 -5.602146498177201e-06 0.0037426988862132794 0.0 0.0
0.0 -0.004323972278926117 0.0 0.6259308433514923 0.0 0.10826216259236185 0.10826216259236186 0.10826216259302525 0.10826216259235674 1.5524735588948966 0.0 -5.602146498209193e-06 0.003742698886213281 0.0 0.0
0.0 -0.00425574935082796 0.0 0.6306091383353637 0.0 0.10887401796147947 0.10887401796147947 0.10887401797083031 0.10887401796127287 1.5524735588948393 0.0 -5.6021464963317805e-06 0.003742698886213589 0.0 0.0
0.0 -0.0042744640154659215 0.0 0.6332749736052377 0.0 0.11000848915517918 0.11000848915517933 0.1100084891551444 0.1100084891551444 1.5524735588946357 0.0 -5.6021464957541066e-06 0.00374269888621392 0.0 0.0
0.0 -0.004362176404812485 0.0 0.6336662301179218 0.0 0.11133434811180658 0.11133434811170158 0.11133434811180658 0.11133434811706476 1.552473558891282 0.0 -5.602146488110703e-06 0.0037426988862167606 0.0 0.0
0.0 -0.004486571525010278 0.0 0.6324613743814856 0.0 0.11263439426901979 0.11263439426901982 0.11263439426743045 0.11263439427005642 1.5524735588682161 0.0 -5.602146424292591e-06 0.003742698886218336 0.0 0.0
0.0 -0.004624050899911183 0.0 0.6305341868448366 0.0 0.11387477233311856 0.11387477233311855 0.11387477233311855 0.11387477233324858 1.5524735588945409 0.0 -5.602146495319725e-06 0.003742698886213891 0.0 0.0
0.0 -0.004761151236347868 0.0 0.6285732330839375 0.0 0.11509884336748187 0.11509884336748186 0.11509884336748186 0.11509884336748231 1.5524735588913687 0.0 -5.60214648669666e-06 0.003742698886215025 0.0 0.0
0.0 -0.004895736845577686 0.0 0.6267153165544277 0.0 0.11632257945535227 0.11632257945535224 0.11632257945754942 0.11632257945566134 1.5524735588701177 0.0 -5.6021464295736665e-06 0.0037426988862175 0.0 0.0
0.0 -0.0050282511666057015 0.0 0.6249633331886157 0.0 0.11755298630664882 0.11755298630664882 0.11755298630854781 0.11755298630651838 1.5524735587499305 0.0 -5.60214610735163e-06 0.003742698886221928 0.0 0.0
0.0 -0.005159120774913428 0.0 0.6233231685515477 0.0 0.11879782542032763 0.11879782542032763 0.11879782542032763 0.11879782542105327 1.5524735588930254 0.0 -5.6021464912348554e-06 0.0037426988862144218 0.0 0.0
0.0 -0.005288663130095079 0.0 0.6218037165526477 0.0 0.12006436145880355 0.12006436145880355 0.12006436145881202 0.12006436146047608 1.5524735588587395 0.0 -5.6021463993174785e-06 0.0037426988862177377 0.0 0.0
0.0 -0.005417075431932066 0.0 0.6204188725488367 0.0 0.1213598674675593 0.1213598674675593 0.12135986746959462 0.12135986746960192 1.5524735583926406 0.0 -5.602145152117091e-06 0.0037426988862243322 0.0 0.0
0.0 -0.00554417145210775 0.0 0.619165688053708 0.0 0.1226808300152978 0.12268083001543142 0.12268083001530554 0.1226808300154398 1.5524735533602763 0.0 -5.602131697407573e-06 0.003742698886238434 0.0 0.0
0.0 -0.005671496147849386 0.0 0.6179373423447101 0.0 0.1240131039765056 0.1240131039765056 0.12401310397485428 0.12401310397471217 1.5524735583531803 0.0 -5.602145047800217e-06 0.003742698886222823 0.0 0.0
0.0 -0.00580195978731136 0.0 0.6165829373693703 0.0 0.12534663824593406 0.12534663824593406 0.12534663824593406 0.12534663824488365 1.5524735440029742 0.0 -5.6021067032299055e-06 0.003742698886150004 0.0 0.0
0.0 -0.005938341345673902 0.0 0.6149505971500739 0.0 0.12666926714980162 0.12666926714980162 0.12666926714979113 0.12666926714991883 1.5524732956801606 0.0 -5.601443004108584e-06 0.003742698884371609 0.0 0.0
0.0 -0.006082983094041389 0.0 0.6128895724472155 0.0 0.1279632411212419 0.12796324112124188 0.12796324112124188 0.1279632411216053 1.5524734495049037 0.0 -5.601854243983644e-06 0.003742698885635196 0.0 0.0
0.0 -0.006237057412766797 0.0 0.6102632280666578 0.0 0.12919949691726934 0.1291994969172693 0.1291994969172779 0.1291994969172729 1.5524734490517955 0.0 -5.601853100879867e-06 0.003742698885537976 0.0 0.0
0.0 -0.006375514233810281 0.0 0.6069524853460749 0.0 0.12999685962653976 0.12999685962654045 0.12999685962653124 0.12999685962654045 1.552299000473621 0.0 -5.1329666239276565e-06 0.0037426979489662247 0.0 0.0
0.0 -0.006473735883881297 0.0 0.6028919149212204 0.0 0.129998362754849 0.129998362754849 0.12999836275484913 0.12999836275484963 1.551795794439441 0.0 -3.7490468594903934e-06 0.0037426957107938685 0.0 0.0
0.0 -0.006589491177799814 0.0 0.598103712733479 0.0 0.12999971437632327 0.12999971437632327 0.12999971437632246 0.12999971437632332 1.5514040945355918 0.0 -2.641218579222926e-06 0.003742694461531857 0.0 0.0
0.0 -0.006719682089401898 0.0 0.5927148602085787 0.0 0.12999990235161027 0.12999990235161032 0.12999990235161002 0.12999990235161032 1.551162106156428 0.0 -1.9429615599119367e-06 0.0037426939270471696 0.0 0.0
0.0 -0.006857877616497668 0.0 0.5869960265437162 0.0 0.12999992041101482 0.12999992041101482 0.12999992041101457 0.12999992041101477 1.5511015339709024 0.0 -1.7664544454144483e-06 0.003742693818795241 0.0 0.0
0.0 -0.00699541726528302 0.0 0.5813062350118402 0.0 0.12999988047601163 0.12999988047601163 0.1299998804760116 0.12999988047601163 1.5512206084009645 0.0 -2.11281470224887e-06 0.003742694033910175 0.0 0.0
0.0 -0.007125016822370954 0.0 0.5759456508665595 0.0 0.12999964915589554 0.12999964915589554 0.12999964915589438 0.12999964915589546 1.5515008795737084 0.0 -2.917668324659207e-06 0.003742694734529941 0.0 0.0
0.0 -0.0072414788907191555 0.0 0.5711301092799629 0.0 0.12999999118506433 0.12999999118506433 0.1299999911850643 0.12999999118506433 1.5519181673418994 0.0 -4.090935748458472e-06 0.0037426961948960756 0.0 0.0
0.0 -0.007340697223594819 0.0 0.566990144943608 0.0 0.12998850259680025 0.12998850259680025 0.12998850259679673 0.12998850259680034 1.5524389526482538 0.0 -5.509579151512251e-06 0.0037426986936753104 0.0 0.0
0.0 -0.007340715902503592 0.0 0.5635726957724556 0.0 0.12886181726523963 0.12886181726523965 0.1288618172662416 0.12886181726523965 1.5524735588948966 0.0 -5.602146496179207e-06 0.003742698886213281 0.0 0.0
0.0 -0.007309552020769849 0.0 0.5608835137741608 0.0 0.12754977760137964 0.12754977760147004 0.12754977760138073 0.12754977760147113 1.5524735588948968 0.0 -5.602146496188863e-06 0.0037426988862132677 0.0 0.0
0.0 -0.007256057096765266 0.0 0.5588767388505254 0.0 0.12615806776724278 0.1261580677672431 0.126158067767217 0.12615806776845548 1.5524735588948966 0.0 -5.602146497592983e-06 0.003742698886213276 0.0 0.0
0.0 -0.00718433433001789 0.0 0.5574709091502247 0.0 0.12471581229004641 0.12471581229010631 0.12471581228918811 0.12471581229009399 1.5524735588948966 0.0 -5.602146496272722e-06 0.0037426988862132716 0.0 0.0
0.0 -0.007098384424288399 0.0 0.5565636804290932 0.0 0.1232438507760566 0.12324385077605658 0.12324385077445417 0.12324385077455098 1.5524735588948968 0.0 -5.602146497813186e-06 0.0037426988862132244 0.0 0.0
0.0 -0.007001914618369961 0.0 0.5560428142355751 0.0 0.12175575570279222 0.1217557557027922 0.12175575569960308 0.12175575570051574 1.5524735588948968 0.0 -5.602146497751229e-06 0.003742698886213263 0.0 0.0
0.0 -0.006898454818704948 0.0 0.5557851588841466 0.0 0.12025908100171874 0.12025908100171874 0.12025908100171756 0.12025908100163475 1.5524735588948968 0.0 -5.6021464963464655e-06 0.0037426988862132456 0.0 0.0
0.0 -0.006791275632025648 0.0 0.5556646292795142 0.0 0.11875687511992894 0.11875687511992893 0.11875687511992893 0.11875687511992893 1.5524735588948966 0.0 -5.602146496342e-06 0.0037426988862132708 0.0 0.0
0.0 -0.006683609346283137 0.0 0.5555521619457142 0.0 0.11725068146179078 0.11725068146179078 0.11725068146338667 0.11725068146509046 1.5524735588948968 0.0 -5.602146496334182e-06 0.003742698886213242 0.0 0.0
0.0 -0.0065786811186526 0.0 0.5553167040720961 0.0 0.11574129011704205 0.11574129011704205 0.11574129011813039 0.11574129011819985 1.5524735588948966 0.0 -5.602146496323218e-06 0.0037426988862132703 0.0 0.0
0.0 -0.006479924314311046 0.0 0.5548261650835608 0.0 0.11423198994449729 0.1142319899444973 0.11423198994611422 0.11423198994084663 1.5524735588948968 0.0 -5.602146496348883e-06 0.0037426988862132374 0.0 0.0
0.0 -0.006391115054131312 0.0 0.5539463938664071 0.0 0.1127300671988708 0.11273006719887078 0.11273006719886496 0.11273006719886988 1.5524735588948968 0.0 -5.602146496302237e-06 0.0037426988862132686 0.0 0.0
0.0 -0.006316363907632014 0.0 0.5525491436022236 0.0 0.11124931874088582 0.11124931874088581 0.11124931874089922 0.11124931874088581 1.552473558894897 0.0 -5.6021464962765675e-06 0.0037426988862132374 0.0 0.0
0.0 -0.0062290226899256885 0.0 0.5515725205166901 0.0 0.10973548867886376 0.10973548867879872 0.1097354886788755 0.10973548868050861 1.5524735588948968 0.0 -5.602146496280104e-06 0.0037426988862132677 0.0 0.0
0.0 -0.006060041449136843 0.0 0.5555874854624036 0.0 0.10875375218624424 0.10875375218624425 0.10875375218502484 0.10875375219040662 1.5524735588948968 0.0 -5.602146496503655e-06 0.0037426988862132664 0.0 0.0
0.0 -0.006055030450148419 0.0 0.5590813389867954 0.0 0.10983754166385516 0.10983754166385519 0.10983754166385579 0.10983754166385518 1.552473558894843 0.0 -5.602146498036514e-06 0.003742698886213746 0.0 0.0
0.0 -0.006196077767434929 0.0 0.5575505871270466 0.0 0.11125733645533589 0.11125733645533589 0.1112573364529407 0.11125733645662 1.5524735588927048 0.0 -5.602146490322302e-06 0.003742698886214882 0.0 0.0
0.0 -0.006343470568040106 0.0 0.5555228382496489 0.0 0.11259982110498339 0.11259982110498339 0.11259982110498339 0.11259982110480177 1.5524735588728424 0.0 -5.602146437875567e-06 0.00374269888622065 0.0 0.0
0.0 -0.006484506384931849 0.0 0.5538089364341313 0.0 0.11395906179987425 0.11395906179987422 0.11395906179986066 0.11395906179987424 1.5524735588941627 0.0 -5.602146495592759e-06 0.0037426988862146386 0.0 0.0
0.0 -0.006620289726277768 0.0 0.5523340024338257 0.0 0.11532543668838043 0.11532543668838044 0.11532543668838043 0.11532543669095115 1.5524735588791543 0.0 -5.602146455154959e-06 0.003742698886219205 0.0 0.0
0.0 -0.006751970545387247 0.0 0.55102812471679 0.0 0.1166915822195421 0.11669158221954212 0.11669158221709075 0.11669158221710066 1.552473558719452 0.0 -5.60214602636351e-06 0.003742698886230719 0.0 0.0
0.0 -0.006880973615220302 0.0 0.5498183496737249 0.0 0.118052881568388 0.118052881568388 0.11805288157111567 0.11805288157128982 1.5524735588847678 0.0 -5.602146470439246e-06 0.003742698886217662 0.0 0.0
0.0 -0.00700863296110755 0.0 0.5486347282853478 0.0 0.11940447048014997 0.11940447048014997 0.11940447048281538 0.11940447048125984 1.5524735587123217 0.0 -5.602146006998898e-06 0.00374269888622224 0.0 0.0
0.0 -0.007136278646989814 0.0 0.5474112939775226 0.0 0.12074274393847265 0.12074274393824887 0.12074274394115739 0.12074274394115739 1.552473558891386 0.0 -5.602146488236874e-06 0.0037426988862155545 0.0 0.0
0.0 -0.007265107485025976 0.0 0.5460860887978983 0.0 0.1220636006185201 0.12206360061852012 0.12206360061833191 0.12206360061852012 1.5524735587558511 0.0 -5.6021461253001635e-06 0.0037426988862255066 0.0 0.0
0.0 -0.007396212780634095 0.0 0.5445991665926636 0.0 0.12336219026658753 0.12336219026658753 0.12336219026678286 0.1233621902667626 1.5524735566092995 0.0 -5.602140385610525e-06 0.003742698886221789 0.0 0.0
0.0 -0.007530382694771117 0.0 0.5428986056811321 0.0 0.12463214507940464 0.12463214507940464 0.12463214507898834 0.12463214508154513 1.552473535352327 0.0 -5.602083575586816e-06 0.0037426988861371437 0.0 0.0
0.0 -0.0076682581220312435 0.0 0.5409345091073564 0.0 0.12586575595080965 0.12586575595080965 0.12586575594788524 0.12586575594788688 1.5524735574210333 0.0 -5.60214255778633e-06 0.0037426988862204404 0.0 0.0
0.0 -0.007810087913565948 0.0 0.5386670057291268 0.0 0.12705326969078787 0.12705326969078787 0.12705326968813546 0.12705326969061442 1.5524735269887473 0.0 -5.6020612564975135e-06 0.0037426988860463865 0.0 0.0
0.0 -0.007955761588009272 0.0 0.5360632500316794 0.0 0.12818234649979204 0.12818234649979204 0.128182346499771 0.12818234649879812 1.5524730430187013 0.0 -5.60076776028642e-06 0.003742698882914607 0.0 0.0
0.0 -0.008105014267032485 0.0 0.533101460887305 0.0 0.12924219270072063 0.1292421927007194 0.1292421927007046 0.1292421927006968 1.5524733791839904 0.0 -5.6016664500169976e-06 0.0037426988851133698 0.0 0.0
0.0 -0.008240336395455513 0.0 0.529771441566174 0.0 0.12999044682186955 0.12999044682187263 0.12999044682187263 0.12999044682187236 1.5523585399461524 0.0 -5.293548450686986e-06 0.0037426982588908203 0.0 0.0
0.0 -0.008330431511349606 0.0 0.5260720599476674 0.0 0.12999999132514445 0.12999999132514445 0.12999999132514445 0.12999999132514445 1.5519189179220512 0.0 -4.092989664887386e-06 0.0037426961979547192 0.0 0.0
0.0 -0.008427949237900604 0.0 0.522033550858652 0.0 0.12999952322824426 0.12999952322824423 0.1299995232282442 0.12999952322824435 1.551535764383442 0.0 -3.016720129366859e-06 0.0037426948362897813 0.0 0.0
0.0 -0.008532770267855292 0.0 0.5176944935872103 0.0 0.1299998577641006 0.1299998577641006 0.12999985776410058 0.12999985776410064 1.5512235123309526 0.0 -2.121092952985724e-06 0.003742694046872221 0.0 0.0
0.0 -0.008641394219421176 0.0 0.5131973745375285 0.0 0.12999994589843042 0.12999994589843042 0.1299999458984302 0.12999994589843042 1.550990577166451 0.0 -1.4414672558681946e-06 0.003742693649140809 0.0 0.0
0.0 -0.008750568431750722 0.0 0.5086777855883955 0.0 0.12999996686665435 0.12999996686665435 0.12999996686665435 0.12999996686665435 1.5508279991221063 0.0 -9.612684423809578e-07 0.0037426934576103347 0.0 0.0
0.0 -0.008860028907463598 0.0 0.5041469285717103 0.0 0.12999997557155743 0.12999997557155743 0.12999997557155735 0.12999997557155743 1.5507198322354994 0.0 -6.391016342235064e-07 0.0037426933822800705 0.0 0.0
0.0 -0.00897034669488964 0.0 0.49958118173355204 0.0 0.1299999796487553 0.1299999796487553 0.1299999796487552 0.1299999796487553 1.5506538385661457 0.0 -4.414616387828833e-07 0.0037426933668458736 0.0 0.0
0.0 -0.009082596292505598 0.0 0.4949359997909784 0.0 0.12999998141792304 0.12999998141792304 0.12999998141792293 0.12999998141792304 1.550619455320573 0.0 -3.3819044714383606e-07 0.003742693357968436 0.0 0.0
0.0 -0.00919813972137246 0.0 0.490154905423421 0.0 0.12999998202972285 0.12999998202972285 0.12999998202972285 0.12999998202972285 1.550607533417249 0.0 -3.023595761696458e-07 0.003742693355727109 0.0 0.0
0.0 -0.009318217367204545 0.0 0.4851864282313274 0.0 0.12999998199253485 0.12999998199253485 0.12999998199253476 0.12999998199253485 1.550609047378908 0.0 -3.069220993873333e-07 0.0037426933559919534 0.0 0.0
0.0 -0.009439886457878561 0.0 0.4801521900530759 0.0 0.12999998170729352 0.12999998170729354 0.12999998170729346 0.12999998170729354 1.5506157237595466 0.0 -3.269689070471046e-07 0.0037426933571987086 0.0 0.0
0.0 -0.0095607591038953 0.0 0.47515087729846595 0.0 0.12999998150007477 0.12999998150007477 0.1299999815000747 0.12999998150007477 1.5506207129658178 0.0 -3.419567186097094e-07 0.003742693358169751 0.0 0.0
