[4.704425288783771e-06, -9.183538096646515e-10, 0.00010239192284549951, -0.00018170031073228428, 0.0, 0.0011391791737742024, 1.8734999895095825]
[0.0026283967031744287, -4.585778627941295e-07, 6.283119363903746, -0.00013240363272118497, 0.0, -0.0001689285351186567, 6.945504426956177]
[0.004951133107820824, -1.3275414766644733e-06, 6.28273185723555, 0.0002281078220353431, 0.0, 0.0014301333838692449, 7.777999997138977]
[0.007573677412548106, -3.0040159515465348e-06, 8.784443653367163e-05, 0.0004948959774132907, 0.0, 2.4221506982855204e-06, 8.599000096321106]
[0.010036389674331854, 9.90638338027594e-09, 0.0004900584535194799, 0.00017719663577290596, 0.0, 0.00037031438621875067, 9.38699996471405]
[0.012299613176460798, 9.647102256135631e-07, 0.000782606804507463, 3.2226929787329655e-05, 0.0, -0.0010146823528963244, 10.200500011444092]
[0.014272373430443738, 1.9412702091936573e-06, 0.0007168233911569061, 0.00042107493974209346, 0.0, -0.001827316359807699, 11.014000058174133]
[0.016060784459114075, 0.0, 0.0007972342220569589, 0.00041308868027495766, 0.0, 4.404937263582077e-15, 11.825504541397095]
[0.01783987162366684, 2.211944835128765e-06, 0.001682232949416509, 0.0005698830920069786, 0.0, -0.0015317784913161593, 12.652999997138977]
[0.019503449496875797, 5.725840296122442e-06, 0.002852586215854626, 0.00032937803606086454, 0.0, 3.761479144005904e-06, 13.436499953269958]
[0.021042229718453223, 7.6836686890569e-06, 0.0035034663311808477, -5.4596206208096426e-05, 0.0, -0.0003422936418143096, 14.25950002670288]
[0.022533125011687156, 1.3730879383451846e-05, 0.004132525217047787, -3.355032624974977e-07, 0.0, 0.0007719677871789698, 15.064499974250793]
[0.023971567301831323, 2.037981115758647e-05, 0.004169133726543181, -0.00016664709746906767, 0.0, 0.002091507703413686, 15.878500580787659]
[0.025427475182660038, 2.7218774456883033e-05, 0.0040666618724540995, 0.00044709270105217015, 0.0, 0.0008015028340756728, 16.674499988555908]
[0.026602256807854798, 3.240539638161427e-05, 0.003722877594421554, -0.00011521380126545149, 0.0, 0.002167016045341784, 17.50700008869171]
[0.027539028406215985, 3.632647612361595e-05, 0.003949562600815522, 0.0, 0.0, 0.001535521756518794, 18.33299994468689]
[0.02837081619622544, 3.835784535177744e-05, 0.004000878459103544, -5.1841251363385856e-05, 0.0, -0.0003250213148098352, 19.12300443649292]
[0.028991463315944592, 4.0977400010439036e-05, 0.0041471526345972865, -0.00010575995934326596, 0.0, 0.001662209926278048, 19.911499977111816]
[0.029561917327637553, 4.344874062689463e-05, 0.00427144571814548, -0.00026324202156025717, 0.0, 0.00041203935538100837, 20.74650001525879]
[0.030069404035018638, 4.564568539060232e-05, 0.004308054227640527, 0.00016682922544533204, 0.0, 0.001881786002850223, 21.54900050163269]
[0.030468371153266238, 4.739524362915026e-05, 0.00426409204374908, -0.00015383353096268157, 0.0, 0.0009644670061078695, 22.37999999523163]
[0.030639858048516024, 4.811614540112252e-05, 0.004286073135694802, -0.0001390263275163181, 0.0, -0.0008716325045049078, 23.20799994468689]
[0.03076934965266449, 4.867494552207585e-05, 0.004308054227640527, 0.00039864312617838573, 0.0, -0.000713532414012688, 24.02149999141693]
[0.03078450821517608, 4.8740316204165524e-05, 0.004315327970793621, 0.00018075435989285723, 0.0, 0.0004866929242002452, 24.79449999332428]
[0.030732020576214, 4.851415010309612e-05, 0.0043080542276405275, -0.0002208952093203002, 0.0, -0.0007690224684412216, 25.606500029563904]
[0.030608355206180847, 4.799448286735286e-05, 0.0040885630331563465, 9.944289064355338e-05, 0.0, -0.0022997304215975453, 26.456000089645386]
[0.03046255247638409, 4.5747220985853376e-05, 0.004169053795299706, 5.364032094565652e-05, 0.0, -0.001008902014241534, 27.240000009536743]
[0.0300717187173479, 4.4151578802359426e-05, 0.004161700120903304, -0.00010634033029545517, 0.0, -0.0006667060123157417, 28.060500025749207]
[0.029475603700841124, 4.348509338569784e-05, 0.0040812892900032515, -0.00041875918200318563, 0.0, -2.0495172638508104e-06, 28.869500041007996]
[0.028817639438494913, 4.090480295085297e-05, 0.004125171542651565, -0.0002559152050270183, 0.0, 0.001604473160469588, 29.64649999141693]
[0.02805350092802034, 3.801154027833348e-05, 0.003971623624004554, 7.290888115216381e-05, 0.0, -0.0013663219236117485, 30.470499992370605]
[0.027266057506349896, 3.4947550832470364e-05, 0.003920387696960189, -0.0002623266807449912, 0.0, -0.0016446702277263144, 31.27899992465973]
[0.026392264373035476, 3.1702420134060993e-05, 0.003752212360763857, -0.0004096451892064675, 0.0, 0.0005940117898113841, 32.09300446510315]
[0.025471810345955807, 2.8132706818732173e-05, 0.003993444853463495, 2.8606444254001005e-05, 0.0, -0.0012515478148307716, 32.88000190258026]
[0.0244813645538793, 2.419574708978356e-05, 0.004000798527860071, 0.00020462356807546996, 0.0, 0.0005475295397252759, 33.7039999961853]
[0.023378931939714576, 1.9674516955614507e-05, 0.004008152202256297, 0.0, 0.0, 0.0, 34.53450000286102]
[0.0220653256689113, 1.4056073155466198e-05, 0.004154426377750387, 0.0001578136811786812, 0.0, 0.0009894207566891779, 35.34650003910065]
[0.02045541958047232, 7.223708251902217e-06, 0.004417799824882708, 7.791115562794482e-05, 0.0, 0.0004884678817462565, 36.16700005531311]
[0.018788269848502185, -8.709032436882147e-08, 0.004629937344970661, -0.00019427314881242973, 0.0, -0.0012180052101107056, 37.01949989795685]
[0.017156181030661875, -7.131835476847925e-06, 0.004900504604012597, 0.00020398611147677328, 0.0, 0.0005475295397252759, 37.83549988269806]
[0.015580112058167377, -1.410804798818166e-05, 0.004849268676968054, -0.00020507177670883527, 0.0, 0.0004301362298253322, 38.67050647735596]
[0.014018017643224513, -2.138748901980847e-05, 0.004841994933815134, -0.00037960540432750364, 0.0, 0.0001818437522470822, 39.475499987602234]
[0.012288004459694165, -2.4025459460723375e-05, 0.005127189610406392, 6.70324555792659e-05, 0.0, -0.0012562219055835234, 40.287999987602234]
[0.0103689427212202, -3.3812502236135744e-05, 0.004417799824882708, 0.00010977789855413299, 0.0, -0.0006882580182145253, 41.07450556755066]
[0.00838572672284346, -4.360759384702817e-05, 0.00408120935875995, -0.0003837646629017111, 0.0, -0.00018819255693242935, 41.87399995326996]
[0.006159842360261428, -5.364981858468898e-05, 0.004081449152490391, -0.0001944323748600707, 0.0, 0.00040633449525971437, 42.699000000953674]
[0.003729805438308963, -6.392774582846504e-05, 0.0035473485838290004, -2.900462098848329e-05, 0.0, -0.0020122949610789256, 43.4724999666214]
[0.0013919273170025631, -7.325507085884087e-05, 0.0030353889696002933, -5.9818900537614425e-05, 0.0, -0.0011292115257467185, 44.290504574775696]
[-0.0009868009075892064, -8.175837486068538e-05, 0.0032914087423363872, -0.0004397176395014262, 0.0, 0.00034225332205848735, 45.11450505256653]
[-0.003391152903879001, -9.085414198883868e-05, 0.003122993612409787, -0.0002725334768301977, 0.0, -0.0009529477165562608, 45.90649998188019]
[-0.006047527713689887, -0.00010086913286580512, 0.002852586215854639, 0.00011601675514522415, 0.0, -0.0007273728412332192, 46.69350004196167]
[-0.008731863207617763, -0.0001103896412658345, 0.0023477404822920657, 0.00019963309760742093, 0.0, -0.0012516096768017205, 47.5074999332428]
[-0.011443074421920756, -0.00011981729673596342, 0.0030939785710412367, -6.480800165887031e-05, 0.0, -0.0004063170034556874, 48.33299994468689]
[-0.014398099216631257, -0.00012984784972353003, 0.002472113497083566, -6.255544256498879e-05, 0.0, -0.0003921944717048951, 49.104000091552734]
[-0.017587604175609492, -0.00014059399767746283, 0.0021504701734840503, -0.00026263133582391044, 0.0, -0.0009112143285734808, 49.91600000858307]
[-0.020550820427325825, -0.0001484847760482716, 0.0022673296513921865, -0.00015637667586442685, 0.0, -0.0017562151678278293, 50.754504561424255]
[-0.023718144147571164, -0.00015866320398747955, 0.002025937296205589, -5.792186292910621e-05, 0.0, 0.0028893632317545043, 51.526000022888184]
[-0.027077954421153974, -0.00016889616833357102, 0.001411585759131106, 0.00045588120967140095, 0.0, -0.0021407030532044962, 52.35599994659424]
[-0.030476322447686638, -0.0001777126533145934, 0.001272665258033765, -4.6916805639650914e-05, 0.0, 0.0002941472563767391, 53.1875]
[-0.03409165919380205, -0.00018480278335708533, 6.283148698670085, 0.0002987868012104328, 0.0, -0.0003812102100500096, 54.00150001049042]
[-0.03770230886855617, -0.0001889336366941996, 6.2827611920018915, -6.445492674377382e-05, 0.0, -0.000404103382639966, 54.81749999523163]
[-0.04113098002300688, -0.00019044083255437272, 6.2830900291374, -0.00034564191248433564, 0.0, -1.1841635167755867e-05, 55.636500000953674]
[-0.04476618702255417, -0.0001919745284155172, 0.00013892050108987977, 0.0002115245033653817, 0.0, -0.0006648983818272666, 56.41849994659424]
[-0.04855300658674731, -0.00019355924283630428, 6.282768385813799, 3.0195198884452464e-05, 0.0, 0.0032687579779873323, 57.22950005531311]
[-0.052223172092265645, -0.00019358042521844254, 6.282504932435422, 0.00011521447951703171, 0.0, -3.947229154480831e-06, 58.042500019073486]
[-0.056023990352937474, -0.00019216724497042592, 6.282110072092831, 0.0001116826521766939, 0.0, -0.0007001999661905495, 58.818508982658386]
[-0.05966733013359856, -0.0001887180715318404, 6.281868679737644, 9.823554011252709e-05, 0.0, 0.000615892625442646, 59.6324999332428]
[-0.06289770183172297, -0.00018691244849849964, 6.282124779441624, -0.00048659122557246975, 0.0, -0.0014254399793429229, 60.44500005245209]
[-0.06623419611053605, -0.00018392137571554557, 6.282329403424829, -0.0003381830447828467, 0.0, 0.0005721324340734022, 61.25800049304962]
[-0.06958471238613129, -0.00018310546875, 6.282227091433227, -0.00044104991503599684, 0.0, 4.703099597279253e-15, 62.06650006771088]
[-0.07280924417125752, -0.0001804529857070969, 6.282285760965912, -0.0001166545575011245, 0.0, -0.0007313715749607378, 62.87999999523163]
[-0.0762134111753556, -0.00017794038705409854, 6.282461289976504, -0.00013144144596353652, 0.0, -0.000824078710757115, 63.69150006771088]
[-0.07945428797622996, -0.0001762686771645816, 6.282593016665693, -0.0003671750006581721, 0.0, -0.0006211805414169323, 64.48249995708466]
[-0.08203952880055969, -0.0001754890635921047, 0.0001243730147837261, -0.0005622523488448485, 0.0, -0.000554459791387108, 65.29700005054474]
[-0.08456640409104495, -0.00017648296011496534, 0.0009435083975497613, -0.0003934779791775733, 0.0, -0.00030626277735513796, 66.11849999427795]
[-0.08730442890023456, -0.00017945195222934807, 0.0016675256006225927, -0.0003785882921962321, 0.0, 0.0016383283925922336, 66.91950643062592]
[-0.09012065598322355, -0.00018318518024562636, 0.0017407426196126834, -0.0005988519156514214, 0.0, 0.00037709273330876624, 67.72900199890137]
[-0.09282836195070192, -0.00018725485513840234, 0.0019821349747996295, 0.0, 0.0, 0.0, 68.51150000095367]
[-0.09539371020840448, -0.00019183986054212288, 0.002457406148289462, 0.0, 0.0, 0.0007758654430295696, 69.32599997520447]
[-0.09758693798446118, -0.0001956179089039247, 0.0017845449410175166, -2.770176053169902e-05, 0.0, 0.002344647212649829, 70.14600002765656]
[-0.0994511884064532, -0.0001985832625262529, 0.001550666122714282, -0.0005749377764338463, 0.0, 0.0013288852005778585, 70.94599997997284]
[-0.10145078348705894, -0.00020165848378872475, 0.0016384306280105621, -0.000916645620389255, 0.0, 0.001667426525934207, 71.75800001621246]
[-0.10340137094365714, -0.0002046956920734866, 0.0018432144737021141, -0.00032124174529168074, 0.0, 0.0012787562968997258, 72.57400441169739]
[-0.1052142932327556, -0.0002077303657693208, 0.0018579218224945688, -0.00017314670588948266, 0.0, 0.0003592189993025698, 73.34400200843811]
[-0.1068673672630233, -0.00021050845930251083, 0.0018357009368187513, -0.00010979391054392288, 0.0, 0.0006883584061842862, 74.16299939155579]
[-0.1084924702802521, -0.00021289879720870486, 0.0014334869198320483, -0.0005834426822125603, 0.0, 0.0015045441802086254, 74.97850096225739]
[-0.11001955874912334, -0.00021470843041077048, 0.0008851585898387385, -0.0005450652659494945, 0.0, -0.0011335682836312961, 75.79150009155273]
[-0.11142650020686479, -0.0002157635412695369, 0.0006655075328677698, -0.0002818813898270953, 0.0, 0.0017672694530428193, 76.58500003814697]
[-0.11283928155899048, -0.000217437744140625, 0.0008191353827580874, -0.00029195512205181266, 0.0, 8.700756681114472e-15, 77.40199995040894]
[-0.1141948697532422, -0.00021818500086761422, 0.0005703893531747402, -2.868871039282731e-05, 0.0, -0.001283039159720392, 78.24000000953674]
[-0.11540697941138872, -0.00021878549819831505, 0.000709629579246178, -0.00021511332157042771, 0.0, 3.6748330105016286e-06, 79.06550204753876]
[-0.1165665882003019, -0.0002193750008108175, 0.0006217052114629361, -0.000714630208000278, 0.0, -0.0009762262992091929, 79.880499958992]
[-0.11770286601755943, -0.00022010144030737422, 0.000841196405947291, -0.00020462356807477607, 0.0, 0.0005475295397209256, 80.69649994373322]
[-0.11872248938822394, -0.00022076879777627179, 0.0009873107189542452, -0.00026483381081047276, 0.0, -0.0009991398716584488, 81.47650003433228]
[-0.11979927976938062, -0.0002215353988186397, 0.0006583137209579808, -0.00033751522308236626, 0.0, -0.0005763447142719399, 82.30099999904633]
[-0.1210009095534386, -0.00022231839801978293, 0.0008044280339649356, 0.00019198719770312494, 0.0, 0.0005115611633145673, 83.08249998092651]
[-0.12218616944279814, -0.0002231138584132264, 0.000848550080343344, -0.00026805899987812463, 0.0, 0.00018855616410609144, 83.90049993991852]
[-0.12345427320218622, -0.00022379932104359124, 0.0005484881924724966, -0.00015101070154626334, 0.0, -0.0017108284388881647, 84.7170000076294]
[-0.12488342390502506, -0.00022439542015320613, 0.00029254835098005763, -0.0003033178815424392, 0.0, -0.0019016666085704354, 85.54400146007538]
[-0.12654114088391633, -0.000224866846655708, 0.000270647190277467, 8.843693661587674e-05, 0.0, -0.0005544597913959189, 86.35500001907349]
[-0.1282315466129751, -0.00022533299841809296, 0.0002925483509797097, -0.00046629367379732957, 0.0, -0.0008313565142009574, 87.13000202178955]
[-0.13014483242966926, -0.00022591299721951008, 0.0004680773615726179, -0.0002437415070827417, 0.0, 0.0028889834617839083, 87.96200001239777]
[-0.1320884356144565, -0.00022659708799169231, 0.0008045878964518971, 0.0, 0.0, 0.0007446939038340788, 88.73849999904633]
[-0.13435512689783194, -0.0002275739073246963, 0.0007096295792461773, 0.0, 0.0, 0.001260631098757453, 89.53900003433228]
[-0.13656008734223776, -0.00022996130601220938, 0.0006509600465619276, -0.00014514369774357424, 0.0, 0.0031431396673710977, 90.38999998569489]
[-0.13897609620705806, -0.000231206637110265, 0.0007462380887412226, -6.173260026740154e-05, 0.0, 0.000387035620820523, 91.19799995422363]
[-0.1414679623655554, -0.00023241234897014573, 0.0006728612072641703, -0.000130075266526476, 0.0, 0.0008155133805379996, 91.99900007247925]
[-0.14415935209139694, -0.00023393664562343375, 0.001045980251638495, -0.0001614887910200883, 0.0, 0.002637730055228452, 92.81550002098083]
[-0.14696158157251335, -0.00023267887920180863, 0.0007388844143448215, 0.00010726858801746346, 0.0, -0.0006725257704688522, 93.59449994564056]
[-0.14989446512511592, -0.00023425311155478995, 0.0005337808436796941, -5.6526255617745206e-05, 0.0, -0.001063182548972895, 94.43350005149841]
[-0.15302450109680962, -0.00023577990150570874, 0.001111683733745571, -0.00013404801611328833, 0.0, 0.0, 95.2224999666214]
[-0.15636798239178343, -0.00023792648654895332, 0.0014189394335262062, 0.00018277292027880297, 0.0, -0.0018068642266736933, 96.08250749111176]
[-0.1596928237474452, -0.00024106071176738242, 0.001521411287615289, 0.0001413993614801829, 0.0, -0.0008865103594705862, 96.869500041008]
[-0.1630328625666439, -0.00024610117146800503, 0.0016018221185155155, -0.00018519024834781465, 0.0, -0.0003870198373238461, 97.67850148677826]
[-0.16667385545638483, -0.0002504732612125804, 0.001960233814097385, 0.00026001956306326377, 0.0, 0.0009039154749281311, 98.45299994945526]
[-0.17009785781479025, -0.0002551651399495536, 0.0016165294673083173, -0.0003329117969654771, 0.0, 0.0012559780379883634, 99.27250444889069]
[-0.1737026937388752, -0.00025995490216595973, 0.001513897750732273, -7.331220629554941e-05, 0.0, -0.00045963453919668453, 100.08599996566772]
[-0.1776073947278724, -0.0002670254808125605, 0.0020625458056995056, 0.0003979280908142819, 0.0, 0.001729131782372625, 100.86150002479553]
[-0.1816963391817867, -0.00027281430277481533, 0.0018796631207105437, 5.520204834362509e-05, 0.0, 0.0010307522589278314, 101.68049991130829]
[-0.18615628085586178, -0.00028032445778847226, 0.0024283111756777755, 0.0002507715066014901, 0.0, 0.0008717661195091604, 102.4724999666214]
[-0.19059646259613414, -0.00028700275372983697, 0.0022967443489766617, 0.00010371084516747788, 0.0, 3.5923774901613233e-06, 103.30950045585632]
[-0.19521038610730876, -0.0002957970027104295, 0.002157823847879148, -0.00046602895383659576, 0.0, -0.0002164290224736724, 104.1434999704361]
[-0.20003199066585076, -0.00030582879555313076, 0.0020334508330874745, -0.00010429081770122434, 0.0, 0.0, 104.92550003528595]
[-0.2045607679537275, -0.0003178274249893698, 0.0026623498564679726, 0.00021259005643274194, 0.0, -0.0005688461834725152, 105.74900102615356]
[-0.20961570604307722, -0.00032844110396668125, 0.002450212336380018, -0.0003212790830637886, 0.0, 0.0012789049261233397, 106.57999992370605]
[-0.2148012998428207, -0.0003378662798709797, 0.0021795651460944283, -0.00039922996103312333, 0.0, 0.00042021036624254065, 107.35899996757507]
[-0.22014554472017664, -0.0003467995884201269, 0.001850408285611551, 7.037806096764725e-05, 0.0, -0.001023162361744161, 108.18849992752075]
[-0.22548984169743258, -0.0003551193572134126, 0.0018432144737021107, -6.093074661860771e-05, 0.0, 0.00038200835931811067, 108.99900007247925]
[-0.2311829290097726, -0.00036377250834995767, 0.0016823928119023535, 0.00030476427215605796, 0.0, 0.0005252617651354811, 109.82450008392334]
[-0.23697979343212505, -0.0003729129318031654, 0.001630917091127196, 5.721571644813156e-05, 0.0, 0.0003587167921045313, 110.65699994564056]
[-0.24288518041311954, -0.00038079236474072853, 0.0016312368161011189, 2.8878953869962e-05, 0.0, -0.002638824680090862, 111.44249999523163]
[-0.24889444809028663, -0.0003878994939476854, 0.0013604297633285675, 0.00012279419400980807, 0.0, -4.206908924152327e-06, 112.25400006771088]
[-0.255332977175072, -0.00039658876344050853, 0.001514057613218885, -0.0003134426205412906, 0.0, -0.00017935839605226565, 113.06499993801117]
[-0.2618788282364571, -0.00040539839359426955, 0.001609015930424953, -0.0001996325171662746, 0.0, -0.0005341745394569225, 113.87800002098083]
[-0.2685728751018228, -0.0004142869717100872, 0.0015361186364084372, -5.6526093247036856e-05, 0.0, 0.00035439316499969885, 114.66100001335144]
[-0.275328728678309, -0.00042394695850250796, 0.0015872746322093238, 0.0, 0.0, 0.0, 115.51300001144409]
[-0.2814405970956334, -0.0004341907410341239, 0.0018871766575939055, -0.0002653108098448195, 0.0, 0.0009267977534967056, 116.33550000190735]
[-0.287938637650266, -0.00044390273409616876, 0.0017409024820996414, -9.673546773949379e-05, 0.0, 0.0006064878467737124, 117.1139999628067]
[-0.2948310077480136, -0.0004520439721386049, 0.001960233814097035, 5.273496014064347e-05, 0.0, -0.0013261311023877777, 117.9375]
[-0.3007679115143105, -0.00045890139129056706, 0.0018649557719173922, 0.0002752708042755464, 0.0, 0.00015126744720811542, 118.73000001907349]
[-0.30720991936854897, -0.00047475912217415095, 0.00353264123503472, 5.271546958940774e-05, 0.0, -0.0003305022696436731, 119.55050003528595]
[-0.31315966790587135, -0.00048574435835246915, 0.0031815832138496, -1.2910899549113443e-15, 0.0, 0.0010187635441387514, 120.3420000076294]
[-0.3190113351905058, -0.0005030717621052339, 0.0035182536112158412, -0.0003843500331412084, 0.0, 0.0018163415232172056, 121.14599990844727]
[-0.3248526022238849, -0.0005192967363641388, 0.0037155239200236823, -0.00017528959406184577, 0.0, 0.001098986865403906, 121.96600246429443]
[-0.3306179791850968, -0.0005378460985966452, 0.0039204676282021955, -0.0005252642370540616, 0.0, 0.0, 122.79349994659424]
[-0.33599136866911644, -0.0005566690780953176, 0.0037594861039154763, 0.00018132098797873724, 0.0, -0.0004902454272945651, 123.61449992656708]
[-0.34145922344101803, -0.0005772450848316457, 0.0037521324295190753, 9.073382920345148e-05, 0.0, 0.0005688602741998075, 124.44000005722046]
[-0.34671365787849606, -0.0005974310709650522, 0.0039861711103092706, 2.735958353570152e-05, 0.0, -0.001606165852786433, 125.22050654888153]
[-0.3521068516907683, -0.0006184071327572647, 0.00332082343992069, 1.3707208504289981e-15, 0.0, 0.0007263286456114177, 126.04799938201904]
[-0.35711158427241246, -0.0006374748801678454, 0.0033791732476313643, 0.0003243941503801045, 0.0, 0.0, 126.86500000953674]
[-0.3620358494779437, -0.0006550025790302283, 0.0030062140657436533, -0.0004927258575464744, 0.0, 0.0014500182779397133, 127.66299998760223]
[-0.3666929244629319, -0.0006703961980946138, 0.0030791113597605163, -0.0002489110589322491, 0.0, -0.0008754362752037048, 128.44350004196167]
[-0.37141769830805077, -0.0006855622064453337, 0.0024062501524885704, 0.000504170765087651, 0.0, -0.0031609237942354803, 129.2704999446869]
[-0.37605267181341573, -0.0006991568923746527, 0.003159682053147008, 0.0004021106632797783, 0.0, 0.0011760013472754583, 130.09449994564056]
[-0.3804915944206661, -0.000710650957206238, 0.0029620920193652446, 0.00011878091730763622, 0.0, -0.0007447028939759138, 130.96050000190735]
[-0.38492944300911525, -0.0007232482989567579, 0.002099154315194551, 0.0005526748707841412, 0.0, 0.0020102726896424014, 131.74049997329712]
[-0.3891081600479238, -0.0007328158837427226, 0.002303938160886103, 3.375829893452479e-05, 0.0, 0.001031227641905114, 132.56149995326996]
[-0.3927351997719611, -0.0007405970675189028, 0.002530783029766858, -0.0001661029764890326, 0.0, -0.0018818116401793574, 133.37199997901917]
[-0.3966270139698124, -0.0007482690695547745, 0.001945526465304232, -0.00017530056455138205, 0.0, 0.0003716806364476833, 134.15199995040894]
[-0.4006599895656109, -0.00075531005859375, 0.0008557438922527813, 0.00024558838802107695, 0.0, -9.158685496955062e-15, 134.97399997711182]
[-0.40452034616037424, -0.0007561344050848184, 0.00030725569977204227, 0.0003413177720034542, 0.0, -0.0005797362539877697, 135.75450205802917]
[-0.4079245141116121, -0.0007558735179877263, 5.850967018978106e-05, -0.0001725104800398262, 0.0, 0.0003631525640642028, 136.58850002288818]
[-0.4115305259289588, -0.0007547527011993876, 0.00012437301478431082, 5.8008550450866966e-05, 0.0, -0.0010990556454273112, 137.4025000333786]
[-0.41520418461481284, -0.0007540464983811709, 0.00032180318607929814, 9.192789387464648e-05, 0.0, -0.0021160751877495783, 138.19649994373322]
[-0.4186095509898203, -0.0007538130577190438, 9.495831719881845e-05, 0.0001848641164270504, 0.0, 0.0011590148116045421, 138.98950004577637]
[-0.4219086916236882, -0.0007531004770425741, 6.282973169659493, 1.1999166205897053e-06, 0.0, 0.0006845872836286192, 139.81300008296967]
[-0.42512626195008746, -0.000750091277479048, 6.28216874162552, 0.00031281889150550416, 0.0, -0.000534172986317486, 140.62600004673004]
[-0.42838812143456056, -0.0007458596964408093, 6.282695488519786, 5.8008550450866966e-05, 0.0, 0.0003636875044854636, 141.39600002765656]
[-0.4315927895804981, -0.0007427670068135758, 6.283024485517781, 2.6377449358687804e-05, 0.0, 0.0011796731186561682, 142.23100006580353]
[-0.43417802903543123, -0.0007400202516868737, 6.282585662991298, -8.089666412241923e-05, 0.0, 0.000507185676373709, 143.06749999523163]
[-0.4369206695601107, -0.0007375592184238333, 6.282665913959712, -0.00021405108136384203, 0.0, 0.0005763465223066322, 143.8715000152588]
[-0.4396855952000918, -0.0007348371891615982, 6.282944074686881, -8.279424677758691e-05, 0.0, 0.0029264225641080655, 144.6490000486374]
[-0.44239911659526104, -0.000732247119527997, 6.282344270636113, 4.9909242089262976e-05, 0.0, -0.0018638462001929403, 145.46700203418732]
[-0.4453880190626245, -0.0007295997943934651, 6.282461289976511, 9.28134594366449e-05, 0.0, -6.394490331068828e-06, 146.27900004386902]
[-0.44862302975017326, -0.0007260883629816028, 6.28268829470788, 0.00041313730108956067, 0.0, -0.0007284895157040153, 147.1029999256134]
[-0.45198400140046807, -0.0007222339739965066, 6.28268062130851, 0.0004157194092213089, 0.0, 0.0, 147.9284999370575]
[-0.45561571386910793, -0.0007186854476719517, 6.282951428361282, 0.00025624776559456715, 0.0, -0.00017157417302478828, 148.74700105190277]
[-0.4595052134468771, -0.0007149429992915624, 6.283156052344486, 0.00010668242087079635, 0.0, 0.000668850766264717, 149.50999999046326]
[-0.46370150871241517, -0.0007107077727676984, 0.00012421315230221863, -2.8048006739122603e-05, 0.0, 0.0016465802779606297, 150.34100008010864]
[-0.4684239348464076, -0.0007086855393030334, 0.0009436682600421667, -9.190282540753784e-05, 0.0, 6.331751149233876e-06, 151.1284999847412]
[-0.47287806884565364, -0.0007072954834638212, 0.00041676150328924787, 5.331460964270856e-05, 0.0, 0.00199101866579443, 151.94799995422363]
[-0.47769040239489585, -0.000707298111053023, 0.00040972755386701337, -0.00016928706854411413, 0.0, 0.002261144907000785, 152.7480000257492]
[-0.48280361514476217, -0.0007081968201438915, 0.0006508001840789241, 0.00028876666086650977, 0.0, 0.0004885306200521077, 153.5350034236908]
[-0.48814442511064615, -0.0007092657058674692, 0.0012068019134425846, -6.0930180637031206e-05, 0.0, -0.0011460144326050407, 154.37550044059753]
[-0.49399728949105354, -0.0007121984696357164, 0.001140938568848547, 0.00024718282371217104, 0.0, -0.0015497250596477577, 155.20800006389618]
[-0.4989367558415749, -0.0007160429583522587, 0.000629058885863321, -0.00019406215155664595, 0.0, -0.0003996401887008865, 155.99600100517273]
[-0.5045878790906689, -0.0007183042297440462, 0.0008483902178607145, 0.00018543508688310118, 0.0, -0.001831086399549175, 156.77400147914886]
[-0.5104092281783693, -0.0007213581030856009, 0.0014481942686291821, 0.0005233850892243839, 0.0, -0.0017332464758532077, 157.6085000038147]
[-0.5160078674621859, -0.0007309074280153404, 0.002406410014979171, -0.0005140499032891276, 0.0, 0.0, 158.3934999704361]
[-0.5223856765303536, -0.000744347380409266, 0.0027792093343799204, 0.00015850282389085876, 0.0, 0.0009937413713447447, 159.21549999713898]
[-0.5286002409865619, -0.0007598734039563348, 0.002581939025571731, 7.906515581121894e-05, 0.0, 0.0004957029435357457, 160.04000449180603]
[-0.5353968816018266, -0.0007750669369434582, 0.0025816193005981565, 8.499619133440627e-05, 0.0, -0.0005328878669940495, 160.85199999809265]
[-0.5424374396377061, -0.0007899512482753002, 0.002472273359573208, 0.00015850231321576833, 0.0, -0.00019874763392835158, 161.6560000181198]
[-0.5496960604345609, -0.0008039744042090957, 0.0009503824844892597, 0.00011049755781336362, 0.0, 0.0006927699578860938, 162.4520000219345]
[-0.5570958908342686, -0.0008179129445933242, 0.0015287649620160215, -0.00035223066023494, 0.0, -0.00017101527779338126, 163.26250004768372]
[-0.5646473952229168, -0.0008242752141289778, 0.0014779286911887099, -0.0004548856520080358, 0.0, -0.00016170727564095781, 164.03250002861023]
[-0.572579230411373, -0.0008322357480034792, 0.0017480962940130671, -0.0003505959048103025, 0.0, -0.0014627213536540166, 164.85050201416016]
[-0.580690676077407, -0.0008389222053843265, 0.0018136399136335296, -0.00014228673426655336, 0.0, 0.001618363950733356, 165.67149996757507]
[-0.5891708255322934, -0.0008462831736261167, 0.0014264529704133746, 0.0008544389399755926, 0.0, 0.004063891291891197, 166.46800196170807]
[-0.5974665679562322, -0.000857004433999331, 0.001960073951613882, -0.00023501342775889038, 0.0, -0.0006394123348998804, 167.29400193691254]
[-0.6051114450544673, -0.0008651546156285272, 0.0014408405942322553, -0.0005910765100791118, 0.0, 0.001579388064799837, 168.10999941825867]
[-0.6134456919432939, -0.0008744071214956683, 0.001499030539456316, -0.0001552713151262689, 0.0, -0.00033396802547660935, 168.90000009536743]
[-0.6210578769582888, -0.0008842689558385963, 0.0035104203493627104, 0.0004725371969291393, 0.0, 0.00035615902891532764, 169.7149999141693]
[-0.62926964720851, -0.0009098175547184173, 0.0038547641460989273, -0.000689219425843103, 0.0, -0.0005657601470190461, 170.53550004959106]
[-0.6370999719600651, -0.0009317891034148484, 0.0031523283787540674, -0.00017164714934439468, 0.0, 0.0003587167921045313, 171.32299995422363]
[-0.6451297348750534, -0.0009571993819037228, 0.0038179957741172692, -0.0001478894900744683, 0.0, -0.0016465802779432282, 172.13750004768372]
[-0.6528875868462719, -0.000981334666590894, 0.004344902530868178, 0.00021652838095695718, 0.0, 0.00045251183318939677, 172.95050156116486]
[-0.6603772361760326, -0.0010087092777255058, 0.004622743533063903, -0.0005684852091170935, 0.0, 0.001785972710477199, 173.744500041008]
[-0.668030212169877, -0.0010400751403483455, 0.005193132886246069, -0.0003440560278294036, 0.0, -0.0013726850146079108, 174.56200003623962]
[-0.6752141302359093, -0.001068733529137278, 0.0048126601674753425, -0.000287814986295978, 0.0, 0.0018044704324780753, 175.3895000219345]
[-0.6820306105989254, -0.0010987179789593848, 0.0047029945014768195, -0.000625608679349057, 0.0, 0.0014269942942293098, 176.21100199222565]
[-0.6889753433685204, -0.0011298403309619384, 0.004593648560452222, 5.212978404652374e-05, 0.0, 0.001634151424330685, 177.0329999923706]
[-0.6956961557370435, -0.0011592994944359947, 0.004644484831279535, 0.0, 0.0, 0.0, 177.80599999427795]
[-0.7026316041747389, -0.001191044577153716, 0.005076113545851494, 8.113070790654723e-05, 0.0, -0.0011626354870112484, 178.62600004673004]
[-0.7095414021363952, -0.0012225546339707655, 0.004966447879852973, -0.0001759353995016675, 0.0, 0.0018383929581560884, 179.45000052452087]
[-0.7153406291200841, -0.0012444260950139618, 0.004285753410723741, -0.0005628663328820374, 0.0, 0.0003390227464810252, 180.22549998760223]
[-0.721720743938797, -0.0012708417063556077, 0.004278719461300914, -0.0002920705484665979, 0.0, -0.0011626354870270682, 181.0625]
[-0.728085714580028, -0.0012967937914610886, 0.004205502442310822, 0.00013757195239122138, 0.0, 0.0028849613800405313, 181.87650001049042]
[-0.7341218026984986, -0.0013234587552797272, 0.004937033182266668, -0.0003261512546859881, 0.0, 0.0013607358163736205, 182.67350006103516]
[-0.7405533100542674, -0.0013527106209570983, 0.0049447065816366435, 0.0, 0.0, 0.0, 183.5174995660782]
[-0.746606727533923, -0.0013815111082763898, 0.004630097207459957, -0.00019122596147615518, 0.0, -0.00039963357231416523, 184.30100202560425]
[-0.7525751500787109, -0.0014065073483826018, 0.00467389952886514, -0.0002471828237134772, 0.0, -0.0008576148388406358, 185.08350002765656]
[-0.7584256705053061, -0.0014308353033880977, 0.004710667900846797, 0.00011318761297012225, 0.0, 0.0018013821516594235, 185.9099999666214]
[-0.7642609957474976, -0.0014546795765258969, 0.004695640827080069, -0.00021622493448480667, 0.0, -0.0005882935776944079, 186.72350001335144]
[-0.7698653538668617, -0.0014790296303961448, 0.004754470222251282, 0.00018630642677189315, 0.0, 0.00040072043846696556, 187.53700006008148]
[-0.7755711916026367, -0.0015043696382871022, 0.004878523512069381, 5.6532426446796035e-05, 0.0, 0.0010632986139357664, 188.33149993419647]
[-0.7810508218618483, -0.0015260922477262628, 0.004842074865060948, -0.00017815417016723407, 0.0, 0.0003723154894592017, 189.14400243759155]
[-0.7863996362742393, -0.0015499322106468094, 0.0053322132498308935, 0.0003709973218941365, 0.0, 0.0006394145441656778, 189.91350197792053]
[-0.7915594580205706, -0.0015732646292350994, 0.005573605605017491, 0.0002027271169651361, 0.0, 0.001997297948961982, 190.73949992656708]
[-0.7965933668984019, -0.0015968631855968543, 0.005507742260422757, -0.00016246010482481266, 0.0, -0.0027136597500922854, 191.53350448608398]
[-0.8014954447557643, -0.0016212240731632577, 0.005990207245822725, -5.155683471958013e-05, 0.0, 0.00032323815045534154, 192.39450001716614]
[-0.8061898184452954, -0.001644143575502216, 0.005449232590226165, 9.037351187122378e-05, 0.0, 0.0005666012466881349, 193.2094999551773]
[-0.8107827509921639, -0.001668641358901879, 0.0055736056050174915, 0.0003776489897474391, 0.0, 0.0007949905357134063, 194.01750004291534]
[-0.8155809978908888, -0.0016930672784646675, 0.006136641283803604, 5.8842219487594403e-05, 0.0, 0.0030087005317440195, 194.8289999961853]
[-0.8200584188283785, -0.0017180638437394036, 0.0066629085906080585, -0.00015994339558849077, 0.0, -0.0003342577025190956, 195.65299999713898]
[-0.8238918207700274, -0.0017384395783461293, 0.00588757552924703, -0.0002814815954943203, 0.0, -0.0009804238458399036, 196.47100448608398]
[-0.8284508810223593, -0.0017647573658696736, 0.006268367972991677, 0.0002222049594786694, 0.0, -0.0006927561934028384, 197.2539999485016]
[-0.8334042404112055, -0.0017931789646964125, 0.006531501626393903, 0.00022052566802284714, 0.0, 0.0013825966905715089, 198.07999992370605]
[-0.8388266096764935, -0.0018236641284925525, 0.003912954091322989, 0.00011899168013110385, 0.0, -8.19806903755557e-06, 198.89950001239777]
[-0.8433424741805111, -0.0018499825704220985, 0.004856782213853752, -0.00011443143289626312, 0.0, 0.0007174335842090626, 199.67549991607666]
[-0.8484171809160693, -0.0018735236795550808, 0.005383049520658207, -0.00020790854001054263, 0.0, 0.002057715327355588, 200.4965000152588]
[-0.8535315976578225, -0.0019004945102494286, 0.005939051250021494, 0.0001251049196882564, 0.0, -0.000784351542774955, 201.2800019979477]
[-0.8588979833492457, -0.0019289466887502799, 0.005968465947607098, -5.721538373478279e-05, 0.0, 0.0010761441184247182, 202.12450003623962]
[-0.8645103729571298, -0.0019586794043278677, 0.005785583262617789, -0.00023875608326791108, 0.0, 0.0008283777844921529, 202.89999997615814]
[-0.8700109772141442, -0.0019883131555147315, 0.005456266539648297, 0.0003455537663471428, 0.0, -0.0008684954203234651, 203.72050046920776]
[-0.8757633844856955, -0.002021782892973334, 0.005843773207842545, -0.00039857787564251244, 0.0, 0.0024989038996642665, 204.53900003433228]
[-0.8816361086397109, -0.00205268648976323, 0.005493034911630652, -0.00010910878982805458, 0.0, 0.0, 205.3309999704361]
[-0.8875262150749067, -0.0020850463457809387, 0.005544190907431887, -0.00019018010466057274, 0.0, 0.000397447888453223, 206.14050447940826]
[-0.8936648899568531, -0.0021158324451156507, 0.005310152226641341, 0.0003605796181875211, 0.0, 0.0008753443486680337, 206.96650445461273]
[-0.9002818065465731, -0.002148417962822058, 0.004432187448703922, 0.0005915286963411089, 0.0, 0.0013555640793108288, 207.78250193595886]
[-0.9067774524138829, -0.0021809296833132374, 0.004827367516268147, -4.599671775381886e-05, 0.0, 0.0002883787194196056, 208.58950006961823]
[-0.9133314071834948, -0.0022093192707190804, 0.005119915867255978, 1.3076008812497994e-06, 0.0, -0.0015002466330873716, 209.4064999818802]
[-0.9200032102991146, -0.0022389555723106858, 0.005405110543847758, 0.00020526041295057713, 0.0, 0.0012868904114209847, 210.2020000219345]
[-0.9272676793795274, -0.0022731321035296403, 0.004973481829275103, -0.0009422943875873013, 0.0, -0.000219512956016936, 211.01899993419647]
[-0.9335206319568448, -0.002305170002008694, 0.004900264810285013, -0.0010808795129027503, 0.0, 0.00035091860096776435, 211.81499993801117]
[-0.9407605760481362, -0.002338495280567149, 0.005412783943217736, -8.669383901031956e-05, 0.0, -0.0005435313538929577, 212.63900005817413]
[-0.9478114778105637, -0.0023709461040598984, 0.005880861304798126, -7.998014871211325e-05, 0.0, -0.0031467147771702844, 213.4264999628067]
[-0.9552076505168271, -0.0024183157224612895, 0.00686049862439017, -0.0001473232469824998, 0.0, 0.0009236504555159108, 214.24849998950958]
[-0.9627065248505666, -0.002466933783090205, 0.007021640011163155, -3.630256904617e-05, 0.0, 0.0037174792419121, 215.06400001049042]
[-0.970274182556986, -0.002517461443310498, 0.006897266996371831, -0.0005688063830504502, 0.0, 0.0016970002898994668, 215.88850009441376]
[-0.9779853904675213, -0.0025692093822611284, 0.007116598328369572, -0.0005557925852873122, 0.0, -0.0009111030015503303, 216.6620044708252]
[-0.9853687046287067, -0.002617800132279857, 0.006904940395742503, -0.000631262860122004, 0.0, -0.0003802189899733696, 217.4779999256134]
[-0.992890871595284, -0.00266845869790093, 0.007021640011163158, -0.00025012596915342176, 0.0, -0.0022533032430943054, 218.27499997615814]
[-1.0001342007093907, -0.0027165536717788097, 0.007101890979576074, -0.0005898374947398248, 0.0, -0.0036980156347050834, 219.09500002861023]
[-1.0073040861941225, -0.0027656959614269366, 0.0071604006497740565, -0.00011292222927869995, 0.0, -0.0017432848010236997, 219.9159995317459]
[-1.0145147098178335, -0.0028161374000139072, 0.0071533667003512305, -0.0001490669560304946, 0.0, -0.0009345827264877753, 220.69449996948242]
[-1.0215270561801444, -0.002866293402064679, 0.007189815347359663, -0.0005977264138419939, 0.0, 0.002037318087950079, 221.53449988365173]
[-1.0284229210217248, -0.0028994528117102514, 0.0059684659476071005, 0.00012404528860521032, 0.0, -0.00077770813277293, 222.3125]
[-1.0352521298078605, -0.002933821014188709, 0.005617088201448057, -0.00035503879663092763, 0.0, -8.094303545765816e-06, 223.13550448417664]
[-1.0415027996266792, -0.002963503061613748, 0.004608036184271103, -0.0006596060961645664, 0.0, 0.0019113347490712677, 223.94200158119202]
[-1.0477382926216798, -0.002988546515470293, 0.0035766034189299786, -5.917441517037629e-05, 0.0, 0.0021707268443254325, 224.74950456619263]
[-1.0542958510518938, -0.0030075445057684558, 0.0026625097189580497, 0.0004016767100124674, 0.0, -0.0007183957049725959, 225.58200001716614]
[-1.0607191909400029, -0.0030249532924948586, 0.002955058069946578, -0.0008442994993284071, 0.0, 0.000701160680216783, 226.3769999742508]
[-1.0671121938445618, -0.0030399463013184302, 0.0028086240319657005, -0.0002887596994851025, 0.0, 0.0018103933590041948, 227.18500447273254]
[-1.073425886890958, -0.0030587024002933505, 0.0035257671481026664, 6.426936587174023e-05, 0.0, 0.00040293999948428456, 228.00950002670288]
[-1.0797255528012932, -0.003078506354025336, 0.003466937752932151, 1.2591709311407782e-06, 0.0, 0.0007183935904208224, 228.82300007343292]
[-1.0861512244611224, -0.003100502469742583, 0.003788900801504893, 0.00041208344383245196, 0.0, -0.00019873674877887381, 229.6455020904541]
[-1.0926574648558272, -0.0031242384525443923, 0.005653856573430408, -0.0011937836506704727, 0.0, 0.02310744290963533, 230.41649997234344]
[-1.0992250928019467, -0.003197510114063218, 0.014182200523429184, -0.0012726601699865228, 0.0, -0.010238422413984753, 231.2059999704361]
[-1.1057310017441273, -0.0032568240929080616, 0.011205241292775704, -6.173240660743483e-05, 0.0, -0.00038703440665968875, 232.04000008106232]
[-1.1124594970517858, -0.003338367613551052, 0.011088221952380435, -0.00029592381194480335, 0.0, 0.0010267244644076266, 232.86300003528595]
[-1.119482081202942, -0.0034182677086751975, 0.010927720015554601, 0.0001117105483506739, 0.0, -0.003121235800926169, 233.65550005435944]
[-1.126610799336679, -0.0035016364972386693, 0.01163687000734767, 0.0001448050835441761, 0.0, -0.0023446541140063203, 234.44949996471405]
[-1.1339658452518433, -0.0035858621005707553, 0.011453987322358361, 0.0001417946466477768, 0.0, -0.0016064180318558197, 235.27050006389618]
[-1.1414234985529554, -0.003670418078562665, 0.010715422632979687, 0.00012346520053480308, 0.0, -0.000774071241641046, 236.08050000667572]
[-1.1485802806447938, -0.00374799433400394, 0.010868570895409465, -0.0006629555807583135, 0.0, 0.0028193986946246827, 236.8969999551773]
[-1.1563495279646288, -0.0038301626535292566, 0.010357010937398508, -0.0006668764490909109, 0.0, -0.002888062605159658, 237.66650009155273]
[-1.164525908028464, -0.003915594396251271, 0.010379071960587362, -2.5498222488303184e-05, 0.0, -0.0018166179484699065, 238.48800003528595]
[-1.1725669205843372, -0.004002390396895289, 0.010883917694150109, 0.0003606185089279533, 0.0, 0.0015757897679739498, 239.27799999713898]
[-1.180604423377192, -0.004088317172974865, 0.010298181542227294, -0.0004238621261721564, 0.0, -0.0007640096217366939, 240.09950041770935]
[-1.1891937610400058, -0.004171944605164124, 0.009618446248019136, -0.00032757264317065626, 0.0, 0.0003535730888675455, 240.90050053596497]
[-1.1979325515848314, -0.004252774182615389, 0.009391441516651416, 0.0, 0.0, 0.0007004265533227302, 241.7444999217987]
[-1.2065300955669696, -0.004331492179249732, 0.009215592781084934, 0.0001728909692651198, 0.0, -0.0028619361456994835, 242.5204999446869]
[-1.2155978752998693, -0.004412624285822508, 0.007452949000761885, 0.0010000620899474311, 0.0, 0.005505920140118911, 243.35249996185303]
[-1.2243471411004627, -0.0044911567546895015, 0.00808248747408988, 4.6916805639650914e-05, 0.0, -0.0002941472563767391, 244.14800000190735]
[-1.2331210260354322, -0.004559102467689813, 0.008279438057924141, -0.00023607931649637816, 0.0, 0.000819090590231856, 244.92899990081787]
[-1.2420056292897916, -0.004626787628521594, 0.008616108455290384, -0.0002735809893481647, 0.0, 0.0, 245.75950002670288]
[-1.2511073597680566, -0.004697258509696239, 0.008587013482678702, -0.00014555287914727903, 0.0, -0.0009125510459459693, 246.54699993133545]
[-1.2596548676512513, -0.004764773273024048, 0.008754869093900589, -0.00022487554486812027, 0.0, -7.70419924295239e-06, 247.36800003051758]
[-1.2691834550513836, -0.004841426719247004, 0.008477347816680175, -0.00023755323119889886, 0.0, 0.0, 248.1835000514984]
[-1.278299029917052, -0.004915367491959061, 0.009603099449278478, 0.00022053774729941986, 0.0, 0.001382672422199322, 248.99849998950958]
[-1.2875579023389632, -0.0050120888576791756, 0.012477746688328796, -0.0004772859925593059, 0.0, -0.0011231629224634583, 249.8085000514984]
[-1.2968025595466017, -0.0051374772956532255, 0.014386824506633422, -0.000899632155689813, 0.0, -0.002623390109435612, 250.63300001621246]
