0.000006 0.745000 0.000000
0.000000 0.740000 0.000000
-0.000026 0.735000 0.000000
-0.000072 0.730000 0.000000
-0.000134 0.725001 0.000000
-0.000207 0.720002 0.000000
-0.000289 0.715003 0.000000
-0.000376 0.710004 0.000000
-0.000463 0.705005 0.000000
-0.000548 0.700007 0.000000
-0.000626 0.695007 0.000000
-0.000694 0.690008 0.000000
-0.000748 0.685008 0.000000
-0.000785 0.680008 0.000000
-0.000800 0.675007 0.000000
-0.000790 0.670006 0.000000
-0.000752 0.665004 0.000000
-0.000681 0.660003 0.000000
-0.000575 0.655001 0.000000
-0.000428 0.650000 0.000000
-0.000238 0.644999 0.000000
0.000000 0.640000 0.000000
0.000291 0.634748 0.000000
0.000570 0.629189 0.000000
0.000728 0.623624 0.000000
0.000679 0.618362 0.000000
0.000409 0.613716 0.000000
-0.000000 0.610000 0.000000
-0.000283 0.607376 0.000000
0.000000 0.605000 0.000000
0.001502 0.602611 0.000000
0.004000 0.601000 0.000000
0.006790 0.600264 0.000000
0.010000 0.600000 0.000000
0.014059 0.599859 0.000000
0.018796 0.599783 0.000000
0.023985 0.599783 0.000000
0.029399 0.599842 0.000000
0.034812 0.599927 0.000000
0.040000 0.600000 0.000000
0.045000 0.600039 0.000000
0.050000 0.600049 0.000000
0.055000 0.600039 0.000000
0.060000 0.600018 0.000000
0.065000 0.599995 0.000000
0.070000 0.599978 0.000000
0.075000 0.599977 0.000000
0.080000 0.600000 0.000000
0.084993 0.600048 0.000000
0.089982 0.600090 0.000000
0.094980 0.600087 0.000000
0.100000 0.600000 0.000000
0.105045 0.599807 0.000000
0.110107 0.599565 0.000000
0.115186 0.599348 0.000000
0.120280 0.599235 0.000000
0.125381 0.599304 0.000000
0.130475 0.599633 0.000000
0.135536 0.600300 0.000000
0.140520 0.601376 0.000000
0.145367 0.602925 0.000000
0.150000 0.605000 0.000000
0.154347 0.607630 0.000000
0.158369 0.610775 0.000000
0.162028 0.614367 0.000000
0.165301 0.618336 0.000000
0.168180 0.622619 0.000000
0.170668 0.627153 0.000000
0.172778 0.631885 0.000000
0.174532 0.636767 0.000000
0.175956 0.641757 0.000000
0.177084 0.646822 0.000000
0.177952 0.651935 0.000000
0.178599 0.657074 0.000000
0.179064 0.662222 0.000000
0.179388 0.667369 0.000000
0.179612 0.672504 0.000000
0.179776 0.677623 0.000000
0.179920 0.682721 0.000000
0.180083 0.687792 0.000000
0.180303 0.692834 0.000000
0.180615 0.697838 0.000000
0.181054 0.702799 0.000000
0.181652 0.707705 0.000000
0.182438 0.712543 0.000000
0.183441 0.717296 0.000000
0.184682 0.721944 0.000000
0.186180 0.726463 0.000000
0.187950 0.730825 0.000000
0.190000 0.735000 0.000000
0.192332 0.738908 0.000000
0.195017 0.742435 0.000000
0.198132 0.745473 0.000000
0.201706 0.747876 0.000000
0.205704 0.749458 0.000000
0.210000 0.750000 0.000000
0.214279 0.749354 0.000000
0.218237 0.747694 0.000000
0.221767 0.745254 0.000000
0.224859 0.742233 0.000000
0.227569 0.738778 0.000000
0.230000 0.735000 0.000000
0.232232 0.731032 0.000000
0.234264 0.726960 0.000000
0.236108 0.722798 0.000000
0.237777 0.718557 0.000000
0.239284 0.714249 0.000000
0.240643 0.709880 0.000000
0.241869 0.705458 0.000000
0.242978 0.700987 0.000000
0.243984 0.696472 0.000000
0.244905 0.691914 0.000000
0.245757 0.687315 0.000000
0.246557 0.682678 0.000000
0.247323 0.678001 0.000000
0.248073 0.673285 0.000000
0.248829 0.668530 0.000000
0.249609 0.663736 0.000000
0.250435 0.658904 0.000000
0.251331 0.654035 0.000000
0.252319 0.649130 0.000000
0.253427 0.644195 0.000000
0.254679 0.639235 0.000000
0.256105 0.634257 0.000000
0.257734 0.629275 0.000000
0.259596 0.624302 0.000000
0.261722 0.619360 0.000000
0.264144 0.614473 0.000000
0.266894 0.609673 0.000000
0.270000 0.605000 0.000000
0.273716 0.600353 0.000000
0.278487 0.596115 0.000000
0.284408 0.593259 0.000000
0.290921 0.592833 0.000000
0.296651 0.595326 0.000000
0.300000 0.600000 0.000000
0.300599 0.605137 0.000000
0.300000 0.610000 0.000000
0.299367 0.614820 0.000000
0.298898 0.619597 0.000000
0.298574 0.624331 0.000000
0.298375 0.629025 0.000000
0.298284 0.633683 0.000000
0.298286 0.638310 0.000000
0.298366 0.642911 0.000000
0.298509 0.647493 0.000000
0.298704 0.652063 0.000000
0.298936 0.656628 0.000000
0.299194 0.661196 0.000000
0.299466 0.665776 0.000000
0.299739 0.670374 0.000000
0.300000 0.675000 0.000000
0.300237 0.679628 0.000000
0.300445 0.684231 0.000000
0.300622 0.688817 0.000000
0.300767 0.693392 0.000000
0.300878 0.697963 0.000000
0.300954 0.702537 0.000000
0.300993 0.707119 0.000000
0.300993 0.711718 0.000000
0.300950 0.716339 0.000000
0.300863 0.720988 0.000000
0.300728 0.725673 0.000000
0.300542 0.730399 0.000000
0.300301 0.735173 0.000000
0.300000 0.740000 0.000000
0.299734 0.744737 0.000000
0.300000 0.750000 0.000000
0.301764 0.755913 0.000000
0.305383 0.761515 0.000000
0.310815 0.766144 0.000000
0.317758 0.769173 0.000000
0.325685 0.770111 0.000000
0.333922 0.768693 0.000000
0.341760 0.764907 0.000000
0.348561 0.758982 0.000000
0.353842 0.751321 0.000000
0.357319 0.742417 0.000000
0.358909 0.732764 0.000000
0.358701 0.722792 0.000000
0.356907 0.712818 0.000000
0.353817 0.703031 0.000000
0.349752 0.693501 0.000000
0.345042 0.684202 0.000000
0.340012 0.675034 0.000000
0.334981 0.665867 0.000000
0.330270 0.656567 0.000000
0.326202 0.647039 0.000000
0.323107 0.637254 0.000000
0.321309 0.627280 0.000000
0.321094 0.617308 0.000000
0.322677 0.607654 0.000000
0.326146 0.598747 0.000000
0.331420 0.591080 0.000000
0.338215 0.585148 0.000000
0.346049 0.581353 0.000000
0.354284 0.579924 0.000000
0.362212 0.580852 0.000000
0.369159 0.583871 0.000000
0.374599 0.588493 0.000000
0.378227 0.594089 0.000000
0.380000 0.600000 0.000000
0.380272 0.605262 0.000000
0.380000 0.610000 0.000000
0.379673 0.614828 0.000000
0.379389 0.619605 0.000000
0.379149 0.624336 0.000000
0.378955 0.629027 0.000000
0.378808 0.633684 0.000000
0.378712 0.638313 0.000000
0.378666 0.642920 0.000000
0.378675 0.647510 0.000000
0.378739 0.652088 0.000000
0.378861 0.656661 0.000000
0.379045 0.661234 0.000000
0.379294 0.665811 0.000000
0.379611 0.670398 0.000000
0.380000 0.675000 0.000000
0.380455 0.679578 0.000000
0.380941 0.684104 0.000000
0.381426 0.688596 0.000000
0.381877 0.693073 0.000000
0.382263 0.697553 0.000000
0.382551 0.702054 0.000000
0.382706 0.706589 0.000000
0.382690 0.711170 0.000000
0.382462 0.715805 0.000000
0.381974 0.720495 0.000000
0.381173 0.725232 0.000000
0.380000 0.730000 0.000000
0.378509 0.734865 0.000000
0.377375 0.739999 0.000000
0.377583 0.745314 0.000000
0.380000 0.750000 0.000000
0.384520 0.752682 0.000000
0.389820 0.753093 0.000000
0.395027 0.751908 0.000000
0.400000 0.750000 0.000000
0.404908 0.748058 0.000000
0.409814 0.746219 0.000000
0.414746 0.744486 0.000000
0.419735 0.742865 0.000000
0.424810 0.741365 0.000000
0.430000 0.740000 0.000000
0.435291 0.738767 0.000000
0.440627 0.737559 0.000000
0.445969 0.736225 0.000000
0.451271 0.734613 0.000000
0.456458 0.732572 0.000000
0.461419 0.729965 0.000000
0.465995 0.726676 0.000000
0.469967 0.722642 0.000000
0.473070 0.717875 0.000000
0.475000 0.712500 0.000000
0.475511 0.706786 0.000000
0.474615 0.701092 0.000000
0.472454 0.695719 0.000000
0.469219 0.690884 0.000000
0.465122 0.686719 0.000000
0.460367 0.683284 0.000000
0.455137 0.680576 0.000000
0.449584 0.678549 0.000000
0.443825 0.677122 0.000000
0.437944 0.676193 0.000000
0.431996 0.675650 0.000000
0.426012 0.675370 0.000000
0.420005 0.675227 0.000000
0.413982 0.675092 0.000000
0.407947 0.674834 0.000000
0.401914 0.674321 0.000000
0.395913 0.673419 0.000000
0.390000 0.672000 0.000000
0.383952 0.671001 0.000000
0.380000 0.675000 0.000000
0.384312 0.678509 0.000000
0.390000 0.677000 0.000000
0.395382 0.674993 0.000000
0.400829 0.673300 0.000000
0.406303 0.671846 0.000000
0.411775 0.670561 0.000000
0.417227 0.669372 0.000000
0.422640 0.668209 0.000000
0.428000 0.667006 0.000000
0.433291 0.665701 0.000000
0.438494 0.664234 0.000000
0.443584 0.662553 0.000000
0.448530 0.660608 0.000000
0.453294 0.658359 0.000000
0.457830 0.655773 0.000000
0.462085 0.652828 0.000000
0.465998 0.649516 0.000000
0.469502 0.645840 0.000000
0.472526 0.641822 0.000000
0.475000 0.637500 0.000000
0.476853 0.633016 0.000000
0.478155 0.628506 0.000000
0.479031 0.623982 0.000000
0.479577 0.619421 0.000000
0.479876 0.614779 0.000000
0.480000 0.610000 0.000000
0.480020 0.605033 0.000000
0.480000 0.600000 0.000000
0.479993 0.595000 0.000000
