0.0 -0.0005514786073626469 0.0 0.4965579110681217 0.0 0.01412334344081357 0.014123343434153474 0.01412334343966894 0.014123343434330932 1.5524735600639417 0.0 -5.602149616834939e-06 0.0037426988862086447 0.0 0.0
0.0 -0.0003602011748282501 0.0 0.5059923508450804 0.0 0.014624550320444922 0.014624550320444915 0.0146245503238377 0.014624550323849371 1.5524735588948966 0.0 -5.602146495058805e-06 0.003742698886213284 0.0 0.0
0.0 -0.00017400954208987053 0.0 0.515259525073387 0.0 0.015139993891714752 0.01513999389168188 0.015139993891681875 0.015139993891681877 1.5524735588948966 0.0 -5.602146495068795e-06 0.003742698886213284 0.0 0.0
0.0 5.68358870353424e-06 0.0 0.5243243074491566 0.0 0.01567736691200697 0.015677366912006975 0.015677366912043196 0.015677366873369188 1.5524735588948966 0.0 -5.6021464950880625e-06 0.003742698886213284 0.0 0.0
0.0 0.00017755178040827435 0.0 0.5331505938896463 0.0 0.016242862569527304 0.01624286256952729 0.016242862569523134 0.016242862569555098 1.5524735588948966 0.0 -5.602146495115691e-06 0.003742698886213284 0.0 0.0
0.0 0.00034041027435000444 0.0 0.5417013137515803 0.0 0.016840422165161278 0.016840422165161278 0.016840422165133706 0.016840422166941003 1.5524735588948966 0.0 -5.6021464951498426e-06 0.003742698886213284 0.0 0.0
0.0 0.0004932385589253341 0.0 0.5499424159956695 0.0 0.017472741572536154 0.017472741572536147 0.01747274159741151 0.017472741597407745 1.5524735588948966 0.0 -5.602146495187325e-06 0.0037426988862132846 0.0 0.0
0.0 0.0006351889890045326 0.0 0.5578378939761099 0.0 0.01813951306699041 0.018139513066990416 0.018139513068059963 0.01813951304740934 1.5524735588948966 0.0 -5.602146495225655e-06 0.003742698886213284 0.0 0.0
0.0 0.0007655597514518295 0.0 0.5653547569035092 0.0 0.018839433492226037 0.01883943349222604 0.018839433492241767 0.018839433492241753 1.5524735588948966 0.0 -5.602146495261665e-06 0.0037426988862132846 0.0 0.0
0.0 0.0008839601171701487 0.0 0.5724630459625747 0.0 0.01956795385632735 0.01956795385632735 0.01956795385632787 0.01956795386974564 1.5524735587834995 0.0 -5.599897331002661e-06 0.003742698870909761 0.0 0.0
0.0 0.0009901298120992231 0.0 0.5791328847929739 0.0 0.02031877554446485 0.020318775544464856 0.020318775544464478 0.020318775544464852 1.5524735587668697 0.0 -5.6003304000820865e-06 0.0037426988715971027 0.0 0.0
0.0 0.0010840801550459802 0.0 0.5853403651247935 0.0 0.02108385866459111 0.021083858664591358 0.021083858664598668 0.021083858656531215 1.5524735587541314 0.0 -5.600729920215795e-06 0.0037426988727920765 0.0 0.0
0.0 0.0011660297709848186 0.0 0.5910656234904673 0.0 0.021853669712941948 0.021853669712941944 0.02185366971294194 0.02185366971897026 1.5524735587476441 0.0 -5.601082969330632e-06 0.0037426988744175957 0.0 0.0
0.0 0.0012364224209298422 0.0 0.5962928238485794 0.0 0.022616931350238803 0.02261693135023061 0.022616931350238796 0.0226169313502388 1.5524735587495795 0.0 -5.60138154138754e-06 0.003742698876354741 0.0 0.0
0.0 0.0012958661142691587 0.0 0.6010091498046579 0.0 0.023361120839548936 0.023361120839548933 0.023361120839548933 0.02336112083954906 1.5524735587607608 0.0 -5.6016230298764846e-06 0.003742698878437317 0.0 0.0
0.0 0.0013452037907467826 0.0 0.6052107913260121 0.0 0.024073479842026492 0.024073479842026492 0.024073479842026502 0.024073479842026495 1.5524735587798908 0.0 -5.601806940712976e-06 0.0037426988804551277 0.0 0.0
0.0 0.0013853095806754044 0.0 0.6088929493972749 0.0 0.024740498298707603 0.02474049829870761 0.02474049829870761 0.02474049829870761 1.5524735588046672 0.0 -5.601940807943141e-06 0.0037426988822693835 0.0 0.0
0.0 0.001417226014650281 0.0 0.6120578270188791 0.0 0.025348677372469458 0.025348677372469444 0.025348677372468202 0.025348677372459927 1.5524735588313083 0.0 -5.602031537869509e-06 0.0037426988837524046 0.0 0.0
0.0 0.0014418922644285196 0.0 0.6147056153943206 0.0 0.025885265131617034 0.025885265131617027 0.02588526513161703 0.02588526513161703 1.5524735588556633 0.0 -5.602088993880807e-06 0.003742698884853042 0.0 0.0
0.0 0.001460367787343613 0.0 0.6168415071603215 0.0 0.026337517664507128 0.02633751766450713 0.026337517664507128 0.026337517664454944 1.5524735588747745 0.0 -5.602121711362024e-06 0.0037426988855764217 0.0 0.0
0.0 0.0014747053711117418 0.0 0.618633146115334 0.0 0.0267327084290201 0.026732708429020098 0.026732708429020792 0.02673270842892961 1.5524735588830032 0.0 -5.602134047651068e-06 0.0037426988858675373 0.0 0.0
0.0 0.0014863839589784635 0.0 0.620254031694947 0.0 0.027107871995773886 0.027107871995773886 0.02710787199577389 0.027107871995773886 1.5524735588851237 0.0 -5.6021380554861476e-06 0.003742698885956103 0.0 0.0
0.0 0.001495393443787521 0.0 0.6217121250417047 0.0 0.027465771619025147 0.02746577161902514 0.027465771619025157 0.027465771619022496 1.5524735588867116 0.0 -5.6021409057186835e-06 0.0037426988860223723 0.0 0.0
0.0 0.001501906379650124 0.0 0.6230184105954025 0.0 0.027807675126791408 0.027807675126791408 0.027807675126791408 0.02780767512678916 1.5524735588880068 0.0 -5.602142855962171e-06 0.0037426988860724012 0.0 0.0
0.0 0.0015060825478460038 0.0 0.6241848655894816 0.0 0.02813535202578139 0.028135352025781393 0.028135352025781383 0.02813535202526905 1.5524735588890242 0.0 -5.602144157546001e-06 0.003742698886109367 0.0 0.0
0.0 0.0015081426169543722 0.0 0.6252244750408084 0.0 0.02845007335045008 0.028450073350449027 0.028450073350449027 0.028450073350449023 1.5524735588898497 0.0 -5.602145005222391e-06 0.0037426988861366294 0.0 0.0
0.0 0.00150832567065892 0.0 0.6261502277133887 0.0 0.02875286009820888 0.02875286009820888 0.028752860098209987 0.028752860098211968 1.5524735588905314 0.0 -5.602145548636533e-06 0.0037426988861566585 0.0 0.0
0.0 0.0015067971323488756 0.0 0.6269750973806029 0.0 0.029045733416701313 0.029045733416701316 0.02904573341670132 0.029045733416701316 1.5524735588910403 0.0 -5.602145891870297e-06 0.003742698886170958 0.0 0.0
0.0 0.001503772028433997 0.0 0.6277110725171824 0.0 0.029329712699621445 0.029329712699621445 0.02932971269962144 0.029329712699013022 1.5524735588914576 0.0 -5.602146108026896e-06 0.003742698886181426 0.0 0.0
0.0 0.001499306780452332 0.0 0.6283681185348192 0.0 0.029607314358889372 0.029607314358889372 0.029607314358891634 0.02960731435949369 1.5524735588917289 0.0 -5.602146245354977e-06 0.0037426988861888745 0.0 0.0
0.0 0.0014935186972899648 0.0 0.628957208628884 0.0 0.029880556336226268 0.029880556336226268 0.029880556336227385 0.02988055633622627 1.552473558891898 0.0 -5.602146330449959e-06 0.003742698886194154 0.0 0.0
0.0 0.0014863920287670456 0.0 0.62948530734472 0.0 0.03015195023299539 0.03015195023299539 0.0301519502329954 0.030151950232995394 1.5524735588919538 0.0 -5.6021463856335435e-06 0.0037426988861980265 0.0 0.0
0.0 0.0014778926096461987 0.0 0.6299593754800422 0.0 0.030424257688905432 0.03042425768890543 0.03042425768890543 0.030424257689458133 1.5524735588918892 0.0 -5.602146420816681e-06 0.003742698886200812 0.0 0.0
0.0 0.0014678900457471818 0.0 0.6303823726776885 0.0 0.030700233929890977 0.030700233929890977 0.030700233929890974 0.030700233929890977 1.5524735588916974 0.0 -5.602146444396091e-06 0.0037426988862029912 0.0 0.0
0.0 0.0014562171127552284 0.0 0.6307572510853574 0.0 0.030983134256299394 0.03098313425629939 0.030983134256299394 0.03098313425679707 1.552473558891334 0.0 -5.6021464594764435e-06 0.0037426988862047025 0.0 0.0
0.0 0.0014426103574378727 0.0 0.6310829616958716 0.0 0.03127620755536016 0.03127620755536016 0.03127620755536016 0.03127620755535931 1.5524735588907577 0.0 -5.602146469112392e-06 0.0037426988862062295 0.0 0.0
0.0 0.0014267525699706075 0.0 0.6313554583835527 0.0 0.031582447865039165 0.031582447865039165 0.031582447865039165 0.03158244786503869 1.5524735588899177 0.0 -5.602146474477328e-06 0.003742698886207752 0.0 0.0
0.0 0.0014081934814679795 0.0 0.6315666863727075 0.0 0.03190534288493183 0.03190534288493183 0.03190534288493165 0.03190534288493165 1.5524735588886849 0.0 -5.602146475914852e-06 0.003742698886209384 0.0 0.0
0.0 0.0013864234242774566 0.0 0.6317045972279569 0.0 0.03224787382502227 0.03224787382502227 0.032247873824794104 0.03224787382479368 1.5524735588869518 0.0 -5.602146473549705e-06 0.00374269888621107 0.0 0.0
0.0 0.001360849274743389 0.0 0.6317521485656258 0.0 0.032612513801666895 0.032612513801666895 0.032612513801666895 0.032612513801666757 1.5524735588845848 0.0 -5.602146467807432e-06 0.0037426988862123284 0.0 0.0
0.0 0.0013327250587423709 0.0 0.6316936693006223 0.0 0.03297698380721498 0.03297698380721498 0.03297698380721497 0.03297698380721477 1.552473558884484 0.0 -5.602146467552176e-06 0.0037426988862128098 0.0 0.0
0.0 0.0013040746337983846 0.0 0.6315454975863055 0.0 0.03331905614147242 0.03331905614147143 0.03331905614147143 0.03331905614147143 1.5524735588867211 0.0 -5.602146473712036e-06 0.0037426988862141945 0.0 0.0
0.0 0.001275122822411309 0.0 0.6313246008549573 0.0 0.033641258436164806 0.03364125843616481 0.03364125843616481 0.03364125843616496 1.5524735588883896 0.0 -5.602146479130515e-06 0.0037426988862157454 0.0 0.0
0.0 0.001245937330369424 0.0 0.6310429376000666 0.0 0.03394661038663824 0.03394661038663824 0.03394661038663847 0.03394661038663932 1.5524735588895926 0.0 -5.6021464844193344e-06 0.0037426988862171912 0.0 0.0
0.0 0.0012164528043998057 0.0 0.6307084576652611 0.0 0.034238625349478934 0.034238625349478934 0.034238625349478934 0.034238625349478934 1.552473558890416 0.0 -5.602146489972306e-06 0.0037426988862184945 0.0 0.0
0.0 0.0011865444924736284 0.0 0.6303251172344916 0.0 0.034520310191851235 0.03452031019185123 0.034520310191282454 0.03452031019185123 1.5524735588909802 0.0 -5.602146496409664e-06 0.0037426988862197825 0.0 0.0
0.0 0.0011559970558023972 0.0 0.6298938678780098 0.0 0.0347949170071426 0.0347949170071426 0.0347949170071426 0.03479491700775713 1.5524735588913268 0.0 -5.602146504425809e-06 0.0037426988862212093 0.0 0.0
0.0 0.0011244989266901832 0.0 0.6294116600111475 0.0 0.03506569147585887 0.03506569147585888 0.035065691475858876 0.035065691476516 1.552473558891492 0.0 -5.60214651553392e-06 0.0037426988862230034 0.0 0.0
0.0 0.0010917753675987834 0.0 0.628875451544589 0.0 0.0353353792022449 0.0353353792022449 0.0353353792022449 0.0353353792022449 1.5524735588915168 0.0 -5.602146531315845e-06 0.0037426988862252954 0.0 0.0
0.0 0.0010574554120795156 0.0 0.6282781992340727 0.0 0.03560671937587149 0.0356067193758715 0.0356067193758715 0.035606719376614956 1.552473558891403 0.0 -5.602146555589688e-06 0.003742698886228474 0.0 0.0
0.0 0.0010211865087615417 0.0 0.627612863582955 0.0 0.035882201150043536 0.035882201150043536 0.03588220115004235 0.03588220114925495 1.552473558891152 0.0 -5.602146592944873e-06 0.0037426988862328437 0.0 0.0
0.0 0.0009825567075195704 0.0 0.6268684114349544 0.0 0.036163807186598264 0.03616380718659827 0.036163807186598264 0.036163807185763036 1.5524735588907714 0.0 -5.60214665369198e-06 0.0037426988862390214 0.0 0.0
0.0 0.0009411412853109152 0.0 0.6260348024273912 0.0 0.0364540218268792 0.03645402182687921 0.03645402182776186 0.03645402182776186 1.552473558890201 0.0 -5.602146750212661e-06 0.003742698886247743 0.0 0.0
0.0 0.0008965778950854985 0.0 0.6251000181056956 0.0 0.03675382598110122 0.036753825981105076 0.03675382598110296 0.03675382598110507 1.5524735588894987 0.0 -5.602146905665564e-06 0.003742698886259781 0.0 0.0
0.0 0.0008484064722828819 0.0 0.624051024736344 0.0 0.0370651991034451 0.03706519910344511 0.03706519910247471 0.03706519910344329 1.552473558888555 0.0 -5.602147155192481e-06 0.0037426988862767747 0.0 0.0
0.0 0.0007962406126353621 0.0 0.6228748035763298 0.0 0.037389120498472095 0.037389120498472095 0.03738912049847209 0.03738912049847513 1.5524735588873944 0.0 -5.602147550730486e-06 0.0037426988863001553 0.0 0.0
0.0 0.0007396754968128595 0.0 0.6215583321351524 0.0 0.037726819509292006 0.037726819509292006 0.037726819509292 0.03772681950928843 1.5524735588859409 0.0 -5.6021481686972465e-06 0.00374269888633224 0.0 0.0
0.0 0.000678293532596433 0.0 0.6200895807162157 0.0 0.038080027156895756 0.038080027156895756 0.038080027156895756 0.03808002715689794 1.5524735588840615 0.0 -5.6021491126736914e-06 0.0037426988863762324 0.0 0.0
0.0 0.0006117380151018459 0.0 0.6184575274068933 0.0 0.03844997599107261 0.03844997599107261 0.03844997599002841 0.03844997599107261 1.5524735588817067 0.0 -5.602150522727267e-06 0.0037426988864353718 0.0 0.0
0.0 0.0005396139207464001 0.0 0.6166541286755508 0.0 0.03883940359660346 0.03883940359660347 0.03883940359660347 0.03883940359765322 1.5524735588785068 0.0 -5.602152555130525e-06 0.0037426988865157346 0.0 0.0
0.0 0.00045502827730534173 0.0 0.6145047834224472 0.0 0.03928478648753088 0.03928478648753088 0.0392847864875238 0.03928478648753089 1.5524735588665113 0.0 -5.602158836377882e-06 0.003742698886778725 0.0 0.0
0.0 0.00035195064452029116 0.0 0.6118410384583648 0.0 0.039812859326017455 0.03981285932601744 0.039812859326017434 0.039812859326017434 1.5524735588380225 0.0 -5.602175919446264e-06 0.003742698887442527 0.0 0.0
0.0 0.00023119990491145368 0.0 0.6086580834934033 0.0 0.040410862184201896 0.0404108621842019 0.04041086218421417 0.04041086218421417 1.5524735587997882 0.0 -5.602207275618972e-06 0.003742698888483904 0.0 0.0
0.0 9.371522838670879e-05 0.0 0.604956109705035 0.0 0.04106604314505644 0.04106604314505644 0.04106604314505644 0.04106604314505644 1.5524735587551826 0.0 -5.602259464551239e-06 0.0037426988899394832 0.0 0.0
0.0 -5.95570843808664e-05 0.0 0.600733318953895 0.0 0.041764896976329846 0.04176489697632983 0.041764896976329825 0.04176489697634173 1.5524735587101048 0.0 -5.602341256593057e-06 0.0037426988917980144 0.0 0.0
0.0 -0.00022750233221197853 0.0 0.595994915123084 0.0 0.04249392967139029 0.04249392967139029 0.04249392967138542 0.0424939296713903 1.5524735586709013 0.0 -5.602461718617025e-06 0.003742698893973139 0.0 0.0
0.0 -0.0004090851153150787 0.0 0.5907450905865205 0.0 0.043240395730604626 0.04324039573060462 0.04324039573060462 0.04324039573061164 1.5524735586425589 0.0 -5.602632653181857e-06 0.003742698896354985 0.0 0.0
0.0 -0.0006030719345349586 0.0 0.5849970365502475 0.0 0.04399181412204556 0.04399181412204556 0.043991814122073515 0.04399181412204566 1.5524735586291012 0.0 -5.6028635311369366e-06 0.003742698898742193 0.0 0.0
0.0 -0.0008082491937822697 0.0 0.5787669263557277 0.0 0.04473695880624905 0.04473695880624905 0.04473695880624905 0.04473695880624892 1.552473558631113 0.0 -5.603164764625367e-06 0.0037426989009509692 0.0 0.0
0.0 -0.0010234359734649682 0.0 0.5720749082541191 0.0 0.04546636041645179 0.04546636041645179 0.04546636041657339 0.04546636041645156 1.55247355864635 0.0 -5.6035451242161395e-06 0.003742698902822224 0.0 0.0
0.0 -0.0012474656157513795 0.0 0.5649451091457603 0.0 0.04617205622428773 0.04617205622428773 0.04617205622449493 0.046172056224275795 1.5524735586714982 0.0 -5.604010956475494e-06 0.003742698904220334 0.0 0.0
0.0 -0.001479156544218848 0.0 0.5574076124593174 0.0 0.046847843749482095 0.046847843749482095 0.046847843749482095 0.04684784374948148 1.5524735588948966 0.0 -5.602146495450082e-06 0.0037426988862132846 0.0 0.0
0.0 -0.0017174546595496063 0.0 0.5494925271689575 0.0 0.047489269612401276 0.047489269612401276 0.047489269612401276 0.0474892696239012 1.5524735588948966 0.0 -5.60214649550116e-06 0.0037426988862132846 0.0 0.0
0.0 -0.0019614744076884654 0.0 0.5412328669358155 0.0 0.04809513697789975 0.04809513697792809 0.04809513697789884 0.048095136977901645 1.5524735588948966 0.0 -5.602146495574732e-06 0.003742698886213285 0.0 0.0
0.0 -0.0022103313133510303 0.0 0.5326646459008454 0.0 0.048665253532149726 0.04866525353214972 0.048665253532149726 0.04866525351246592 1.5524735588948966 0.0 -5.602146495675895e-06 0.003742698886213285 0.0 0.0
0.0 -0.002463409996638144 0.0 0.5238218326566962 0.0 0.04920242419899751 0.04920242419899751 0.04920242419899751 0.04920242419752911 1.5524735588948966 0.0 -5.6021464958106435e-06 0.0037426988862132846 0.0 0.0
0.0 -0.0027201149813536694 0.0 0.5147413779242602 0.0 0.04971070892625037 0.04971070892625037 0.04971070892814686 0.04971070892625037 1.5524735588948966 0.0 -5.602146495982689e-06 0.003742698886213285 0.0 0.0
0.0 -0.002980040584227126 0.0 0.5054591984075525 0.0 0.050196416382044334 0.050196416382044334 0.050196416382044334 0.05019641638205273 1.5524735588948966 0.0 -5.602146496195483e-06 0.003742698886213284 0.0 0.0
0.0 -0.0032429156696804438 0.0 0.4960101880364378 0.0 0.050667353857895864 0.05066735385789587 0.05066735385789586 0.050667353857908055 1.5524735588948966 0.0 -5.602146496450943e-06 0.0037426988862132846 0.0 0.0
0.0 -0.003508579592599849 0.0 0.48642921825533125 0.0 0.051132828873922856 0.051132828873861925 0.05113282887393562 0.05113282887386193 1.5524735588948966 0.0 -5.602146496747833e-06 0.003742698886213285 0.0 0.0
