0.0 -0.0008655850057145012 0.0 0.4820140078130237 0.0 0.013613194038891477 0.013613194038891465 0.013613194069486459 0.013613194051992631 1.5524735604728623 0.0 -5.602150708654184e-06 0.0037426988862075544 0.0 0.0
0.0 -0.0008626263079842882 0.0 0.48208527481672014 0.0 0.013596323967007915 0.01359632396700803 0.013596323967007915 0.013596323967008028 1.5524735699917305 0.0 -5.601087256916098e-06 0.003742698886275447 0.0 0.0
0.0 -0.000857706322245807 0.0 0.48220672653213376 0.0 0.013569242164864959 0.013569242164864959 0.01356924216486496 0.013569242165068284 1.5524735588950143 0.0 -5.60214649555815e-06 0.003742698886213329 0.0 0.0
0.0 -0.0008509775952947636 0.0 0.482378308056269 0.0 0.01353401101529296 0.013534011015292956 0.01353401101529349 0.013534011015292958 1.5524735588952352 0.0 -5.602146495777531e-06 0.0037426988862134356 0.0 0.0
0.0 -0.0008424228715786043 0.0 0.4826060031848163 0.0 0.01349236868355172 0.01349236868355172 0.01349236868355172 0.01349236868392323 1.5524735588955627 0.0 -5.602146495606171e-06 0.0037426988862136593 0.0 0.0
0.0 -0.00083219660247053 0.0 0.4828917712718605 0.0 0.013447068791651879 0.013447068791651877 0.013447068791651877 0.013447068791651877 1.5524735588958385 0.0 -5.6021464940442655e-06 0.0037426988862139855 0.0 0.0
0.0 -0.0008204532393487642 0.0 0.4832375716714802 0.0 0.013400864960906481 0.013400864960906984 0.013400864960906983 0.013400864961441923 1.5524735588959275 0.0 -5.6021464898542985e-06 0.0037426988862143567 0.0 0.0
0.0 -0.0008073231763724817 0.0 0.4836463640264585 0.0 0.013356512417405148 0.01335651241740515 0.013356512417404584 0.013356512416801131 1.552473558895783 0.0 -5.602146481524245e-06 0.0037426988862146737 0.0 0.0
0.0 -0.0007931179812403139 0.0 0.4841150987522071 0.0 0.013317256840085634 0.013317256840085636 0.013317256840084996 0.013317256840084996 1.5524735588954477 0.0 -5.6021464687144246e-06 0.0037426988862147258 0.0 0.0
0.0 -0.0007780402198330745 0.0 0.484643734625404 0.0 0.01328584864483769 0.013285848644837688 0.013285848644838267 0.013285848644838267 1.5524735588951257 0.0 -5.602146450325487e-06 0.0037426988862144673 0.0 0.0
0.0 -0.0007624424435407571 0.0 0.48522523214938007 0.0 0.013264776984138707 0.013264776984138709 0.013264776984138709 0.013264776984139387 1.5524735588949437 0.0 -5.6021464284459065e-06 0.003742698886213935 0.0 0.0
0.0 -0.0007465441446666104 0.0 0.4858565604774164 0.0 0.013256037349254035 0.013256037349254034 0.013256037349254035 0.013256037348627694 1.5524735588948981 0.0 -5.602146401950587e-06 0.0037426988862134217 0.0 0.0
0.0 -0.0007306482714832646 0.0 0.48652969481445485 0.0 0.013261117137495483 0.013261117137495474 0.013261117137494562 0.01326111713749548 1.5524735588948966 0.0 -5.602146374312554e-06 0.0037426988862132803 0.0 0.0
0.0 -0.0007149416396568612 0.0 0.4872376293919937 0.0 0.013280255162160883 0.013280255162160881 0.013280255162160802 0.013280255162160881 1.5524735588948966 0.0 -5.602146346846861e-06 0.003742698886213196 0.0 0.0
0.0 -0.0006996054227125201 0.0 0.48797435498266584 0.0 0.013313941877270646 0.013313941877270644 0.013313941877274766 0.013313941877246594 1.5524735588948961 0.0 -5.602146320631595e-06 0.0037426988862129884 0.0 0.0
0.0 -0.0006846069440206671 0.0 0.48873589666466605 0.0 0.013360420604598135 0.013360420604598133 0.013360420604611381 0.013360420604611383 1.552473558894895 0.0 -5.6021462952033786e-06 0.0037426988862126792 0.0 0.0
0.0 -0.0006699687721792053 0.0 0.4895182682734828 0.0 0.013418684779131754 0.013418684779131756 0.013418684779118818 0.013418684779129612 1.5524735588948926 0.0 -5.602146271598183e-06 0.0037426988862122776 0.0 0.0
0.0 -0.0006554883413397402 0.0 0.4903215110324038 0.0 0.013485983986415186 0.013485983986415184 0.013485983986415184 0.013485983984491277 1.5524735588948895 0.0 -5.602146245822488e-06 0.003742698886211867 0.0 0.0
0.0 -0.0006409871428768422 0.0 0.491144665876055 0.0 0.013559566206576624 0.013559566206576622 0.01355956620657662 0.013559566206574988 1.5524735588948866 0.0 -5.602146219075125e-06 0.0037426988862114987 0.0 0.0
0.0 -0.0006260318343361169 0.0 0.49199279795665907 0.0 0.013635188817562165 0.013635188817562165 0.013635188817560472 0.013635188817562174 1.5524735588948853 0.0 -5.6021461827322694e-06 0.0037426988862112806 0.0 0.0
0.0 -0.0006063497857044037 0.0 0.4930877540033761 0.0 0.013727709993237011 0.01372770999323701 0.013727709993236997 0.013727709993221262 1.5524735588948713 0.0 -5.6021456235698305e-06 0.0037426988862082774 0.0 0.0
0.0 -0.0005777146807031585 0.0 0.49463345423983224 0.0 0.013846708252044202 0.013846708252044208 0.013846708252044204 0.013846708252044202 1.5524735588948266 0.0 -5.602143017073826e-06 0.0037426988861967644 0.0 0.0
0.0 -0.0005399218403532258 0.0 0.49660107391637903 0.0 0.013979885243087006 0.013979885243087 0.01397988524308068 0.013979885243080756 1.5524735588947862 0.0 -5.6021372977895925e-06 0.003742698886179697 0.0 0.0
0.0 -0.0004928147002286769 0.0 0.49895978770540345 0.0 0.014114939408382854 0.01411493940820941 0.014114939408392785 0.01411493940838285 1.5524735588947784 0.0 -5.602127326034956e-06 0.0037426988861635527 0.0 0.0
0.0 -0.00043630886737435674 0.0 0.5016757694166989 0.0 0.014239564379126279 0.014239564379126284 0.014239564379127032 0.014239564379111728 1.5524735588948095 0.0 -5.602112414660087e-06 0.003742698886157059 0.0 0.0
0.0 -0.0003705819134348692 0.0 0.5047111579829066 0.0 0.014343697712009646 0.01434369771200879 0.014343697712008793 0.014343697712007919 1.5524735588948526 0.0 -5.602092620451642e-06 0.00374269888616426 0.0 0.0
0.0 -0.00029609743144490866 0.0 0.5080230571727424 0.0 0.014419519295815336 0.014419519298345328 0.014419519295815359 0.014419519251090281 1.5524735588948833 0.0 -5.6020689905799944e-06 0.003742698886182455 0.0 0.0
0.0 -0.0002135584105808185 0.0 0.5115685220398559 0.0 0.014462459415063997 0.014462459415064018 0.014462459520127136 0.014462459520137527 1.552473558894895 0.0 -5.602043011111694e-06 0.0037426988862022162 0.0 0.0
0.0 -0.0001239298042867902 0.0 0.5153005727626294 0.0 0.014470191776620627 0.014470191776620539 0.014470193328958124 0.014470193329852183 1.552473558894897 0.0 -5.602017157930987e-06 0.003742698886212968 0.0 0.0
0.0 -2.8404677877073113e-05 0.0 0.5191741738803047 0.0 0.014444146613019493 0.014444146613019493 0.014444146612447695 0.014444146595560278 1.5524735588949645 0.0 -5.601993519259567e-06 0.003742698886259021 0.0 0.0
0.0 7.173598126854228e-05 0.0 0.5231482536068719 0.0 0.014388256495424759 0.01438825649542476 0.014388256495317196 0.014388256495424759 1.5524735588966787 0.0 -5.601973634423804e-06 0.0037426988864258624 0.0 0.0
0.0 0.0001749973355066466 0.0 0.5271797058553982 0.0 0.014308704209347543 0.014308704209349286 0.014308704207456075 0.014308704209349286 1.552473558902391 0.0 -5.601959661591542e-06 0.003742698886654554 0.0 0.0
0.0 0.00027991275813928063 0.0 0.5312304072315445 0.0 0.014212929943522667 0.014212929943522282 0.014212929943522282 0.014212929943516008 1.5524735589109129 0.0 -5.601952055902415e-06 0.003742698886862854 0.0 0.0
0.0 0.0003849716621082431 0.0 0.5352642161796605 0.0 0.014109627281593375 0.014109627281593375 0.014109627281593538 0.014109627281768317 1.552473558917003 0.0 -5.601951185035349e-06 0.003742698886971074 0.0 0.0
0.0 0.0004886578178655245 0.0 0.5392439946032563 0.0 0.014007238166734777 0.014007238166734775 0.014007238166943391 0.014007238166734775 1.5524735589167036 0.0 -5.601957439447556e-06 0.00374269888694831 0.0 0.0
0.0 0.0005894974676346464 0.0 0.5431336084345693 0.0 0.013913956116624627 0.013913956116624625 0.013913956116624356 0.013913956116624354 1.5524735589102616 0.0 -5.601970266166862e-06 0.0037426988868061177 0.0 0.0
0.0 0.0006860367565968484 0.0 0.5468939414788679 0.0 0.013836719657996993 0.013836719657996972 0.013836719657996993 0.01383671965801989 1.552473558902264 0.0 -5.6019892587385734e-06 0.0037426988866006315 0.0 0.0
0.0 0.0007770413217862175 0.0 0.5504889083755651 0.0 0.013780471826097948 0.01378047182609795 0.013780471826094385 0.01378047182609795 1.5524735588969891 0.0 -5.602012405348358e-06 0.0037426988864056724 0.0 0.0
0.0 0.0008612500792409342 0.0 0.5538744551920224 0.0 0.013747892481111641 0.013747892481111641 0.013747892481332097 0.013747892481332097 1.5524735588951206 0.0 -5.602038905131615e-06 0.003742698886272743 0.0 0.0
0.0 0.0009376879662987537 0.0 0.5570115631493856 0.0 0.013739419147454272 0.013739419147454274 0.013739419147456551 0.013739419186191627 1.5524735588948955 0.0 -5.602065664992034e-06 0.0037426988862173465 0.0 0.0
0.0 0.0010099905979838299 0.0 0.5600453039486034 0.0 0.01375328413860726 0.013753284138529297 0.013753284138529318 0.01375328383662192 1.5524735588948968 0.0 -5.6020745697490106e-06 0.003742698886212475 0.0 0.0
0.0 0.0010822818686003393 0.0 0.5631387658861846 0.0 0.013786998161242828 0.013786998161242833 0.013786998161349973 0.013786998161363119 1.5524735588948961 0.0 -5.602067440910605e-06 0.0037426988862076316 0.0 0.0
0.0 0.0011543794322955033 0.0 0.5662759857005492 0.0 0.013837785380330696 0.01383778538032463 0.013837785380330673 0.013837785380260537 1.5524735588948937 0.0 -5.602061437622732e-06 0.003742698886199806 0.0 0.0
0.0 0.0012262539019848916 0.0 0.5694420265186743 0.0 0.013901120988020422 0.013901120988020434 0.013901120988016371 0.013901120988016356 1.5524735588948897 0.0 -5.602056718896359e-06 0.0037426988861915533 0.0 0.0
0.0 0.0012978022304108807 0.0 0.572621936477778 0.0 0.013973480417107702 0.013973480417107696 0.013973480361469465 0.01397348041715339 1.5524735588948855 0.0 -5.60205350119227e-06 0.003742698886184393 0.0 0.0
0.0 0.0013690743330141938 0.0 0.5758017902352517 0.0 0.014049590359402574 0.014049590359402559 0.014049590408959272 0.014049590409005684 1.552473558894883 0.0 -5.602051821409175e-06 0.003742698886181073 0.0 0.0
0.0 0.0014400705221441618 0.0 0.5789686477465668 0.0 0.01412517944369191 0.014125179443691906 0.014125179443691908 0.014125179443645252 1.5524735588948833 0.0 -5.602051655641061e-06 0.003742698886181507 0.0 0.0
0.0 0.001510827940276172 0.0 0.5821095764627469 0.0 0.014195476018969328 0.01419547601896934 0.01419547601896934 0.014195476018919217 1.5524735588948866 0.0 -5.602053036312419e-06 0.0037426988861861727 0.0 0.0
0.0 0.0015812747282336265 0.0 0.5852086354758058 0.0 0.014256203810928833 0.014256203810919939 0.01425620381092437 0.014256203815662085 1.5524735588948908 0.0 -5.602056290570854e-06 0.0037426988861934915 0.0 0.0
0.0 0.0016513800102308839 0.0 0.588253873782964 0.0 0.014303843052598969 0.014303843052525255 0.014303843052525257 0.014303843052525257 1.5524735588948944 0.0 -5.602060854687505e-06 0.0037426988862015544 0.0 0.0
0.0 0.001720950152218417 0.0 0.5912273349099161 0.0 0.014335114386107099 0.014335114386107104 0.014335114386107089 0.014335114386235128 1.5524735588948961 0.0 -5.602067233034059e-06 0.003742698886208533 0.0 0.0
0.0 0.0017898325036426498 0.0 0.5941150522850154 0.0 0.01434749498591195 0.014347494986318144 0.014347494986220479 0.014347494985911959 1.5524735588948968 0.0 -5.602074724798882e-06 0.003742698886212689 0.0 0.0
0.0 0.0018576436375368282 0.0 0.5968980354144949 0.0 0.014339954243985365 0.01433995424398293 0.014339954204810507 0.014339954243982926 1.552473558894896 0.0 -5.602083497028744e-06 0.0037426988862158885 0.0 0.0
0.0 0.0019240354682001641 0.0 0.5995602871687322 0.0 0.01431196640055497 0.014311966400554972 0.014311966400398373 0.014311966392641805 1.5524735588950047 0.0 -5.602092839244952e-06 0.0037426988862416656 0.0 0.0
0.0 0.001988495662989358 0.0 0.6020827908178437 0.0 0.014264251126214468 0.01426425112621441 0.01426425112621441 0.01426425112621441 1.552473558895877 0.0 -5.602102542015702e-06 0.0037426988862857558 0.0 0.0
0.0 0.0020504919853154557 0.0 0.6044495117566222 0.0 0.014198783064052483 0.014198783064052489 0.014198783064053748 0.014198783064053748 1.5524735588984226 0.0 -5.602111910041526e-06 0.003742698886332962 0.0 0.0
0.0 0.0021093888391268655 0.0 0.6066424035626448 0.0 0.014118283764188215 0.014118283764196255 0.014118283764189032 0.014118283763317448 1.5524735589030505 0.0 -5.602120644574536e-06 0.0037426988863690645 0.0 0.0
0.0 0.0021645250825793605 0.0 0.6086454053993873 0.0 0.014026478133330127 0.014026478133330127 0.014026478133330127 0.014026478133342166 1.552473558908885 0.0 -5.602128276730802e-06 0.003742698886383376 0.0 0.0
0.0 0.002215232443354671 0.0 0.6104444457663433 0.0 0.013927844397398253 0.013927844397398255 0.013927844397399733 0.013927844397398255 1.5524735589138539 0.0 -5.602134516030184e-06 0.0037426988863729417 0.0 0.0
0.0 0.0022608355184303387 0.0 0.6120274424991216 0.0 0.013827614101727921 0.013827614101727923 0.01382761410013742 0.01382761410013742 1.5524735589155063 0.0 -5.6021392573095276e-06 0.0037426988863421395 0.0 0.0
0.0 0.002302559737282312 0.0 0.6134483961919054 0.0 0.013726873990704686 0.013726873990704684 0.013726873992263298 0.013726873990709895 1.5524735589163603 0.0 -5.6021417709937965e-06 0.0037426988863191782 0.0 0.0
0.0 0.0023420026728625423 0.0 0.6147783048633976 0.0 0.013627238144750227 0.013627238144750227 0.013627238144750227 0.013627238144750227 1.5524735589158782 0.0 -5.602142849976752e-06 0.0037426988863049244 0.0 0.0
0.0 0.002379188070598699 0.0 0.6160311088554004 0.0 0.013532979649215432 0.01353297964921544 0.013532979649215434 0.013532979647777547 1.5524735589120797 0.0 -5.602143601974896e-06 0.003742698886286832 0.0 0.0
0.0 0.0024141539366275867 0.0 0.6172167698326186 0.0 0.013446864957990924 0.013446864957990927 0.013446864957992176 0.013446864957992176 1.5524735589071317 0.0 -5.602144151124512e-06 0.0037426988862688556 0.0 0.0
0.0 0.0024470119374732082 0.0 0.6183452644495007 0.0 0.01337066037430309 0.013370660374303091 0.013370660375516754 0.013370660374303091 1.5524735589025567 0.0 -5.602144550269554e-06 0.0037426988862531182 0.0 0.0
0.0 0.0024778327561081168 0.0 0.6194225794484676 0.0 0.01330537567203426 0.013305375672034256 0.013305375672034258 0.013305375673103624 1.5524735588991028 0.0 -5.602144862099309e-06 0.0037426988862402032 0.0 0.0
0.0 0.00250682013462595 0.0 0.6204587102213944 0.0 0.013251526961938861 0.013251526961939687 0.013251526961938858 0.013251526962824856 1.5524735588968777 0.0 -5.602145083700967e-06 0.003742698886230391 0.0 0.0
0.0 0.0025340150567733795 0.0 0.6214576466807671 0.0 0.01320987077084511 0.013209870770845112 0.013209870771459822 0.013209870770845109 1.5524735588956173 0.0 -5.602145264866054e-06 0.003742698886222903 0.0 0.0
0.0 0.002559580281013584 0.0 0.6224253943063759 0.0 0.013180166681894675 0.013180166681894675 0.013180166681895006 0.013180166681895006 1.5524735588950853 0.0 -5.602145403338257e-06 0.0037426988862179294 0.0 0.0
0.0 0.0025836417357052053 0.0 0.6233679510829319 0.0 0.013162674353123332 0.01316267435312333 0.013162674353123325 0.013162674353124102 1.5524735588949194 0.0 -5.602145506271397e-06 0.0037426988862148407 0.0 0.0
0.0 0.0026062588196291425 0.0 0.624289310670205 0.0 0.01315790027549944 0.01315790027549944 0.013157900275499441 0.013157900268931237 1.5524735588948968 0.0 -5.602145586971438e-06 0.003742698886213404 0.0 0.0
0.0 0.002627557461097582 0.0 0.6251954710528209 0.0 0.013166104102854102 0.013166104102854074 0.013166104102807111 0.013166104102851621 1.5524735588948966 0.0 -5.6021456407184115e-06 0.0037426988862132513 0.0 0.0
0.0 0.002647506472109727 0.0 0.6260874212769212 0.0 0.013188037556742709 0.01318803755672834 0.013188037556728333 0.013188037556728644 1.5524735588948966 0.0 -5.602145688704076e-06 0.0037426988862130496 0.0 0.0
0.0 0.002666176535725326 0.0 0.6269711480843045 0.0 0.013224710407662918 0.013224710407662911 0.013224710407662908 0.013224710407662911 1.552473558894896 0.0 -5.602145713877574e-06 0.0037426988862126333 0.0 0.0
0.0 0.002683457161483573 0.0 0.6278466289897022 0.0 0.013277622883211675 0.013277622883211639 0.013277622883211682 0.013277622878140598 1.552473558894894 0.0 -5.602145738639382e-06 0.003742698886211948 0.0 0.0
0.0 0.002699261916148882 0.0 0.6287148417963452 0.0 0.01334827680942493 0.013348276809424934 0.01334827680942493 0.013348276809424957 1.552473558894888 0.0 -5.602145759587321e-06 0.0037426988862109267 0.0 0.0
0.0 0.002713401006789298 0.0 0.6295747524874074 0.0 0.013438920926019124 0.013438920926019114 0.01343892092601912 0.013438920926019112 1.5524735588948733 0.0 -5.602145783586211e-06 0.003742698886209463 0.0 0.0
0.0 0.0027255331663490812 0.0 0.6304213146485752 0.0 0.013552547666609321 0.013552547666609321 0.013552547666609318 0.013552547666608072 1.552473558894839 0.0 -5.602145823192597e-06 0.0037426988862074412 0.0 0.0
0.0 0.0027352577290088776 0.0 0.6312454882058244 0.0 0.013691642976450707 0.013691642976450707 0.013691642976451382 0.013691642976451377 1.5524735588947673 0.0 -5.6021458881965495e-06 0.003742698886204955 0.0 0.0
0.0 0.002741980082486589 0.0 0.632033216651312 0.0 0.01385968493391929 0.013859684933919066 0.01385968493391929 0.01385968493391817 1.5524735588946206 0.0 -5.602145985625134e-06 0.003742698886202137 0.0 0.0
0.0 0.002745032578918931 0.0 0.632744548398319 0.0 0.014052608793774823 0.014052608793774827 0.014052608793774827 0.014052608793886708 1.552473558894415 0.0 -5.602146153866594e-06 0.003742698886201245 0.0 0.0
0.0 0.0027444045586794597 0.0 0.6333516102751545 0.0 0.014261368299170669 0.014261368299170964 0.014261368299170669 0.01426136829917096 1.5524735588942329 0.0 -5.6021463121949925e-06 0.003742698886202966 0.0 0.0
0.0 0.0027404500617535773 0.0 0.6338584559022623 0.0 0.014482469336107048 0.014482469336106668 0.014482469336105955 0.014482469336105957 1.5524735588940568 0.0 -5.60214640451519e-06 0.003742698886205169 0.0 0.0
0.0 0.00273352877028526 0.0 0.6342701354417979 0.0 0.0147126694319162 0.0147126694319162 0.014712669431915648 0.014712669432338938 1.552473558893904 0.0 -5.602146453914955e-06 0.003742698886207433 0.0 0.0
0.0 0.0027239451212113025 0.0 0.6345916878131669 0.0 0.014949476227455766 0.014949476227455767 0.014949476227456135 0.014949476227456135 1.552473558893778 0.0 -5.602146477810175e-06 0.0037426988862094626 0.0 0.0
0.0 0.0027119298911154155 0.0 0.634828136945446 0.0 0.01519139751380075 0.015191397513800749 0.015191397513800442 0.015191397513800444 1.5524735588936702 0.0 -5.602146487758202e-06 0.0037426988862110833 0.0 0.0
0.0 0.0026977379138517043 0.0 0.6349855070563657 0.0 0.01543694268595656 0.015436942685956558 0.015436942686198697 0.015436942685956655 1.5524735588935865 0.0 -5.602146490978135e-06 0.0037426988862122135 0.0 0.0
0.0 0.0026815631358535724 0.0 0.6350688145797692 0.0 0.015685119610905112 0.015685119610905112 0.015685119610905105 0.015685119611042627 1.5524735588935201 0.0 -5.602146491606635e-06 0.0037426988862129026 0.0 0.0
0.0 0.002663581088512585 0.0 0.6350830722019334 0.0 0.01593518619311686 0.015935186193116863 0.015935186193138096 0.015935186193116863 1.552473558893468 0.0 -5.6021464915523835e-06 0.003742698886213153 0.0 0.0
0.0 0.002643906415802925 0.0 0.6350322848252535 0.0 0.016186898809002565 0.01618689880900256 0.016186898809002558 0.01618689880900255 1.5524735588934198 0.0 -5.602146491423097e-06 0.003742698886213247 0.0 0.0
0.0 0.002622701876178843 0.0 0.6349224579295283 0.0 0.016440017042076167 0.016440017042076174 0.01644001704207635 0.016440017042269123 1.552473558893376 0.0 -5.6021464913642855e-06 0.0037426988862135444 0.0 0.0
0.0 0.002599997169015654 0.0 0.6347555883446098 0.0 0.016694794137270166 0.016694794137270166 0.016694794137269733 0.016694794137270253 1.552473558893325 0.0 -5.602146491540746e-06 0.003742698886214043 0.0 0.0
0.0 0.0025759182226180004 0.0 0.63453767405513 0.0 0.01695148975350844 0.01695148975350844 0.016951489753508766 0.016951489753161176 1.5524735588932659 0.0 -5.602146492148295e-06 0.0037426988862146863 0.0 0.0
0.0 0.0025505612658808887 0.0 0.6342727162159328 0.0 0.017210110304559052 0.01721011030455905 0.017210110304965293 0.017210110304965293 1.5524735588932046 0.0 -5.602146493390386e-06 0.0037426988862154426 0.0 0.0
0.0 0.0025239063951081413 0.0 0.633963696955252 0.0 0.017471910790450185 0.017471910790450188 0.017471910790450188 0.017471910790450188 1.5524735588931073 0.0 -5.602146495351818e-06 0.003742698886216351 0.0 0.0
0.0 0.002496061123513585 0.0 0.6336166105101704 0.0 0.017737400907219307 0.017737400907219307 0.017737400907219314 0.017737400907219307 1.552473558892991 0.0 -5.602146497916366e-06 0.003742698886217307 0.0 0.0
0.0 0.0024670296046253757 0.0 0.6332354392976336 0.0 0.018007837257785864 0.018007837257785868 0.01800783725778586 0.018007837257785365 1.5524735588928302 0.0 -5.602146501018253e-06 0.003742698886218361 0.0 0.0
0.0 0.0024369249938055947 0.0 0.6328271740958528 0.0 0.018283981180125763 0.01828398118012576 0.018283981180125763 0.018283981180125284 1.552473558892634 0.0 -5.602146504080313e-06 0.0037426988862193926 0.0 0.0
0.0 0.002405786786117344 0.0 0.6323987906927222 0.0 0.018567594163145476 0.018567594163145483 0.01856759416314548 0.018567594162558716 1.5524735588923604 0.0 -5.602146506529524e-06 0.003742698886220401 0.0 0.0
0.0 0.0023736785338311006 0.0 0.6319582651648713 0.0 0.01886043929874394 0.01886043929874395 0.018860439298743373 0.018860439298743942 1.5524735588919918 0.0 -5.602146507702621e-06 0.003742698886221325 0.0 0.0
0.0 0.002340682204325837 0.0 0.631513577336479 0.0 0.019164029642153396 0.019164029642153396 0.019164029641536778 0.019164029642153396 1.5524735588915153 0.0 -5.602146507220281e-06 0.003742698886222122 0.0 0.0
0.0 0.0023068331391153597 0.0 0.6310677205785284 0.0 0.01947887007887732 0.019478870078877327 0.01947887007887674 0.01947887007887616 1.552473558890954 0.0 -5.60214650595271e-06 0.0037426988862228456 0.0 0.0
0.0 0.0022721441111216317 0.0 0.6306197020974542 0.0 0.019804458930637064 0.01980445893063766 0.01980445893000233 0.019804458930637068 1.5524735588903495 0.0 -5.602146504765465e-06 0.003742698886223626 0.0 0.0
0.0 0.0022366519505023982 0.0 0.630169529388429 0.0 0.020140296121212455 0.020140296121212455 0.020140296121211862 0.020140296121856596 1.5524735588897045 0.0 -5.602146503476185e-06 0.003742698886224406 0.0 0.0
0.0 0.0022004543747928705 0.0 0.6297182177304218 0.0 0.020485383104297917 0.02048538310429732 0.020485383104297317 0.020485383104297313 1.552473558889056 0.0 -5.602146501981925e-06 0.0037426988862251085 0.0 0.0
0.0 0.0021635697990652555 0.0 0.6292657708710395 0.0 0.020839469841458725 0.020839469841458735 0.02083946984145751 0.020839469841458732 1.5524735588883616 0.0 -5.602146500368192e-06 0.0037426988862258267 0.0 0.0
0.0 0.002126005354108267 0.0 0.628810199475574 0.0 0.021201803012854032 0.021201803012854032 0.02120180301285341 0.021201803012187628 1.5524735588876624 0.0 -5.602146499151689e-06 0.0037426988862266303 0.0 0.0
0.0 0.002087773812831682 0.0 0.6283505107505144 0.0 0.02157188093881447 0.02157188093881447 0.021571880938815097 0.02157188093949028 1.5524735588869454 0.0 -5.602146498116079e-06 0.0037426988862275016 0.0 0.0
0.0 0.0020489063632488946 0.0 0.6278857156497912 0.0 0.02194895190387247 0.021948951903872468 0.02194895190318851 0.021948951903872468 1.5524735588862397 0.0 -5.6021464973543695e-06 0.003742698886228416 0.0 0.0
0.0 0.002009428551203427 0.0 0.6274138285863822 0.0 0.022332012549112438 0.02233201254911244 0.022332012549112438 0.022332012548416807 1.5524735588855803 0.0 -5.6021464972157856e-06 0.0037426988862294497 0.0 0.0
0.0 0.0019693347345608853 0.0 0.6269338530191004 0.0 0.02272081123332962 0.022720811233328298 0.022720811233328298 0.022720811233328298 1.5524735588849046 0.0 -5.602146497354477e-06 0.003742698886230597 0.0 0.0
0.0 0.001928607986853056 0.0 0.6264427993245956 0.0 0.023114593032999 0.023114593032999012 0.023114593032999002 0.02311459303372072 1.552473558884268 0.0 -5.6021464984853355e-06 0.003742698886231958 0.0 0.0
0.0 0.0018872738539389552 0.0 0.6259386819157369 0.0 0.023512354590617297 0.023512354590618675 0.02351235459061868 0.023512354590617297 1.5524735588837093 0.0 -5.602146500593818e-06 0.003742698886233468 0.0 0.0
0.0 0.0018453451087378679 0.0 0.6254205079989903 0.0 0.023913594226559618 0.02391359422655962 0.02391359422655962 0.02391359422656024 1.5524735588831828 0.0 -5.60214650340472e-06 0.0037426988862351135 0.0 0.0
0.0 0.0018027751254110517 0.0 0.6248832911210944 0.0 0.02431730377235699 0.024317303772356986 0.024317303772356993 0.024317303773132095 1.552473558882755 0.0 -5.602146508556934e-06 0.003742698886237204 0.0 0.0
0.0 0.0017595766769030548 0.0 0.6243260384885405 0.0 0.02472298154950853 0.024722981549508537 0.02472298154950853 0.02472298154950762 1.5524735588823741 0.0 -5.60214651495235e-06 0.0037426988862394443 0.0 0.0
0.0 0.0017157696669075158 0.0 0.6237457679730384 0.0 0.025129372558407897 0.02512937255840789 0.0251293725584079 0.025129372558407893 1.552473558882139 0.0 -5.602146523923851e-06 0.0037426988862419553 0.0 0.0
0.0 0.0016713428111258906 0.0 0.6231404864923976 0.0 0.025535973516751444 0.02553597351674986 0.025535973515906293 0.025535973516750934 1.552473558881963 0.0 -5.6021465353096905e-06 0.003742698886244727 0.0 0.0
0.0 0.001626316013244138 0.0 0.6225072119183119 0.0 0.02594152942488934 0.025941529424889337 0.0259415294248905 0.025941529424890503 1.5524735588819443 0.0 -5.602146550449585e-06 0.0037426988862477705 0.0 0.0
0.0 0.0015806539317568535 0.0 0.6218429508798653 0.0 0.026345535397197545 0.02634553539719755 0.026345535397197136 0.026345535397197136 1.5524735588819907 0.0 -5.602146569979514e-06 0.0037426988862512226 0.0 0.0
0.0 0.0015347842668840606 0.0 0.6211517719881905 0.0 0.026743497169685656 0.026743497169685652 0.026743497169685656 0.02674349716968702 1.5524735588826013 0.0 -5.6021465910198115e-06 0.0037426988862534222 0.0 0.0
0.0 0.0014889761140639277 0.0 0.6204357207915454 0.0 0.027132417496377924 0.027132417496377924 0.027132417496377924 0.027132417496377924 1.5524735588835492 0.0 -5.602146613794323e-06 0.003742698886254734 0.0 0.0
0.0 0.0014429689973768337 0.0 0.619687776531247 0.0 0.027513535340040963 0.027513535340040952 0.027513535340040956 0.02751353534004096 1.5524735588843117 0.0 -5.602146645027273e-06 0.003742698886257017 0.0 0.0
0.0 0.0013965746125284308 0.0 0.618903919314574 0.0 0.02788809447536348 0.027888094475363487 0.027888094475363476 0.02788809447441008 1.5524735588849092 0.0 -5.6021466843852726e-06 0.003742698886260001 0.0 0.0
0.0 0.001349502784132699 0.0 0.6180751315529472 0.0 0.02825708062069043 0.02825708062069043 0.028257080620690433 0.028257080620690433 1.5524735588853849 0.0 -5.6021467408588455e-06 0.003742698886264297 0.0 0.0
0.0 0.0013016388682009238 0.0 0.617197408343986 0.0 0.02862073740045443 0.028620737400454434 0.028620737400450562 0.028620737400452595 1.5524735588858234 0.0 -5.602146813598036e-06 0.003742698886269229 0.0 0.0
0.0 0.00125265021708879 0.0 0.6162607280628819 0.0 0.028980298967640705 0.028980298967640695 0.028980298967642946 0.028980298966645415 1.5524735588861298 0.0 -5.602146918379919e-06 0.003742698886275977 0.0 0.0
0.0 0.0012024052603305593 0.0 0.6152580961838444 0.0 0.029335254021091703 0.029335254021091703 0.029335254022091105 0.029335254022091105 1.5524735588864795 0.0 -5.6021470620252085e-06 0.003742698886283722 0.0 0.0
0.0 0.0011506265954873624 0.0 0.6141795023249367 0.0 0.029686086602383595 0.029686086602383595 0.029686086603378094 0.029686086603378094 1.5524735588867768 0.0 -5.6021472669577565e-06 0.0037426988862934237 0.0 0.0
0.0 0.0010971288955365238 0.0 0.61301495484199 0.0 0.030032030563119372 0.030032030563119375 0.030032030563119375 0.03003203056214733 1.5524735588871377 0.0 -5.602147558746383e-06 0.0037426988863046855 0.0 0.0
0.0 0.001041763663561912 0.0 0.6117544695861142 0.0 0.030371819677634616 0.030371819677634613 0.030371819677634616 0.030371819677634616 1.5524735588875982 0.0 -5.602147972704826e-06 0.003742698886317239 0.0 0.0
0.0 0.0009843583454672664 0.0 0.6103870621198526 0.0 0.03070418611954956 0.030704186119549563 0.03070418611954956 0.03070418611954956 1.5524735588881449 0.0 -5.602148563502e-06 0.003742698886331078 0.0 0.0
0.0 0.0009247787059112564 0.0 0.6088987696254329 0.0 0.031026357024297714 0.03102635702429771 0.031026357024297714 0.031026357024298193 1.5524735588888743 0.0 -5.6021494266235895e-06 0.0037426988863452416 0.0 0.0
0.0 0.0008629995114134905 0.0 0.6072786376461788 0.0 0.03133506426252227 0.0313350642625231 0.03133506426252084 0.031335064262523096 1.5524735588897682 0.0 -5.602150650505353e-06 0.003742698886357787 0.0 0.0
0.0 0.0007990394894580611 0.0 0.6055137298866444 0.0 0.031625786309218196 0.03162578630921819 0.03162578630921819 0.031625786309218355 1.5524735588908238 0.0 -5.602152401187841e-06 0.0037426988863663874 0.0 0.0
0.0 0.0007330816145682071 0.0 0.6035941296552143 0.0 0.03189275626114584 0.03189275626114584 0.03189275626114584 0.031892756261740415 1.5524735588919742 0.0 -5.6021548375946805e-06 0.003742698886367043 0.0 0.0
0.0 0.0006654193517689057 0.0 0.6015099427464019 0.0 0.03212870699007712 0.032128706990077145 0.03212870698838897 0.032128706988403616 1.5524735588930996 0.0 -5.602158200209439e-06 0.003742698886355916 0.0 0.0
0.0 0.0005965288282730419 0.0 0.5992542983061189 0.0 0.032324875947770754 0.032324875947770754 0.032324875947770754 0.03232487594778429 1.5524735588940335 0.0 -5.602162716931383e-06 0.0037426988863296694 0.0 0.0
0.0 0.0005272500068480092 0.0 0.5968293580576146 0.0 0.03247051472182355 0.03247051472182378 0.03247051472182355 0.03247051472182355 1.552473558894635 0.0 -5.602168397334215e-06 0.0037426988862881397 0.0 0.0
0.0 0.0004587032300328166 0.0 0.5942413223545958 0.0 0.032552380928608037 0.03255238092860804 0.03255238092860805 0.032552380948177105 1.552473558894872 0.0 -5.602175238412819e-06 0.0037426988862406343 0.0 0.0
0.0 0.00038691881860015797 0.0 0.5912763693633176 0.0 0.03255412875386363 0.03255412875386362 0.03255412978042302 0.0325541287552024 1.5524735588948966 0.0 -5.602196593765682e-06 0.003742698886213341 0.0 0.0
0.0 0.0003115785343841547 0.0 0.5877970701782832 0.0 0.03243478152234009 0.03243478152239521 0.032434781522340084 0.03243478152629141 1.5524735588980751 0.0 -5.602242796672195e-06 0.0037426988859097093 0.0 0.0
0.0 0.0002398729518437099 0.0 0.5839721139490377 0.0 0.0321518515938951 0.032151851593895116 0.03215185159569152 0.03215185159569152 1.552473558995538 0.0 -5.602289824048748e-06 0.0037426988841214237 0.0 0.0
0.0 0.00017868156779050388 0.0 0.580002974530927 0.0 0.031677908364065914 0.03167790836406591 0.031677908364065914 0.03167790836797948 1.5524735597054327 0.0 -5.602317886022764e-06 0.003742698879811305 0.0 0.0
0.0 0.0001336383648082132 0.0 0.5761018217315677 0.0 0.031006043183554995 0.031006043183554988 0.031006043183554995 0.031006043183554995 1.5524735623006591 0.0 -5.602317080548012e-06 0.003742698873559066 0.0 0.0
0.0 0.00010846123105478208 0.0 0.5724575415594172 0.0 0.030147814205219624 0.03014781420521962 0.03014781420521962 0.030147814205238564 1.5524735685116422 0.0 -5.602298166548643e-06 0.003742698867732033 0.0 0.0
0.0 0.000104595722013847 0.0 0.5692117741899603 0.0 0.029130205362778792 0.029130205362778796 0.029130205362778733 0.029130205367599863 1.5524735794594606 0.0 -5.602282792342635e-06 0.0037426988648869347 0.0 0.0
0.0 0.00012125383105233272 0.0 0.5664429954056625 0.0 0.027989847908115536 0.027989847908115536 0.02798984790811554 0.027989847903814986 1.5524735946640524 0.0 -5.602286372168187e-06 0.0037426988658435085 0.0 0.0
0.0 0.0001559726402581053 0.0 0.5641696135557897 0.0 0.026766420167744377 0.026766420167737563 0.026766420167737563 0.02676642017137832 1.5524735588951035 0.0 -5.602146495919806e-06 0.003742698886213281 0.0 0.0
0.0 0.00020494703144259674 0.0 0.5623520387254156 0.0 0.02549878528185509 0.02549878528184952 0.02549878528184952 0.02549878528482129 1.552473558895271 0.0 -5.60214649636723e-06 0.0037426988862132803 0.0 0.0
0.0 0.00026387194403602757 0.0 0.5609177243720294 0.0 0.02422176304565624 0.024221763045656246 0.024221763045656246 0.024221763043272032 1.552473558895453 0.0 -5.602146496853191e-06 0.003742698886213278 0.0 0.0
0.0 0.00032830737733016127 0.0 0.5597712046024348 0.0 0.02296445553236399 0.022964455532363995 0.022964455532363984 0.022964455532368422 1.5524735588955993 0.0 -5.602146497244006e-06 0.0037426988862132764 0.0 0.0
0.0 0.00039408242599476136 0.0 0.558819059071743 0.0 0.021752967575277622 0.021752967575277626 0.021752967575277622 0.021752967575277622 1.5524735588956544 0.0 -5.602146497391089e-06 0.0037426988862132777 0.0 0.0
0.0 0.00045756139822002997 0.0 0.5579779302833119 0.0 0.02060941943657363 0.02060941943657363 0.020609419436570974 0.020609419436568584 1.5524735588955947 0.0 -5.602146497231893e-06 0.0037426988862132786 0.0 0.0
0.0 0.0005157964661227619 0.0 0.5571884901548589 0.0 0.01955446963716185 0.019554469637161846 0.01955446963849557 0.01955446963849557 1.552473558895432 0.0 -5.602146496797288e-06 0.0037426988862132803 0.0 0.0
0.0 0.0005667064306277925 0.0 0.5564224469562191 0.0 0.018607185477958754 0.018607185477957536 0.018607185476658957 0.01860718547795554 1.5524736147390223 0.0 -5.6022958901565535e-06 0.0037426988842431193 0.0 0.0
0.0 0.0006089658331386427 0.0 0.5556795243790275 0.0 0.017785563857623945 0.017785563857623945 0.017785563857621575 0.017785563857623945 1.5524735957431723 0.0 -5.602245159874273e-06 0.0037426988847926094 0.0 0.0
0.0 0.000642088327034734 0.0 0.554989489099359 0.0 0.017106055798288954 0.017106055798288947 0.017106055798288954 0.017106055799468053 1.5524735787607626 0.0 -5.60219975427194e-06 0.0037426988853573296 0.0 0.0
0.0 0.000666092146843473 0.0 0.5544011192291793 0.0 0.01658449796180069 0.016584497961800698 0.01658449796180069 0.01658449796180069 1.5524735667090703 0.0 -5.60216747585707e-06 0.003742698885837585 0.0 0.0
0.0 0.0006813652742369981 0.0 0.5539732219589135 0.0 0.016234989131336197 0.0162349891313362 0.0162349891313362 0.0162349891313362 1.5524735606416813 0.0 -5.6021511920782255e-06 0.0037426988861214905 0.0 0.0
0.0 0.0006919405430830499 0.0 0.5536578436816968 0.0 0.015986687736547434 0.01598668773654847 0.015986687735996347 0.015986687736548467 1.5524735593721706 0.0 -5.602147779385162e-06 0.003742698886187532 0.0 0.0
0.0 0.0007020118594239797 0.0 0.5533801878362588 0.0 0.015757702440266082 0.015757702440266082 0.01575770244026608 0.015757702439778108 1.552473559256847 0.0 -5.6021474677583906e-06 0.0037426988861958927 0.0 0.0
0.0 0.0007122093382632643 0.0 0.5531573042779988 0.0 0.015545057858449885 0.015545057858449887 0.015545057858449517 0.015545057858843116 1.5524735591762888 0.0 -5.602147249389318e-06 0.003742698886203108 0.0 0.0
0.0 0.0007228302878538893 0.0 0.5529962212605584 0.0 0.015347014923345493 0.015347014923345495 0.015347014923345762 0.015347014923345762 1.5524735591156555 0.0 -5.602147085700076e-06 0.0037426988862082123 0.0 0.0
0.0 0.0007339483696066378 0.0 0.5528969537740742 0.0 0.015162573469395072 0.015162573469395072 0.015162573469394905 0.015162573469571419 1.5524735590676848 0.0 -5.602146956947905e-06 0.003742698886211128 0.0 0.0
0.0 0.0007455522997464368 0.0 0.5528575087361894 0.0 0.014991230206726271 0.014991230206726271 0.014991230206726207 0.014991230206657451 1.5524735590284982 0.0 -5.60214685214864e-06 0.0037426988862124836 0.0 0.0
0.0 0.0007576067368920307 0.0 0.5528748927759136 0.0 0.01483248024671809 0.014832480246718134 0.014832480246718129 0.014832480246718129 1.5524735589968806 0.0 -5.602146767704616e-06 0.003742698886212854 0.0 0.0
0.0 0.0007699985257969443 0.0 0.5529421151150592 0.0 0.014685562250321917 0.014685562250321919 0.014685562250322035 0.014685562250321917 1.5524735589722298 0.0 -5.602146701892567e-06 0.0037426988862133623 0.0 0.0
0.0 0.000782692325196994 0.0 0.5530561823825756 0.0 0.014549971327972457 0.014549971327972455 0.014549971327972457 0.014549971327972457 1.5524735589527714 0.0 -5.602146649851994e-06 0.003742698886214084 0.0 0.0
0.0 0.0007956230942392471 0.0 0.5532121043776661 0.0 0.014424949347879287 0.014424949347879284 0.014424949347598916 0.014424949347599178 1.5524735589379617 0.0 -5.602146609993745e-06 0.003742698886214763 0.0 0.0
0.0 0.0008087498493981437 0.0 0.5534058911882153 0.0 0.014309739780338442 0.014309739780338114 0.014309739780338115 0.014309739780338117 1.5524735589268048 0.0 -5.60214657954919e-06 0.0037426988862153446 0.0 0.0
0.0 0.000822109420982708 0.0 0.5536375503093313 0.0 0.014203842548190947 0.014203842548190945 0.014203842548191325 0.014203842548596399 1.5524735589182572 0.0 -5.6021465555207555e-06 0.003742698886215866 0.0 0.0
0.0 0.0008356905247608761 0.0 0.5539050886587792 0.0 0.014106754368048414 0.01410675436804798 0.014106754368047982 0.014106754368047982 1.5524735589117955 0.0 -5.602146536399715e-06 0.003742698886216246 0.0 0.0
0.0 0.0008496021626443835 0.0 0.5542115145977615 0.0 0.01401797997405556 0.014017979974055569 0.01401797997405653 0.014017979973539598 1.552473558906972 0.0 -5.602146520425271e-06 0.003742698886216588 0.0 0.0
0.0 0.0008638556190359995 0.0 0.5545588212085706 0.0 0.013938022646928443 0.01393802264692844 0.013938022646928973 0.013938022646928441 1.552473558903009 0.0 -5.602146505009907e-06 0.0037426988862167684 0.0 0.0
0.0 0.0008784309902584476 0.0 0.5549499906194004 0.0 0.013868137385764588 0.013868137385764588 0.013868137385764588 0.013868137386384167 1.5524735588997234 0.0 -5.602146488728208e-06 0.0037426988862166977 0.0 0.0
0.0 0.0008933564870423335 0.0 0.5553900055358988 0.0 0.01380958239777239 0.013809582397772392 0.013809582397773008 0.013809582397115957 1.5524735588973189 0.0 -5.602146470348139e-06 0.0037426988862163443 0.0 0.0
0.0 0.0009084408278462863 0.0 0.5558808178170064 0.0 0.013765611379198643 0.013765611379198643 0.013765611379198643 0.013765611379198643 1.5524735588956804 0.0 -5.602146448448993e-06 0.003742698886215453 0.0 0.0
0.0 0.0009234134286388496 0.0 0.5564233677902212 0.0 0.01374022653807632 0.013740226538076323 0.013740226538076323 0.01374022653807632 1.5524735588949854 0.0 -5.602146422119181e-06 0.0037426988862141793 0.0 0.0
0.0 0.0009376879842385428 0.0 0.557011563781542 0.0 0.013739419157697542 0.013739419157423844 0.013739419157424113 0.013739419157709825 1.5524735588948966 0.0 -5.6021463935609e-06 0.003742698886213287 0.0 0.0
0.0 0.0009496481945771561 0.0 0.557587344075494 0.0 0.013766096681772673 0.013766096681772672 0.013766096685685444 0.013766096685709646 1.5524735588948966 0.0 -5.6021464016670395e-06 0.0037426988862131554 0.0 0.0
0.0 0.0009584312890642075 0.0 0.5580957864826002 0.0 0.013813919978551798 0.0138139199785468 0.013813919978547947 0.013813919978550665 1.5524735588948948 0.0 -5.6021464382385366e-06 0.0037426988862129607 0.0 0.0
0.0 0.0009645641741591264 0.0 0.558538989016888 0.0 0.013876391268411023 0.013876391268411023 0.013876391268411017 0.013876391268411021 1.5524735588948912 0.0 -5.6021464622906935e-06 0.003742698886212862 0.0 0.0
0.0 0.0009684136627885516 0.0 0.5589200125056922 0.0 0.01394951476045684 0.013949514760456841 0.013949514760456843 0.013949514760456841 1.5524735588948868 0.0 -5.602146477238293e-06 0.003742698886212855 0.0 0.0
0.0 0.0009704356660098163 0.0 0.5592479082658436 0.0 0.014030054396261232 0.01403005439626123 0.014030054396261163 0.014030054396183808 1.552473558894882 0.0 -5.602146485378166e-06 0.0037426988862128982 0.0 0.0
0.0 0.0009708241302730088 0.0 0.5595276927311914 0.0 0.014117018042609328 0.01411701804260933 0.014117018042609179 0.01411701804260933 1.5524735588948766 0.0 -5.602146490027518e-06 0.003742698886212955 0.0 0.0
0.0 0.0009698027014076347 0.0 0.5597663791654043 0.0 0.014209666811209816 0.014209666811209816 0.014209666811210003 0.014209666811209956 1.5524735588948708 0.0 -5.602146492491112e-06 0.003742698886213012 0.0 0.0
0.0 0.0009674435510975849 0.0 0.5599669684346047 0.0 0.01430800551262097 0.01430800551262097 0.014308005512621168 0.01430800551283018 1.5524735588948637 0.0 -5.602146493874597e-06 0.0037426988862130665 0.0 0.0
0.0 0.0009637820208717445 0.0 0.5601324539097635 0.0 0.014412539033065816 0.014412539033065818 0.014412539033065627 0.014412539033065818 1.5524735588948546 0.0 -5.602146494600567e-06 0.003742698886213115 0.0 0.0
0.0 0.0009587628654981708 0.0 0.560262824348159 0.0 0.014524017485495304 0.014524017485495304 0.014524017485495304 0.014524017485675597 1.5524735588948422 0.0 -5.602146494966798e-06 0.0037426988862131623 0.0 0.0
0.0 0.00095227559451303 0.0 0.5603580572643468 0.0 0.014643941096402635 0.014643941096402636 0.014643941096402633 0.014643941096402602 1.5524735588948233 0.0 -5.6021464950970335e-06 0.0037426988862132053 0.0 0.0
0.0 0.0009441630916209746 0.0 0.5604131437196462 0.0 0.014772801923371012 0.01477280192337101 0.014772801923371099 0.014772801923371012 1.5524735588947987 0.0 -5.602146495096344e-06 0.0037426988862132495 0.0 0.0
0.0 0.000934303582057584 0.0 0.5604260681463584 0.0 0.014911596910231126 0.014911596910231124 0.014911596910231145 0.014911596910210257 1.552473558894764 0.0 -5.6021464950140446e-06 0.003742698886213271 0.0 0.0
0.0 0.0009224365898386178 0.0 0.5603898097856717 0.0 0.015061565020727145 0.015061565020727145 0.015061565020727145 0.015061565020794119 1.5524735588947154 0.0 -5.602146494884033e-06 0.003742698886213285 0.0 0.0
0.0 0.0009084474709777329 0.0 0.5603003637352001 0.0 0.015222949878469175 0.015222949878469177 0.015222949878469175 0.015222949878469203 1.5524735588946525 0.0 -5.602146494758955e-06 0.003742698886213379 0.0 0.0
0.0 0.0008920998067186634 0.0 0.5601517095248301 0.0 0.015396992050712368 0.01539699205071237 0.015396992050712153 0.015396992050712445 1.5524735588945648 0.0 -5.602146494843744e-06 0.003742698886213626 0.0 0.0
0.0 0.000873290237374194 0.0 0.5599418353344385 0.0 0.015584438443607629 0.015584438443607634 0.015584438443607915 0.015584438443304665 1.552473558894448 0.0 -5.6021464956450155e-06 0.0037426988862140956 0.0 0.0
0.0 0.000851921045405177 0.0 0.55966972588502 0.0 0.015786287604051482 0.015786287604051482 0.015786287604420086 0.01578628760442009 1.5524735588942906 0.0 -5.602146497962518e-06 0.0037426988862148893 0.0 0.0
0.0 0.0008279948957211726 0.0 0.5593423494693649 0.0 0.016004801097139313 0.016004801097139316 0.016004801097139313 0.0160048010967152 1.5524735588940597 0.0 -5.602146502006788e-06 0.0037426988862160246 0.0 0.0
0.0 0.0008016516658152728 0.0 0.5589746654471064 0.0 0.016243003427607202 0.016243003427607202 0.016243003427607643 0.016243003427607646 1.5524735588937082 0.0 -5.6021465063502744e-06 0.0037426988862174046 0.0 0.0
0.0 0.0007643008322473233 0.0 0.5584723540556519 0.0 0.01658700847235389 0.016587008472353275 0.01658700847235389 0.016587008472353275 1.5524735588897003 0.0 -5.60214653079478e-06 0.003742698886229316 0.0 0.0
0.0 0.0007089658208646144 0.0 0.5577792489110128 0.0 0.017113489585150368 0.017113489585150365 0.017113489585150365 0.017113489584203445 1.552473558866182 0.0 -5.602146597085418e-06 0.003742698886284544 0.0 0.0
0.0 0.0006385356148914812 0.0 0.5569865186920024 0.0 0.017813091217494584 0.017813091217494588 0.017813091217494584 0.017813091217495653 1.5524735588042742 0.0 -5.602146557196823e-06 0.0037426988863767784 0.0 0.0
0.0 0.0005559799889347231 0.0 0.5561833577329216 0.0 0.018674704346205658 0.018674704346205655 0.018674704346205658 0.018674704348637945 1.5524735586828675 0.0 -5.602146245433919e-06 0.003742698886464214 0.0 0.0
0.0 0.0004640495370510294 0.0 0.5554429894782111 0.0 0.019684943962579343 0.01968494396257935 0.01968494396257935 0.019684943962581233 1.5524735584855038 0.0 -5.602145623711691e-06 0.003742698886497047 0.0 0.0
0.0 0.00036498698528597843 0.0 0.5548106630166939 0.0 0.020828129836033334 0.020828129836033337 0.02082812983603334 0.02082812983603334 1.552473558206095 0.0 -5.602144765539628e-06 0.003742698886458116 0.0 0.0
0.0 0.00026023701597756337 0.0 0.5542946354942797 0.0 0.02208727224185242 0.02208727224185241 0.02208727224185242 0.022087272242748007 1.552473557850477 0.0 -5.602143746941938e-06 0.0037426988863771275 0.0 0.0
0.0 0.00015020984944077797 0.0 0.5538601516415207 0.0 0.0234453125208103 0.023445312520810297 0.023445312520810304 0.0234453125208103 1.5524735574333939 0.0 -5.602142606504289e-06 0.003742698886306124 0.0 0.0
0.0 3.443835983495848e-05 0.0 0.5534344527135409 0.0 0.024884631025062123 0.024884631025062116 0.024884631025062113 0.024884631025062116 1.5524735569813886 0.0 -5.602141395290009e-06 0.0037426988862923087 0.0 0.0
0.0 -8.854934085190828e-05 0.0 0.5529037643816621 0.0 0.026387792409400486 0.026387792409400486 0.026387792409401492 0.02638779240940149 1.5524735565256933 0.0 -5.6021402051508804e-06 0.0037426988864200815 0.0 0.0
0.0 -0.00022066648052650154 0.0 0.5521283422868352 0.0 0.02793481930418505 0.027934819304185034 0.02793481930549858 0.027934819305498577 1.5524735561208212 0.0 -5.602139322953705e-06 0.0037426988868856236 0.0 0.0
0.0 -0.00036393349177028366 0.0 0.5509495077967083 0.0 0.029500953208827146 0.029500953208827164 0.029500953208827153 0.02950095320882233 1.5524735558471805 0.0 -5.602139804876567e-06 0.0037426988880914502 0.0 0.0
0.0 -0.0005197646002304386 0.0 0.5492116918445052 0.0 0.031054189375507836 0.03105418937550784 0.03105418937549286 0.03105418937550306 1.5524735558054752 0.0 -5.602145473147005e-06 0.0037426988905390106 0.0 0.0
0.0 -0.000688235995836921 0.0 0.546784482540796 0.0 0.0325525616237311 0.03255256162373111 0.03255256162375008 0.0325525616269103 1.552473556089062 0.0 -5.602167257333136e-06 0.0037426988943996945 0.0 0.0
0.0 -0.0008675437884478551 0.0 0.5435836387650302 0.0 0.03394367579369 0.033943675793689995 0.033943675793689995 0.03394367579368993 1.5524735567092578 0.0 -5.602227756259125e-06 0.003742698898855334 0.0 0.0
0.0 -0.0010534750531186329 0.0 0.5396060365111224 0.0 0.035169016353939 0.03516901635393908 0.03516901635393907 0.03516901635083596 1.5524735575180608 0.0 -5.602354469691092e-06 0.003742698901753108 0.0 0.0
0.0 -0.0012395058716687297 0.0 0.5349415934459308 0.0 0.03616921653685512 0.03616921653685224 0.03616921653685224 0.03616921653685229 1.5524735582577716 0.0 -5.602553745964995e-06 0.0037426989008016334 0.0 0.0
0.0 -0.0014173526366339246 0.0 0.5297831103579035 0.0 0.036894826295655554 0.03689482629565556 0.03689482629565556 0.03689482629565556 1.5524735587121714 0.0 -5.602773203304481e-06 0.0037426988958300694 0.0 0.0
0.0 -0.0015780992351687318 0.0 0.5244091201282486 0.0 0.037316036838438996 0.037316036838438996 0.037316036838438996 0.03731603682586722 1.5524735588737009 0.0 -5.602906198742409e-06 0.0037426988898170265 0.0 0.0
0.0 -0.0017138902760127953 0.0 0.5191447234121598 0.0 0.03743286953002468 0.03743286953002467 0.037432869530024664 0.03743286953002467 1.5524735588947896 0.0 -5.602867351382474e-06 0.0037426988864902064 0.0 0.0
0.0 -0.0018278995588850205 0.0 0.51390367224247 0.0 0.037260188991223325 0.03726018899122332 0.03726018899122332 0.037260188991632824 1.5524735589041487 0.0 -5.602875677551687e-06 0.0037426988847939326 0.0 0.0
0.0 -0.0019210798921791476 0.0 0.5086021597534017 0.0 0.03678335936747657 0.03678335936747658 0.03678335936559492 0.03678335936743287 1.552473559429425 0.0 -5.602934560085896e-06 0.0037426988749256684 0.0 0.0
0.0 -0.0019859374003468717 0.0 0.503563221228491 0.0 0.036006653686609644 0.03600665368660978 0.03600665368660978 0.03600665369150319 1.552473562780144 0.0 -5.602820014433701e-06 0.0037426988586439264 0.0 0.0
0.0 -0.002018376705305971 0.0 0.49905545159428444 0.0 0.03496276475389667 0.03496276475389666 0.03496276475389666 0.03496276475947815 1.552473572318363 0.0 -5.602621525929104e-06 0.0037426988452503806 0.0 0.0
0.0 -0.0020177947082952387 0.0 0.49526013606695674 0.0 0.03370324552761105 0.03370324552761105 0.033703245527611045 0.033703245527611045 1.5524735897707262 0.0 -5.602457345803063e-06 0.003742698842307 0.0 0.0
0.0 -0.0019866726503598585 0.0 0.49225739345011216 0.0 0.03228837487025649 0.03228837487025648 0.03228837487025649 0.03228837487025649 1.552473558895077 0.0 -5.602146495849518e-06 0.003742698886213279 0.0 0.0
0.0 -0.001929660778742922 0.0 0.4900303570173229 0.0 0.03077604090752964 0.030776040907529684 0.030776040907529684 0.03077604090752968 1.5524735588953102 0.0 -5.602146496471495e-06 0.003742698886213277 0.0 0.0
0.0 -0.0018527373707916666 0.0 0.4884872260616224 0.0 0.02921754503588841 0.029217545035888408 0.02921754503588841 0.02921754503840916 1.55247355889563 0.0 -5.602146497325887e-06 0.003742698886213273 0.0 0.0
0.0 -0.001762072507437293 0.0 0.48749336228460954 0.0 0.027652678417631787 0.027652678417637973 0.027652678417637973 0.027652678415986485 1.552473558895984 0.0 -5.602146498271192e-06 0.003742698886213269 0.0 0.0
0.0 -0.001663780399678796 0.0 0.48688825854181983 0.0 0.026111939121648855 0.026111939121648862 0.026111939121648862 0.026111939122658273 1.5524735588963055 0.0 -5.6021464991300826e-06 0.003742698886213267 0.0 0.0
0.0 -0.001563363407425133 0.0 0.48651551377571317 0.0 0.02461883058086901 0.02461883058086902 0.02461883058086786 0.02461883058086786 1.5524735588965313 0.0 -5.6021464997332336e-06 0.003742698886213266 0.0 0.0
0.0 -0.001465581957701561 0.0 0.48623281341722396 0.0 0.023191377844284676 0.023191377844284683 0.023191377844284676 0.023191377844284676 1.5524735588966179 0.0 -5.602146499964325e-06 0.003742698886213268 0.0 0.0
0.0 -0.0013743232865377926 0.0 0.4859318639560035 0.0 0.021846910369630664 0.021846910369630667 0.021846910369630664 0.021846910369630664 1.552473558896516 0.0 -5.602146499691989e-06 0.003742698886213269 0.0 0.0
0.0 -0.0012925830239231865 0.0 0.48553839668795984 0.0 0.020601811984100018 0.020601811984100018 0.020601811984099428 0.020601811984100018 1.5524735588962286 0.0 -5.602146498924992e-06 0.003742698886213274 0.0 0.0
0.0 -0.0012224200565814293 0.0 0.485020140044334 0.0 0.019473534014917596 0.019473534014917585 0.019473534014917596 0.019473534014045772 1.552473558895812 0.0 -5.602146497812482e-06 0.00374269888621328 0.0 0.0
0.0 -0.001164795037634252 0.0 0.4843878512956157 0.0 0.018478730871325833 0.018478730871324834 0.018478730871324282 0.018478730871324837 1.5524736274831465 0.0 -5.602329800426941e-06 0.0037426988843781324 0.0 0.0
0.0 -0.001119761958149181 0.0 0.4836863039163516 0.0 0.01763290683404171 0.017632906834041704 0.017632906834037558 0.017632906834041708 1.5524736010790539 0.0 -5.6022594658355975e-06 0.003742698884656643 0.0 0.0
0.0 -0.001086610298221365 0.0 0.482988311205696 0.0 0.0169503767586001 0.0169503767586001 0.01695037675860121 0.016950376758598184 1.5524735796347913 0.0 -5.602202211257446e-06 0.0037426988852103204 0.0 0.0
0.0 -0.001064033713643108 0.0 0.48238173373877075 0.0 0.016442289253308918 0.016442289253308918 0.016442289253310868 0.01644228925330747 1.5524735661317195 0.0 -5.602166010522572e-06 0.00374269888578492 0.0 0.0
0.0 -0.0010507550765842398 0.0 0.48195243519168857 0.0 0.016119533121400853 0.016119533121400857 0.016119533121401585 0.01611953312140158 1.5524735602003137 0.0 -5.602150028802755e-06 0.00374269888612422 0.0 0.0
0.0 -0.0010420284864544778 0.0 0.48163867149751843 0.0 0.015896989365021888 0.015896989365021888 0.015896989365022398 0.01589698936556734 1.552473559209987 0.0 -5.6021473502623525e-06 0.0037426988861902263 0.0 0.0
0.0 -0.0010335304584801809 0.0 0.4813397922316782 0.0 0.015682472746375718 0.015682472746375718 0.015682472746375586 0.015682472746895094 1.5524735591786136 0.0 -5.60214726418129e-06 0.003742698886193529 0.0 0.0
0.0 -0.001024807921844886 0.0 0.48107082044273985 0.0 0.015474755267360992 0.015474755267360989 0.015474755267360552 0.01547475526736099 1.5524735591547958 0.0 -5.602147196914025e-06 0.003742698886197903 0.0 0.0
0.0 -0.0010155537739286718 0.0 0.4808437633424551 0.0 0.015273606121565288 0.01527360612156529 0.015273606121564916 0.015273606121166872 1.55247355913289 0.0 -5.602147134917378e-06 0.0037426988862025987 0.0 0.0
0.0 -0.0010055642721250463 0.0 0.4806686163227251 0.0 0.015079541412937592 0.015079541412937592 0.015079541412937592 0.015079541413246411 1.5524735591094754 0.0 -5.602147069959739e-06 0.0037426988862069455 0.0 0.0
0.0 -0.000994737545537264 0.0 0.4805503770794691 0.0 0.014892819200504255 0.014892819200504255 0.014892819200504255 0.014892819200504507 1.5524735590861223 0.0 -5.602147006436583e-06 0.003742698886210144 0.0 0.0
0.0 -0.0009831119124236877 0.0 0.4804920239934206 0.0 0.014714944512439116 0.014714944512439116 0.014714944512439019 0.014714944512439114 1.5524735590585146 0.0 -5.602146932341055e-06 0.003742698886212044 0.0 0.0
0.0 -0.0009708700351049611 0.0 0.4804905337128955 0.0 0.01454741276813356 0.014547412768133558 0.014547412768133558 0.014547412768133558 1.5524735590285135 0.0 -5.602146852172876e-06 0.003742698886212711 0.0 0.0
0.0 -0.0009581648766077072 0.0 0.48054487971627485 0.0 0.014391972630782813 0.014391972630782807 0.014391972630782809 0.01439197263078281 1.5524735589975036 0.0 -5.602146769380961e-06 0.0037426988862131285 0.0 0.0
0.0 -0.0009453106700963655 0.0 0.4806450441262277 0.0 0.01424960822376643 0.014249608223766428 0.01424960822376646 0.014249608223950747 1.5524735589695584 0.0 -5.6021466947379456e-06 0.0037426988862137717 0.0 0.0
0.0 -0.0009325678916489798 0.0 0.48078400618405187 0.0 0.014121558512245837 0.014121558512245837 0.014121558512245601 0.014121558512245662 1.5524735589453162 0.0 -5.602146629873287e-06 0.003742698886214329 0.0 0.0
0.0 -0.0009202748312500409 0.0 0.48095074772366 0.0 0.014008806010625008 0.01400880601062501 0.01400880601062501 0.014008806010325605 1.5524735589260883 0.0 -5.602146578305627e-06 0.0037426988862145683 0.0 0.0
0.0 -0.0009087385908325891 0.0 0.4811332615330425 0.0 0.013911581515316409 0.01391158151531641 0.013911581515315801 0.013911581515315801 1.552473558912589 0.0 -5.602146542053096e-06 0.003742698886214485 0.0 0.0
0.0 -0.0008982294419445066 0.0 0.4813195478953013 0.0 0.013829615744688724 0.013829615744688726 0.013829615745016921 0.013829615744689033 1.5524735589040377 0.0 -5.6021465191413215e-06 0.0037426988862141945 0.0 0.0
0.0 -0.000888969541583384 0.0 0.4814996076709335 0.0 0.013762642622972904 0.013762642622972903 0.013762642622972903 0.013762642623287151 1.5524735588990508 0.0 -5.602146505890001e-06 0.003742698886213865 0.0 0.0
0.0 -0.0008811314437204923 0.0 0.48166245642203775 0.0 0.013709394320540344 0.01370939432054035 0.013709394320540346 0.013709394320540611 1.5524735588965834 0.0 -5.602146499484344e-06 0.0037426988862135874 0.0 0.0
0.0 -0.000874876418005813 0.0 0.48179910279296256 0.0 0.013669106289938449 0.01366910628993845 0.013669106289938171 0.013669106289703343 1.5524735588954568 0.0 -5.602146496669177e-06 0.0037426988862134087 0.0 0.0
0.0 -0.0008703360347872705 0.0 0.4819025522579152 0.0 0.013641267229608234 0.013641267229608234 0.013641267229608234 0.013641267229431705 1.5524735588950256 0.0 -5.602146495648165e-06 0.0037426988862133185 0.0 0.0
0.0 -0.0008675402361810414 0.0 0.48196781518404724 0.0 0.01362463998433192 0.013624639984332026 0.013624639984332026 0.013624639984332026 1.5524735696500844 0.0 -5.601262083058048e-06 0.0037426988862735333 0.0 0.0
