0.0 -0.0034704934027957332 0.0 0.48081399445592565 0.0 0.04876141530562722 0.04876141530729327 0.04876141530544069 0.048761415339682306 1.5524735595351662 0.0 -5.602147257461695e-06 0.0037426988850365983 0.0 0.0
0.0 -0.0033101521717381114 0.0 0.48027825541652336 0.0 0.046396891916407015 0.046396891916407015 0.046396891916407015 0.046396891916409756 1.5524735588957217 0.0 -5.602146497570991e-06 0.0037426988862132625 0.0 0.0
0.0 -0.003145934930813867 0.0 0.479897591117857 0.0 0.044030617988041906 0.044030617988041906 0.044030617988041906 0.04403061798865946 1.5524735588960688 0.0 -5.602146498497661e-06 0.0037426988862132556 0.0 0.0
0.0 -0.0029759834502548744 0.0 0.4797500203204602 0.0 0.04166296742197918 0.04166296742197917 0.041662967421979176 0.041662967421979176 1.5524735588965903 0.0 -5.602146499890095e-06 0.0037426988862132495 0.0 0.0
0.0 -0.0027985558139796223 0.0 0.4799125427692068 0.0 0.039295563917193646 0.03929556391719365 0.039295563917193646 0.039295563916864715 1.55247355889738 0.0 -5.602146501998923e-06 0.0037426988862132348 0.0 0.0
0.0 -0.002612009312089725 0.0 0.4804641288057184 0.0 0.036932034681873824 0.036932034681873824 0.03693203468187381 0.03693203468187481 1.552473558898575 0.0 -5.60214650518964e-06 0.0037426988862132157 0.0 0.0
0.0 -0.002415000029447637 0.0 0.4814797063935043 0.0 0.03457875092492896 0.03457875092492894 0.034578750924928944 0.03457875092669299 1.55247355890036 0.0 -5.60214650995768e-06 0.0037426988862131875 0.0 0.0
0.0 -0.002206349786627291 0.0 0.4830341697679449 0.0 0.03224433419694829 0.0322443341969483 0.0322443341969483 0.03224433419432913 1.5524735589029859 0.0 -5.602146516971382e-06 0.003742698886213154 0.0 0.0
0.0 -0.0019852344441902738 0.0 0.4851983595434924 0.0 0.029940900158117997 0.029940900158118008 0.029940900158118056 0.029940900154557276 1.5524735589067051 0.0 -5.602146526907316e-06 0.0037426988862131086 0.0 0.0
0.0 -0.001751256074366405 0.0 0.48803606184765036 0.0 0.027684053773822815 0.02768405377382286 0.02768405377382281 0.027684053773840003 1.5524735589116752 0.0 -5.602146540188057e-06 0.003742698886213076 0.0 0.0
0.0 -0.0015044741490351104 0.0 0.4916049973669185 0.0 0.02549364103236966 0.025493641032369656 0.02549364103236966 0.025493641026707987 1.5524735589176775 0.0 -5.6021465562312265e-06 0.0037426988862130466 0.0 0.0
0.0 -0.0012455555251501566 0.0 0.49594982307342084 0.0 0.02339348766952338 0.023393487669523372 0.02339348766951075 0.02339348766951075 1.5524735589237797 0.0 -5.602146572547136e-06 0.003742698886213037 0.0 0.0
0.0 -0.0009757673139785634 0.0 0.5011001428901901 0.0 0.021410645863804523 0.021410645863804534 0.021410645863804537 0.02141064587170941 1.552473558928127 0.0 -5.602146584179553e-06 0.0037426988862131138 0.0 0.0
0.0 -0.0006971892425983491 0.0 0.5070654875099165 0.0 0.019576636406838765 0.019576636406838956 0.019576636397953883 0.019576636397953887 1.552473558927998 0.0 -5.602146583851168e-06 0.0037426988862132625 0.0 0.0
0.0 -0.000412658408946222 0.0 0.5138353256373864 0.0 0.01792669855866956 0.01792669855866955 0.01792669855866956 0.0179266985586789 1.5524735589215752 0.0 -5.602146566691251e-06 0.0037426988862134425 0.0 0.0
0.0 -0.00012594598987213297 0.0 0.5213640971351493 0.0 0.016497265685653493 0.016497265685653323 0.01649726568565332 0.016497265685663287 1.5524735589107062 0.0 -5.602146537614995e-06 0.003742698886213584 0.0 0.0
0.0 0.0001583431413691033 0.0 0.5295791965948476 0.0 0.015327228228213604 0.015327228228213412 0.015327228217073802 0.015327228217084236 1.5524735589006793 0.0 -5.602146510730452e-06 0.0037426988862135887 0.0 0.0
0.0 0.0004347154828471843 0.0 0.5383680220503144 0.0 0.014454412314477432 0.014454412314477442 0.0144544123144878 0.014454412314477437 1.5524735588958463 0.0 -5.602146497666563e-06 0.0037426988862134616 0.0 0.0
0.0 0.0006968200926352964 0.0 0.5475769859313593 0.0 0.013914828085707938 0.013914828085707938 0.013914828085707938 0.013914828085478007 1.5524735588949283 0.0 -5.6021464950347545e-06 0.003742698886213325 0.0 0.0
0.0 0.0009376879842600228 0.0 0.5570115637823349 0.0 0.013739419156168935 0.013739419156168935 0.013739419156169169 0.0137394191617504 1.5524735588948966 0.0 -5.60214649479371e-06 0.003742698886213285 0.0 0.0
0.0 0.0011504912978367431 0.0 0.566440430329734 0.0 0.013945067736485755 0.013945067736485753 0.013945067766879031 0.013945067610276638 1.5524735588948966 0.0 -5.602146494724244e-06 0.0037426988862132846 0.0 0.0
0.0 0.0013309434540517884 0.0 0.5756327774653495 0.0 0.014514150729301938 0.014514150729301917 0.014514150729348172 0.014514150729334506 1.5524735588948966 0.0 -5.602146494774819e-06 0.003742698886213284 0.0 0.0
0.0 0.0014766792353594822 0.0 0.584395017627233 0.0 0.015415102396500742 0.015415102396516276 0.015415102414790298 0.01541510241477411 1.5524735588948966 0.0 -5.602146494911597e-06 0.0037426988862132838 0.0 0.0
0.0 0.0015866880721106557 0.0 0.5925746500418289 0.0 0.016611421930133964 0.016611421930133964 0.01661142193013397 0.01661142193014121 1.5524735588948966 0.0 -5.602146495071693e-06 0.003742698886213283 0.0 0.0
0.0 0.001661074646545025 0.0 0.6000602120055073 0.0 0.018064923972686154 0.018064923972688073 0.018064923972688073 0.018064923972688073 1.5524735588948966 0.0 -5.602146495204645e-06 0.003742698886213282 0.0 0.0
0.0 0.001700979509728118 0.0 0.6067802501037896 0.0 0.019736481333210102 0.019736481333210106 0.01973648133442433 0.019736481333210102 1.5524735559068104 0.0 -5.599943528135421e-06 0.0037426988100660056 0.0 0.0
0.0 0.0017080092655194182 0.0 0.6126903394123372 0.0 0.021589524694325086 0.021589524694325093 0.021589524694325225 0.02158952469738814 1.5524735541821584 0.0 -5.600763762998568e-06 0.003742698811633478 0.0 0.0
0.0 0.0016845193549780352 0.0 0.6177809799056881 0.0 0.023588779681506713 0.023588779681506716 0.023588779681506737 0.023588779685486557 1.5524735521859971 0.0 -5.601344591739874e-06 0.0037426988197495664 0.0 0.0
0.0 0.0016330706409525366 0.0 0.6220626469014274 0.0 0.02570275781230212 0.025702757812294138 0.025702757812294138 0.025702757812302125 1.5524735500374685 0.0 -5.601716399366425e-06 0.003742698831867569 0.0 0.0
0.0 0.0015563736655019287 0.0 0.6255657541896719 0.0 0.02790450331318439 0.027904503313219513 0.027904503313176683 0.027904503313176683 1.5524735478368057 0.0 -5.60192875905042e-06 0.0037426988452990994 0.0 0.0
0.0 0.0014572604345610741 0.0 0.6283356711984489 0.0 0.030170334956562832 0.03017033495655597 0.030170334956562832 0.030170334956562836 1.5524735456833008 0.0 -5.602035168613779e-06 0.00374269885796428 0.0 0.0
0.0 0.0013385789859244148 0.0 0.6304307116003388 0.0 0.032480622756873696 0.03248062275687369 0.032480622756873696 0.03248062275990927 1.552473558894892 0.0 -5.602146495355659e-06 0.0037426988862132838 0.0 0.0
0.0 0.0012030146013155352 0.0 0.6319151253116717 0.0 0.03481991105873332 0.03481991105873332 0.034819911056437954 0.03481991105643365 1.5524735588948906 0.0 -5.602146495351874e-06 0.0037426988862132838 0.0 0.0
0.0 0.0010531574852500466 0.0 0.6328601135856571 0.0 0.037176337763599944 0.037176337763599944 0.037176337763599944 0.03717633776207274 1.552473558894889 0.0 -5.602146495347677e-06 0.003742698886213284 0.0 0.0
0.0 0.0008914380424597008 0.0 0.6333408254927039 0.0 0.0395415218578813 0.039541521857881276 0.03954152185788129 0.03954152185788129 1.5524735588948873 0.0 -5.602146495343019e-06 0.0037426988862132838 0.0 0.0
0.0 0.0007201209419793637 0.0 0.6334323763750472 0.0 0.041909332664388226 0.041909332664388226 0.041909332664388226 0.0419093326643882 1.5524735588948853 0.0 -5.602146495337791e-06 0.0037426988862132838 0.0 0.0
0.0 0.0005413645159033625 0.0 0.6332138415064233 0.0 0.044276396334631714 0.0442763963346317 0.04427639633463171 0.04427639633463154 1.552473558894883 0.0 -5.60214649533173e-06 0.0037426988862132833 0.0 0.0
0.0 0.00035713166125144163 0.0 0.632762265602563 0.0 0.046641336115374445 0.04664133611537445 0.04664133611537445 0.04664133611453404 1.5524735588948804 0.0 -5.602146495324428e-06 0.0037426988862132838 0.0 0.0
0.0 0.0001693172568822579 0.0 0.6321556749300277 0.0 0.04900402704440023 0.04900402704440022 0.049004027044400225 0.049004027045501726 1.552473558894877 0.0 -5.602146495315434e-06 0.0037426988862132838 0.0 0.0
