0.0 -0.0008656147051271282 0.0 0.4820120109832412 0.0 0.013612940859573817 0.013612940859573692 0.013612940649058098 0.013612940853541594 1.5524735604730753 0.0 -5.602150709221552e-06 0.0037426988862075848 0.0 0.0
0.0 -0.0008626179640139184 0.0 0.48208030034424904 0.0 0.013594569718624936 0.013594569718624938 0.013594569718625047 0.013594569718741623 1.5524735720516507 0.0 -5.6011815100696396e-06 0.003742698886286987 0.0 0.0
0.0 -0.0008577003677488165 0.0 0.48219478302886687 0.0 0.01356522231898252 0.013565222318982516 0.013565222318982335 0.013565222318982377 1.5524735588950587 0.0 -5.6021464957036065e-06 0.00374269888621333 0.0 0.0
0.0 -0.0008508950032493372 0.0 0.4823604077916693 0.0 0.013526981095784834 0.013526981095784835 0.013526981095506672 0.013526981095506672 1.5524735588953664 0.0 -5.602146496195685e-06 0.00374269888621345 0.0 0.0
0.0 -0.0008422508690618769 0.0 0.48258115336532975 0.0 0.013481827011374825 0.013481827011374825 0.013481827011374825 0.013481827011374825 1.5524735588958178 0.0 -5.60214649647252e-06 0.0037426988862136975 0.0 0.0
0.0 -0.000831874302100372 0.0 0.4828609796813391 0.0 0.013432516894872617 0.013432516894872617 0.013432516894873042 0.013432516894873042 1.5524735588962209 0.0 -5.60214649538383e-06 0.003742698886214079 0.0 0.0
0.0 -0.0008199141115821883 0.0 0.48320284263490104 0.0 0.013382056008984004 0.013382056008983496 0.013382056008982781 0.013382056008982783 1.5524735588963665 0.0 -5.602146491410576e-06 0.003742698886214537 0.0 0.0
0.0 -0.0008065615790402574 0.0 0.4836086940849626 0.0 0.013333698050780983 0.01333369805078098 0.013333698050781554 0.013333698051393922 1.552473558896153 0.0 -5.602146482991713e-06 0.003742698886214912 0.0 0.0
0.0 -0.0007920561005003814 0.0 0.48407848531302666 0.0 0.013290693511123497 0.013290693511123495 0.013290693511785506 0.013290693511123497 1.5524735588956935 0.0 -5.602146469135825e-06 0.0037426988862150233 0.0 0.0
0.0 -0.0007767092436876834 0.0 0.48460916673452126 0.0 0.013256288070225787 0.013256288070225785 0.013256288070225785 0.013256288070225785 1.5524735588952279 0.0 -5.602146449906459e-06 0.0037426988862147167 0.0 0.0
0.0 -0.0007608254455474132 0.0 0.48519569943017843 0.0 0.013232974087625572 0.013232974087625572 0.013232974087625572 0.013232974087625572 1.5524735588949676 0.0 -5.602146426173413e-06 0.003742698886214096 0.0 0.0
0.0 -0.0007447275580697969 0.0 0.48583304073315803 0.0 0.013223493960645087 0.013223493960645089 0.013223493960645087 0.013223493960645087 1.5524735588948986 0.0 -5.602146398356168e-06 0.003742698886213448 0.0 0.0
0.0 -0.0007286816993680687 0.0 0.4865131733435446 0.0 0.013228835011588 0.013228835011558812 0.01322883501155882 0.013228835011558812 1.5524735588948966 0.0 -5.6021463692160655e-06 0.003742698886213279 0.0 0.0
0.0 -0.0007129539875652296 0.0 0.48722807996141543 0.0 0.013249984562805432 0.013249984562805428 0.013249984562732445 0.013249984562798505 1.5524735588948966 0.0 -5.602146340930493e-06 0.003742698886213177 0.0 0.0
0.0 -0.0006977000503351148 0.0 0.48796976577230267 0.0 0.013286429709506697 0.0132864297095067 0.013286429709506723 0.013286429713528211 1.5524735588948961 0.0 -5.602146315897672e-06 0.0037426988862129347 0.0 0.0
0.0 -0.0006829183990440071 0.0 0.4887352449003601 0.0 0.013337165493239376 0.013337165493239374 0.013337165493239378 0.01333716549323936 1.5524735588948944 0.0 -5.602146291051005e-06 0.0037426988862125548 0.0 0.0
0.0 -0.000668600414297166 0.0 0.4895195421351126 0.0 0.013400433629219288 0.013400433629219288 0.01340043362921928 0.013400433629217405 1.552473558894891 0.0 -5.602146269402237e-06 0.0037426988862120907 0.0 0.0
0.0 -0.0006545435302385295 0.0 0.4903226986998359 0.0 0.013473483703547633 0.01347348370354763 0.013473483703547631 0.013473483703547631 1.5524735588948868 0.0 -5.602146245941195e-06 0.0037426988862116137 0.0 0.0
0.0 -0.0006404842936344116 0.0 0.49114576360169965 0.0 0.013553066829431202 0.013553066829431193 0.013553066829432603 0.013553066829432605 1.5524735588948828 0.0 -5.602146219206406e-06 0.0037426988862111947 0.0 0.0
0.0 -0.0006260318343348849 0.0 0.4919927979566707 0.0 0.013635188817939186 0.013635188817939192 0.013635188817939197 0.013635188816397376 1.5524735588948808 0.0 -5.602146184360471e-06 0.003742698886210924 0.0 0.0
0.0 -0.0006071469638302396 0.0 0.49307365627248795 0.0 0.01373393848712266 0.013733938487122649 0.013733938487122664 0.013733938484910392 1.5524735588948637 0.0 -5.60214566763085e-06 0.0037426988862077197 0.0 0.0
0.0 -0.0005799401669552644 0.0 0.4945782547326918 0.0 0.013858871905320225 0.013858871905320227 0.013858871905320223 0.013858871905320225 1.5524735588948118 0.0 -5.60214337271294e-06 0.0037426988861960146 0.0 0.0
0.0 -0.0005440511370719507 0.0 0.4964857634032141 0.0 0.013998203628138754 0.013998203628138825 0.01399820362814425 0.01399820362234315 1.5524735588947645 0.0 -5.602138373139654e-06 0.003742698886178712 0.0 0.0
0.0 -0.0004991534204536786 0.0 0.49876937310259656 0.0 0.014138638353752038 0.01413863835375204 0.01413863835375203 0.01413863836270166 1.552473558894759 0.0 -5.6021296617681285e-06 0.003742698886162835 0.0 0.0
0.0 -0.00044505511099438905 0.0 0.5014012518770746 0.0 0.01426837941386888 0.01426837941386947 0.014268379428570278 0.014268379428570267 1.5524735588947947 0.0 -5.60211646959823e-06 0.0037426988861560023 0.0 0.0
0.0 -0.0003818672507758088 0.0 0.5043455429843411 0.0 0.014377117536731604 0.014377117536732296 0.014377117559467856 0.014377117560234022 1.5524735588948448 0.0 -5.602098862541631e-06 0.0037426988861628823 0.0 0.0
0.0 -0.00030987790161643224 0.0 0.5075643628760182 0.0 0.014456290530621292 0.01445629053062129 0.014456290530621295 0.014456290488425814 1.5524735588948808 0.0 -5.602077460980526e-06 0.0037426988861815184 0.0 0.0
0.0 -0.00022967540870145212 0.0 0.5110187715057538 0.0 0.014501085081688068 0.014501085081688072 0.01450108508168808 0.014501085081688073 1.5524735588948946 0.0 -5.602053441823948e-06 0.0037426988862018225 0.0 0.0
0.0 -0.00014208602438566 0.0 0.5146667942386584 0.0 0.014508933637453753 0.014508933637453692 0.01450893363696657 0.014508933116750326 1.552473558894897 0.0 -5.602028730578925e-06 0.0037426988862129824 0.0 0.0
0.0 -4.8254699390814945e-05 0.0 0.5184653961918265 0.0 0.014481267066764369 0.01448126706676481 0.014481267066735876 0.014481267082178709 1.5524735588949865 0.0 -5.602005464670674e-06 0.003742698886262401 0.0 0.0
0.0 5.066499536164035e-05 0.0 0.5223765176857966 0.0 0.014421275331839052 0.014421275331839048 0.01442127533183905 0.014421275331835019 1.5524735588972567 0.0 -5.6019849031158376e-06 0.003742698886448817 0.0 0.0
0.0 0.00015328573539411636 0.0 0.5263630468658346 0.0 0.014335649984644466 0.014335649984644497 0.014335649984644499 0.014335649983508468 1.5524735589048932 0.0 -5.601968556142309e-06 0.0037426988867099464 0.0 0.0
0.0 0.0002582187078281275 0.0 0.5303908577474801 0.0 0.014232087674505609 0.014232087674505614 0.014232087674704927 0.014232087674502843 1.5524735589166585 0.0 -5.601957230815306e-06 0.0037426988869597266 0.0 0.0
0.0 0.00036398866758825425 0.0 0.534426802148902 0.0 0.014119786867299287 0.014119786867299287 0.014119786867299287 0.01411978686803705 1.552473558925618 0.0 -5.601951657618304e-06 0.003742698887104862 0.0 0.0
0.0 0.0004691741256097361 0.0 0.5384407290005433 0.0 0.014008200877994769 0.01400820087799477 0.014008200877994769 0.014008200878005214 1.5524735589255638 0.0 -5.6019517672472014e-06 0.0037426988870971544 0.0 0.0
0.0 0.000572281420592102 0.0 0.5423994863727404 0.0 0.013906778222171623 0.013906778222171621 0.013906778222171623 0.013906778222168875 1.5524735589163525 0.0 -5.601958243572757e-06 0.003742698886936279 0.0 0.0
0.0 0.0006719570799588255 0.0 0.5462719416402263 0.0 0.013823720448421518 0.013823720448421516 0.013823720448423622 0.013823720447281853 1.552473558904766 0.0 -5.601970387213144e-06 0.0037426988866869036 0.0 0.0
0.0 0.0007668803075305463 0.0 0.5500229872607851 0.0 0.013765472425301134 0.013765472425301134 0.013765472425297362 0.013765472425226095 1.5524735588973089 0.0 -5.601988139174992e-06 0.0037426988864377566 0.0 0.0
0.0 0.0008558351563833515 0.0 0.5536165416281027 0.0 0.013736727144625644 0.013736727144625633 0.01373672714462564 0.013736727144997941 1.5524735588950247 0.0 -5.602010329042636e-06 0.0037426988862661174 0.0 0.0
0.0 0.0009376879597206471 0.0 0.5570115629158535 0.0 0.013739423791682751 0.013739423791683076 0.013739423791683362 0.013739405252895596 1.552473558894897 0.0 -5.6020358420954675e-06 0.003742698886213284 0.0 0.0
0.0 0.0010171411546606342 0.0 0.5604051002634465 0.0 0.013774364464844516 0.013774364464685033 0.013774364464685064 0.013774364331806519 1.552473558894896 0.0 -5.602033977064223e-06 0.003742698886206078 0.0 0.0
0.0 0.0010988674854821249 0.0 0.5639922062105713 0.0 0.01384212569828495 0.013842125692132027 0.013842125698279254 0.01384212569821798 1.5524735588948875 0.0 -5.602003441551008e-06 0.003742698886181803 0.0 0.0
0.0 0.001182160991888923 0.0 0.567735907779614 0.0 0.01394014323248749 0.013940143232487509 0.013940143228980784 0.013940143284124193 1.5524735588948602 0.0 -5.6019734334963075e-06 0.003742698886140386 0.0 0.0
0.0 0.001266512631426879 0.0 0.5715982764650291 0.0 0.01406285531101211 0.0140628553110121 0.014062855308495409 0.014062855311012106 1.5524735588948104 0.0 -5.601946337615258e-06 0.003742698886090186 0.0 0.0
0.0 0.0013517234404820278 0.0 0.5755474192094763 0.0 0.014202459393406641 0.014202459391290992 0.01420245942996713 0.014202459432119017 1.5524735588947542 0.0 -5.6019229690450625e-06 0.0037426988860450442 0.0 0.0
0.0 0.0014377714753819773 0.0 0.579553469768507 0.0 0.014349406018361462 0.014349406018361469 0.014349406018326061 0.014349405980575693 1.552473558894722 0.0 -5.601904464994045e-06 0.0037426988860196496 0.0 0.0
0.0 0.0015246235083012899 0.0 0.5835845688205509 0.0 0.01449364228979461 0.01449364228979462 0.014493642289792476 0.014493642250309937 1.5524735588947332 0.0 -5.601892605752738e-06 0.0037426988860228116 0.0 0.0
0.0 0.0016123737279913088 0.0 0.5876118691403738 0.0 0.014624370111256441 0.01462437011125645 0.014624370111253785 0.014624370066566006 1.552473558894784 0.0 -5.601887591745082e-06 0.0037426988860559773 0.0 0.0
0.0 0.001700988906600398 0.0 0.5916035114022267 0.0 0.014731536647215212 0.014731536647215198 0.014731536647215241 0.014731536647110683 1.5524735588948435 0.0 -5.601890674083263e-06 0.0037426988861090117 0.0 0.0
0.0 0.0017902531537938697 0.0 0.5955246129245536 0.0 0.01480658447200281 0.014806584472010621 0.014806584561616428 0.01480658455329308 1.5524735588948826 0.0 -5.601902573406367e-06 0.003742698886164012 0.0 0.0
0.0 0.0018797254450217812 0.0 0.5993362636340364 0.0 0.014842700154683846 0.014842700154651736 0.014842700154651728 0.01484270012039045 1.552473558894896 0.0 -5.6019234906277335e-06 0.0037426988862027995 0.0 0.0
0.0 0.001968677244594853 0.0 0.6029975041502444 0.0 0.014836317267929583 0.014836317267929576 0.014836317267929583 0.01483631726800294 1.5524735588948955 0.0 -5.601952197004738e-06 0.003742698886216807 0.0 0.0
0.0 0.0020561293362759926 0.0 0.6064653332845735 0.0 0.014786616816762495 0.014786616816762497 0.014786616816762355 0.014786616816756302 1.5524735588959102 0.0 -5.601986546757104e-06 0.003742698886358967 0.0 0.0
0.0 0.002140802219420967 0.0 0.6096956933391928 0.0 0.014696528705417633 0.014696528705417633 0.014696528705417237 0.01469652870541764 1.5524735589062157 0.0 -5.602023464854403e-06 0.003742698886622703 0.0 0.0
0.0 0.0022212010537561956 0.0 0.612645478181821 0.0 0.01457223494577161 0.014572234945771582 0.01457223494577158 0.014572234944233079 1.5524735589364904 0.0 -5.602059297797627e-06 0.0037426988868648776 0.0 0.0
0.0 0.0022956934765832764 0.0 0.615276530657886 0.0 0.014423426063438643 0.014423426063438645 0.014423426063440749 0.014423426065686102 1.5524735589821275 0.0 -5.6020904326708595e-06 0.003742698886963273 0.0 0.0
0.0 0.002362601678610324 0.0 0.6175556613388206 0.0 0.014262050907305137 0.014262050907305134 0.014262050907302887 0.014262050907302887 1.5524735590188774 0.0 -5.602114596571174e-06 0.003742698886883784 0.0 0.0
0.0 0.0024202208170585613 0.0 0.6194546522710147 0.0 0.014102066633123932 0.014102066633123932 0.014102066633123932 0.014102066633123932 1.552473559018543 0.0 -5.602131065289675e-06 0.0037426988866777642 0.0 0.0
0.0 0.0024670016732885216 0.0 0.6209532803264568 0.0 0.013957943354311794 0.013957943354311789 0.013957943354311783 0.013957943354311785 1.552473558979118 0.0 -5.602140532598807e-06 0.00374269888645182 0.0 0.0
0.0 0.0025014077974648574 0.0 0.6220303295932336 0.0 0.013843649564877082 0.013843649564877082 0.013843649564881386 0.013843649564875743 1.5524735589292946 0.0 -5.60214492026438e-06 0.0037426988862920034 0.0 0.0
0.0 0.0025280828537576814 0.0 0.6228529757162219 0.0 0.013750951854373078 0.013750951854373084 0.013750951854374135 0.01375095185549888 1.552473558910169 0.0 -5.602145964897908e-06 0.003742698886243864 0.0 0.0
0.0 0.0025525270915613455 0.0 0.6236064857367959 0.0 0.013665894698627517 0.013665894698627515 0.013665894698627515 0.013665894697595549 1.5524735589059493 0.0 -5.6021461206548095e-06 0.0037426988862350823 0.0 0.0
0.0 0.0025748506913571764 0.0 0.6243038221912748 0.0 0.013591249327763429 0.013591249327763427 0.013591249327763429 0.013591249326826017 1.5524735589015843 0.0 -5.602146215172768e-06 0.0037426988862277973 0.0 0.0
0.0 0.002595166808304269 0.0 0.6249519758581383 0.0 0.013527777083012683 0.013527777083012685 0.013527777083015028 0.013527777082167828 1.5524735588984568 0.0 -5.602146281311127e-06 0.003742698886222427 0.0 0.0
0.0 0.002613631070097193 0.0 0.6255589415519343 0.0 0.013475990867845266 0.013475990867845265 0.013475990867845265 0.013475990867846592 1.5524735588965002 0.0 -5.602146326901998e-06 0.0037426988862186653 0.0 0.0
0.0 0.00263031000629278 0.0 0.626126723597743 0.0 0.01343564385160141 0.013435643851601412 0.01343564385160141 0.01343564385160141 1.552473558895496 0.0 -5.602146364102439e-06 0.0037426988862161665 0.0 0.0
0.0 0.002645415978475695 0.0 0.6266603421769509 0.0 0.013405493862492476 0.013405493862492476 0.013405493862492476 0.013405493862492932 1.552473558895086 0.0 -5.602146391792299e-06 0.0037426988862147162 0.0 0.0
0.0 0.0026590820457591934 0.0 0.6271638059395502 0.0 0.013385047238606068 0.013385047238606068 0.01338504723860633 0.013385047238606068 1.5524735588949372 0.0 -5.602146412696514e-06 0.0037426988862138766 0.0 0.0
0.0 0.0026714596823083398 0.0 0.6276411272830971 0.0 0.013373560280669435 0.013373560280669435 0.013373560280669643 0.013373560280669643 1.5524735588949008 0.0 -5.602146428277916e-06 0.0037426988862134538 0.0 0.0
0.0 0.0026827003622793694 0.0 0.6280963186051405 0.0 0.013370289288978834 0.013370289288978833 0.013370289288978834 0.013370289291245811 1.5524735588948966 0.0 -5.602146439709749e-06 0.0037426988862132972 0.0 0.0
0.0 0.002692955559823713 0.0 0.6285333923032348 0.0 0.013374490566340632 0.01337449056634062 0.01337449056632092 0.013374490565789626 1.5524735588948966 0.0 -5.602146447932732e-06 0.003742698886213283 0.0 0.0
0.0 0.002702260616467799 0.0 0.6289553417483532 0.0 0.01338666899668684 0.013386668996686894 0.01338666899668689 0.013386668996686892 1.5524735588948966 0.0 -5.602146454064988e-06 0.0037426988862132677 0.0 0.0
0.0 0.0027107726485092686 0.0 0.6293671758791671 0.0 0.013406332524104211 0.013406332524107256 0.013406332524107258 0.01340633252085653 1.5524735588948966 0.0 -5.6021464577965095e-06 0.0037426988862132434 0.0 0.0
0.0 0.002718532639625237 0.0 0.6297728846077795 0.0 0.013434237673351264 0.013434237673351265 0.013434237673343149 0.013434237673349402 1.5524735588948964 0.0 -5.602146459900688e-06 0.0037426988862132035 0.0 0.0
0.0 0.0027254485144306367 0.0 0.630172449196329 0.0 0.013471634635136082 0.013471634635136084 0.013471634635137241 0.013471634636366372 1.552473558894896 0.0 -5.60214646192482e-06 0.0037426988862131433 0.0 0.0
0.0 0.0027315428415274298 0.0 0.6305698558093276 0.0 0.013519529974431297 0.013519529974431298 0.013519529974429931 0.013519529975216776 1.5524735588948948 0.0 -5.6021464625654736e-06 0.003742698886213055 0.0 0.0
0.0 0.00273657207138307 0.0 0.6309610733113808 0.0 0.013579917578470583 0.013579917578470586 0.013579917578470588 0.01357991757846959 1.5524735588948921 0.0 -5.602146464485045e-06 0.00374269888621293 0.0 0.0
0.0 0.002740298296617552 0.0 0.6313430671081984 0.0 0.013655042975804044 0.013655042975804044 0.013655042975804573 0.013655042975804572 1.5524735588948857 0.0 -5.602146467214568e-06 0.0037426988862127608 0.0 0.0
0.0 0.002742272736950772 0.0 0.631704796548295 0.0 0.013747388904825688 0.013747388904825688 0.013747388904825695 0.013747388904825748 1.5524735588948715 0.0 -5.6021464726325084e-06 0.0037426988862125725 0.0 0.0
0.0 0.002741980082565679 0.0 0.6320332166551771 0.0 0.013859684934354152 0.013859684934354155 0.013859684934354308 0.013859684934354152 1.5524735588948415 0.0 -5.602146479775239e-06 0.0037426988862124134 0.0 0.0
0.0 0.002738877125248303 0.0 0.6322973597023144 0.0 0.013989130939698498 0.013989130939698497 0.01398913093969871 0.013989130939457008 1.5524735588947989 0.0 -5.602146488615986e-06 0.0037426988862125318 0.0 0.0
0.0 0.002733009626902928 0.0 0.6324793179299082 0.0 0.014129197076246441 0.014129197076246441 0.014129197076246443 0.014129197076246562 1.5524735588947622 0.0 -5.602146493531169e-06 0.003742698886212859 0.0 0.0
0.0 0.0027246241143154973 0.0 0.6325771507217428 0.0 0.01427587953360084 0.01427587953360084 0.014275879533600882 0.01427587953360084 1.5524735588947343 0.0 -5.602146494803855e-06 0.00374269888621314 0.0 0.0
0.0 0.0027139896828711554 0.0 0.6325929036261428 0.0 0.014426181066170354 0.014426181066170354 0.014426181066170354 0.01442618106617033 1.5524735588947167 0.0 -5.602146494887355e-06 0.0037426988862132664 0.0 0.0
0.0 0.002701417900257896 0.0 0.6325296262277033 0.0 0.014576855994254819 0.01457685599425482 0.014576855994254819 0.014576855994254833 1.552473558894714 0.0 -5.602146494886842e-06 0.0037426988862133137 0.0 0.0
0.0 0.0026872188455447994 0.0 0.6323933539868165 0.0 0.014725663599640627 0.014725663599640828 0.014725663599640828 0.014725663599640828 1.5524735588947223 0.0 -5.6021464950798675e-06 0.00374269888621347 0.0 0.0
0.0 0.0026717082399450773 0.0 0.6321911189050301 0.0 0.014870614805383002 0.014870614805383002 0.014870614805382888 0.014870614805382739 1.552473558894739 0.0 -5.6021464958376e-06 0.0037426988862136854 0.0 0.0
0.0 0.00265517061667101 0.0 0.6319309420298498 0.0 0.01501047225122785 0.015010472251227851 0.015010472251228452 0.015010472251228268 1.5524735588947594 0.0 -5.6021464974668715e-06 0.0037426988862139117 0.0 0.0
0.0 0.0026378720938578623 0.0 0.6316208406612196 0.0 0.015144248614647754 0.015144248614647755 0.015144248614647754 0.015144248614647199 1.5524735588947813 0.0 -5.602146500060035e-06 0.0037426988862141043 0.0 0.0
0.0 0.0026200291865561016 0.0 0.6312698173974757 0.0 0.015271958327526374 0.015271958327526374 0.01527195832752607 0.015271958327526374 1.5524735588948004 0.0 -5.602146503346107e-06 0.003742698886214248 0.0 0.0
0.0 0.0026018102953630595 0.0 0.6308848742595567 0.0 0.015393612614670952 0.015393612614671237 0.015393612614671238 0.015393612614670952 1.552473558894817 0.0 -5.6021465070953415e-06 0.0037426988862143394 0.0 0.0
0.0 0.0025833894630248842 0.0 0.6304740098095227 0.0 0.015509474342080295 0.015509474342080293 0.015509474342080293 0.015509474342352052 1.552473558894831 0.0 -5.602146510723253e-06 0.0037426988862143767 0.0 0.0
0.0 0.0025648670719771215 0.0 0.6300452076191347 0.0 0.01562080652689776 0.01562080652689776 0.015620806526897763 0.015620806526897986 1.5524735588948406 0.0 -5.602146513683066e-06 0.003742698886214385 0.0 0.0
0.0 0.0025463081631280997 0.0 0.6296034578892005 0.0 0.015728367299692583 0.015728367299692583 0.015728367299901545 0.015728367299901812 1.5524735588948475 0.0 -5.602146516080185e-06 0.0037426988862143793 0.0 0.0
0.0 0.0025278018346122596 0.0 0.6291547511092082 0.0 0.01583291639526447 0.01583291639526447 0.015832916395264296 0.01583291639526447 1.5524735588948528 0.0 -5.6021465174860675e-06 0.003742698886214353 0.0 0.0
0.0 0.0025093578821062832 0.0 0.6287040662372505 0.0 0.015935962057328244 0.015935962057328237 0.015935962057328404 0.015935962057328404 1.552473558894855 0.0 -5.6021465179359945e-06 0.0037426988862143333 0.0 0.0
0.0 0.002491089460971999 0.0 0.628258394051531 0.0 0.01603826562395252 0.01603826562395252 0.01603826562395252 0.01603826562395252 1.5524735588948562 0.0 -5.602146516993303e-06 0.003742698886214297 0.0 0.0
0.0 0.002473000724734846 0.0 0.6278217169690008 0.0 0.016141083697856305 0.01614108369785648 0.016141083697856478 0.0161410836980427 1.5524735588948553 0.0 -5.60214651533116e-06 0.003742698886214268 0.0 0.0
0.0 0.0024551142419965265 0.0 0.6273980211541836 0.0 0.016245422844229182 0.016245422844229186 0.01624542284422938 0.016245422844229186 1.5524735588948526 0.0 -5.602146513077854e-06 0.0037426988862142387 0.0 0.0
0.0 0.0024375431681208696 0.0 0.6269942973852883 0.0 0.01635204440095178 0.016352044400951782 0.016352044400951782 0.016352044400716588 1.5524735588948486 0.0 -5.602146509963876e-06 0.0037426988862141906 0.0 0.0
0.0 0.0024207787556942014 0.0 0.6266225903500953 0.0 0.01645821719546369 0.01645821719546369 0.01645821719546369 0.01645821719571697 1.5524735588948493 0.0 -5.602146505840122e-06 0.0037426988862140466 0.0 0.0
0.0 0.0024052103862425302 0.0 0.6262899470404393 0.0 0.016560952000380137 0.016560952000380137 0.016560952000123433 0.016560952000380137 1.5524735588948548 0.0 -5.602146502064722e-06 0.0037426988862138567 0.0 0.0
0.0 0.002390632829016662 0.0 0.625989357940249 0.0 0.016660737665878694 0.016660737665878698 0.016660737665878934 0.016660737665878934 1.5524735588948595 0.0 -5.602146499813766e-06 0.0037426988862137253 0.0 0.0
0.0 0.0023768649104931833 0.0 0.6257148138221411 0.0 0.016758064646390528 0.01675806464639052 0.016758064646390524 0.016758064646390524 1.5524735588948628 0.0 -5.60214649844416e-06 0.0037426988862136346 0.0 0.0
0.0 0.0023637495143760813 0.0 0.625461305747439 0.0 0.016853424999631477 0.01685342499963148 0.016853424999386152 0.0168534249996314 1.5524735588948655 0.0 -5.602146497588592e-06 0.003742698886213572 0.0 0.0
0.0 0.0023510926942172114 0.0 0.6252238172823142 0.0 0.016947810858572054 0.016947810858572054 0.016947810858572054 0.016947810858572054 1.5524735588948666 0.0 -5.602146497063564e-06 0.0037426988862135314 0.0 0.0
0.0 0.0023386820884888906 0.0 0.6249973282453746 0.0 0.017042464394269985 0.017042464394269985 0.01704246439426989 0.017042464394270113 1.5524735588948662 0.0 -5.602146496756522e-06 0.0037426988862135106 0.0 0.0
0.0 0.00232643839473055 0.0 0.6247808271051849 0.0 0.01713813411615715 0.0171381341161576 0.017138134116396406 0.017138134116396062 1.5524735588948648 0.0 -5.60214649651068e-06 0.003742698886213496 0.0 0.0
0.0 0.002314130836338052 0.0 0.624569289932776 0.0 0.017236312233182925 0.017236312233182925 0.017236312233182925 0.017236312233182925 1.5524735588948613 0.0 -5.602146496392707e-06 0.003742698886213496 0.0 0.0
0.0 0.002301613581317357 0.0 0.6243597008717342 0.0 0.017337994085170248 0.017337994085170477 0.01733799408517048 0.01733799408541598 1.5524735588948557 0.0 -5.602146496337913e-06 0.0037426988862135076 0.0 0.0
0.0 0.002288752081975916 0.0 0.6241510371479073 0.0 0.017444678295250933 0.017444678295250694 0.017444678294998486 0.017444678295250697 1.552473558894847 0.0 -5.602146496295505e-06 0.0037426988862135284 0.0 0.0
0.0 0.0022754005063205444 0.0 0.623940282904882 0.0 0.017557360203293126 0.017557360203293126 0.017557360203293123 0.01755736020329337 1.5524735588948346 0.0 -5.60214649630576e-06 0.0037426988862135613 0.0 0.0
0.0 0.0022613818343529693 0.0 0.6237254113322279 0.0 0.017677786866484576 0.01767778686648458 0.01767778686648458 0.01767778686648445 1.5524735588948158 0.0 -5.6021464963433814e-06 0.003742698886213614 0.0 0.0
0.0 0.0022465983485351233 0.0 0.6235054071509426 0.0 0.01780695683208999 0.017806956832089722 0.017806956832089726 0.017806956832089858 1.552473558894789 0.0 -5.6021464963901715e-06 0.0037426988862136806 0.0 0.0
0.0 0.002230891443946653 0.0 0.6232782472981601 0.0 0.017946367119323067 0.01794636711932335 0.01794636711932335 0.01794636711932307 1.5524735588947502 0.0 -5.60214649646475e-06 0.003742698886213775 0.0 0.0
0.0 0.002214078458440988 0.0 0.6230409084223301 0.0 0.018097513143775813 0.018097513143775813 0.018097513143775813 0.018097513144094055 1.5524735588946936 0.0 -5.602146496598535e-06 0.0037426988862139152 0.0 0.0
0.0 0.002196091373861104 0.0 0.62279437207428 0.0 0.01826164669780875 0.018261646697808748 0.01826164669780875 0.01826164669780826 1.5524735588946132 0.0 -5.602146496673735e-06 0.0037426988862140874 0.0 0.0
0.0 0.0021766937714474198 0.0 0.6225326177839079 0.0 0.018440008348406787 0.018440008348406787 0.018440008348406783 0.01844000834876695 1.5524735588944998 0.0 -5.602146496929773e-06 0.0037426988862143524 0.0 0.0
0.0 0.002155769518591544 0.0 0.6222546265246335 0.0 0.018633846680750483 0.018633846680750476 0.018633846681136473 0.01863384668113683 1.5524735588943406 0.0 -5.602146497218602e-06 0.003742698886214706 0.0 0.0
0.0 0.002133106253766889 0.0 0.6219553781150636 0.0 0.018844403866092978 0.018844403866092978 0.018844403865675652 0.018844403866092978 1.5524735588941183 0.0 -5.6021464977727885e-06 0.003742698886215232 0.0 0.0
0.0 0.0021056991029652626 0.0 0.6215914591504431 0.0 0.019098364985719252 0.019098364985719242 0.01909836498622528 0.01909836498622614 1.5524735588932408 0.0 -5.602146500768224e-06 0.003742698886217491 0.0 0.0
0.0 0.0020709637617704274 0.0 0.6211255141718207 0.0 0.019418674178029942 0.01941867417802993 0.019418674178031146 0.01941867417738683 1.5524735588906804 0.0 -5.602146510561115e-06 0.0037426988862242806 0.0 0.0
0.0 0.0020293888178742306 0.0 0.6205626195742683 0.0 0.019800338704817982 0.019800338704817975 0.01980033870481798 0.019800338704818704 1.5524735588863285 0.0 -5.602146528976646e-06 0.0037426988862361444 0.0 0.0
0.0 0.001981359499333522 0.0 0.619905839932686 0.0 0.020239112735440858 0.020239112735440854 0.020239112735440854 0.020239112735440854 1.5524735588797824 0.0 -5.602146560029199e-06 0.0037426988862545936 0.0 0.0
0.0 0.0019273162794090789 0.0 0.6191582510647136 0.0 0.020730000326064636 0.02073000032606559 0.02073000032606559 0.020730000325048476 1.5524735588709455 0.0 -5.602146608351675e-06 0.003742698886280608 0.0 0.0
0.0 0.0018677236885462371 0.0 0.6183239290766989 0.0 0.02126800713586992 0.02126800713586991 0.021268007135870973 0.02126800713587097 1.5524735588598864 0.0 -5.60214667748207e-06 0.003742698886314625 0.0 0.0
0.0 0.0018030391264375113 0.0 0.6174089394096139 0.0 0.021848892145710612 0.02184889214571061 0.02184889214571061 0.02184889214571061 1.5524735588466299 0.0 -5.602146766904377e-06 0.0037426988863562866 0.0 0.0
0.0 0.0017337271234327703 0.0 0.6164173581698303 0.0 0.02246766101597446 0.022467661015974465 0.022467661015974458 0.0224676610173003 1.5524735588317693 0.0 -5.602146881773344e-06 0.003742698886405218 0.0 0.0
0.0 0.0016602988358566096 0.0 0.6153582479167831 0.0 0.023120327576299275 0.023120327576299296 0.02312032757629929 0.023120327576299282 1.5524735588154288 0.0 -5.60214700911414e-06 0.0037426988864586405 0.0 0.0
0.0 0.0015832244361280807 0.0 0.6142366812979311 0.0 0.02380214912893794 0.023802149128937928 0.023802149128937935 0.023802149127450364 1.5524735587985354 0.0 -5.602147155943326e-06 0.003742698886515905 0.0 0.0
0.0 0.0015030391377733746 0.0 0.6130627211614197 0.0 0.024509141105574752 0.02450914110557476 0.02450914110557476 0.024509141105577666 1.5524735587813707 0.0 -5.602147300191201e-06 0.003742698886572689 0.0 0.0
0.0 0.0014202852849347913 0.0 0.6118444410207197 0.0 0.02523656562140798 0.02523656562140798 0.025236565621407983 0.025236565621404968 1.5524735587651235 0.0 -5.602147441348463e-06 0.003742698886626629 0.0 0.0
0.0 0.0013354796759764268 0.0 0.6105918999763953 0.0 0.025980688145757692 0.025980688145757685 0.0259806881457577 0.0259806881457577 1.5524735587498413 0.0 -5.602147560809319e-06 0.0037426988866744297 0.0 0.0
0.0 0.001249175939420117 0.0 0.6093151646241847 0.0 0.026737274075328988 0.026737274075328984 0.026737274075328995 0.026737274073645338 1.552473558736553 0.0 -5.60214765043453e-06 0.003742698886712992 0.0 0.0
0.0 0.001161938988139842 0.0 0.6080262946420337 0.0 0.027502592086393527 0.02750259208639352 0.027502592086393527 0.027502592084686004 1.5524735587254705 0.0 -5.602147691672978e-06 0.0037426988867391075 0.0 0.0
0.0 0.0010743168083265154 0.0 0.6067343600847817 0.0 0.028272155934723642 0.02827215593472364 0.028272155934715527 0.028272155933003227 1.5524735587177898 0.0 -5.602147697120389e-06 0.0037426988867523595 0.0 0.0
0.0 0.0009868743130002518 0.0 0.6054514206302011 0.0 0.029042234296132494 0.029042234296132487 0.029042234296132483 0.029042234296132483 1.5524735587132685 0.0 -5.602147648712236e-06 0.003742698886750515 0.0 0.0
0.0 0.0009001891878752512 0.0 0.604188543163045 0.0 0.029808594170702585 0.02980859417070259 0.029808594170702588 0.029808594170702588 1.5524735587126508 0.0 -5.602147556037763e-06 0.003742698886733599 0.0 0.0
0.0 0.0008147966464293301 0.0 0.6029557905315688 0.0 0.030567250989745425 0.030567250989745436 0.03056725098974543 0.030567250989745432 1.5524735587158207 0.0 -5.6021474300664154e-06 0.0037426988867034884 0.0 0.0
0.0 0.0007312078450323509 0.0 0.6017622252954271 0.0 0.031314218581097716 0.03131421858109774 0.03131421858109773 0.03131421858272817 1.552473558722717 0.0 -5.602147283987976e-06 0.0037426988866626804 0.0 0.0
0.0 0.0006446492045116991 0.0 0.6005411800712743 0.0 0.032092647547620645 0.032092647547620645 0.032092647545939 0.032092647547620645 1.5524735586872682 0.0 -5.602147315218338e-06 0.003742698886728188 0.0 0.0
0.0 0.0005505214967297561 0.0 0.5992210459923036 0.0 0.03294167992726764 0.03294167992726764 0.03294167992726764 0.03294167992726237 1.5524735585942513 0.0 -5.6021475804101015e-06 0.003742698886935211 0.0 0.0
0.0 0.00044962220570561606 0.0 0.5978029807441713 0.0 0.03385081583074072 0.03385081583074074 0.03385081583074074 0.03385081583074072 1.552473558489485 0.0 -5.602147942422052e-06 0.0037426988871779466 0.0 0.0
0.0 0.0003426243812560058 0.0 0.596279158154541 0.0 0.03480829067451302 0.034808290674513034 0.034808290674513034 0.03480829067452006 1.5524735583821667 0.0 -5.6021485247023576e-06 0.003742698887463464 0.0 0.0
0.0 0.00023008791712084115 0.0 0.5946347612724221 0.0 0.035801578541441934 0.03580157854144194 0.03580157854145011 0.035801578539215465 1.5524735582832159 0.0 -5.6021495111493936e-06 0.003742698887801551 0.0 0.0
0.0 0.00011256706538782219 0.0 0.5928539766067498 0.0 0.03681790186972993 0.03681790186972994 0.03681790186972994 0.03681790187210376 1.5524735582032385 0.0 -5.6021511056782975e-06 0.003742698888192667 0.0 0.0
0.0 -9.364018709120814e-06 0.0 0.5909180085390003 0.0 0.037843228107753736 0.037843228107753736 0.037843228107753736 0.037843228107753715 1.5524735581547764 0.0 -5.602153636171046e-06 0.0037426988886330287 0.0 0.0
0.0 -0.00013504623454990277 0.0 0.5888100695231618 0.0 0.038863027821473176 0.038863027821473155 0.03886302782147317 0.03886302782147311 1.5524735581460856 0.0 -5.602157459054591e-06 0.003742698889099559 0.0 0.0
0.0 -0.0002637298941710064 0.0 0.5865163766276205 0.0 0.03986252634248701 0.039862526342487055 0.03986252634248705 0.03986252634247195 1.5524735581802809 0.0 -5.602162984191508e-06 0.003742698889553039 0.0 0.0
0.0 -0.0003943879064866288 0.0 0.5840331573006932 0.0 0.04082646495233063 0.04082646495233064 0.04082646495233064 0.040826464952330666 1.5524735582555438 0.0 -5.602170391117347e-06 0.0037426988899180703 0.0 0.0
0.0 -0.0005257229076009419 0.0 0.5813686387051881 0.0 0.04173985419791131 0.04173985419791132 0.04173985419791132 0.041739854195196185 1.552473558362172 0.0 -5.602179478563244e-06 0.003742698890110023 0.0 0.0
0.0 -0.0006562337912394443 0.0 0.5785410433924815 0.0 0.04258822072475818 0.04258822072475818 0.04258822072475818 0.04258822072475818 1.5524735584855882 0.0 -5.602189666981341e-06 0.0037426988900642493 0.0 0.0
0.0 -0.0007842130432942834 0.0 0.5755855575907365 0.0 0.04335986884775333 0.04335986884775332 0.04335986884775332 0.043359868847753356 1.5524735586061742 0.0 -5.60219935720548e-06 0.003742698889752539 0.0 0.0
0.0 -0.0009077508972369966 0.0 0.572550348793093 0.0 0.04404462396410787 0.04404462396410787 0.04404462396410787 0.04404462396410787 1.5524735587107916 0.0 -5.602206601288593e-06 0.003742698889200517 0.0 0.0
0.0 -0.0010249491836983203 0.0 0.5694945314550767 0.0 0.04463607968368986 0.04463607968368985 0.04463607968368985 0.04463607968243533 1.5524735587898086 0.0 -5.6022094819873095e-06 0.003742698888507428 0.0 0.0
0.0 -0.0011338732164991264 0.0 0.5664901675744946 0.0 0.045131601043293605 0.045131601043293584 0.0451316010432936 0.04513160104329359 1.552473558841967 0.0 -5.602206433766768e-06 0.0037426988877925986 0.0 0.0
0.0 -0.0012328051373537484 0.0 0.5636132566098866 0.0 0.045532810148237166 0.045532810148237166 0.045532810148237166 0.04553281014823644 1.5524735588717211 0.0 -5.602197767952337e-06 0.0037426988871756247 0.0 0.0
0.0 -0.001320243915469661 0.0 0.5609437354763275 0.0 0.045845586163539495 0.045845586163539495 0.045845586163539495 0.04584558616217492 1.552473558886207 0.0 -5.6021851267077925e-06 0.003742698886723157 0.0 0.0
0.0 -0.0013950297867261349 0.0 0.5585564946855652 0.0 0.04607880068852664 0.04607880068852664 0.046078800686149106 0.046078800686149106 1.5524735588921805 0.0 -5.602171572942062e-06 0.0037426988864425396 0.0 0.0
0.0 -0.0014562720822573004 0.0 0.5565243791984634 0.0 0.046244322561072075 0.046244322561072075 0.046244322561072075 0.046244322561072075 1.5524735588942025 0.0 -5.60215984114318e-06 0.003742698886297793 0.0 0.0
0.0 -0.0015070686149407438 0.0 0.5547810626897836 0.0 0.046362549050174784 0.04636254905017479 0.0463625490462699 0.046362549046310854 1.5524735588947154 0.0 -5.602153806903663e-06 0.003742698886245288 0.0 0.0
0.0 -0.001551626496186948 0.0 0.5532072372144292 0.0 0.04645154208273561 0.046451542082753636 0.046451542082753636 0.046451542082753636 1.5524735588948386 0.0 -5.602151398904272e-06 0.0037426988862281647 0.0 0.0
0.0 -0.0015907797348609545 0.0 0.5517887975236441 0.0 0.046518030232544944 0.04651803023254495 0.04651803023254495 0.0465180302383377 1.5524735588948786 0.0 -5.602149759021897e-06 0.0037426988862200726 0.0 0.0
0.0 -0.001625305605473583 0.0 0.5505086637563068 0.0 0.04656698699970068 0.04656698699970069 0.0465669869927081 0.04656698699270795 1.5524735588948915 0.0 -5.602148677531595e-06 0.0037426988862163104 0.0 0.0
0.0 -0.0016559983089104986 0.0 0.5493467664282419 0.0 0.04660263094183883 0.04660263094183883 0.04660263094183883 0.04660263093351141 1.5524735588948952 0.0 -5.6021479868173685e-06 0.003742698886214607 0.0 0.0
0.0 -0.0016835968008590376 0.0 0.5482830472982376 0.0 0.046628430521884257 0.04662843052188397 0.04662843052188397 0.04662843052173612 1.5524735588948964 0.0 -5.602147549830692e-06 0.0037426988862138697 0.0 0.0
0.0 -0.001708711131440333 0.0 0.5472974743584623 0.0 0.04664610393562807 0.04664610393562807 0.04664610393562807 0.04664610393565283 1.5524735588948966 0.0 -5.602147277028895e-06 0.0037426988862135223 0.0 0.0
0.0 -0.0017320844098206315 0.0 0.5463660069514732 0.0 0.046657863040090244 0.04665786304009025 0.046657863040090244 0.046657863021888485 1.5524735588948966 0.0 -5.602147122384225e-06 0.0037426988862133783 0.0 0.0
0.0 -0.001754253025814782 0.0 0.5454686280600688 0.0 0.04666442585566244 0.04666442585566458 0.04666442588716628 0.04666442585685229 1.5524735588948966 0.0 -5.602147038258987e-06 0.0037426988862133154 0.0 0.0
0.0 -0.0017758255408922066 0.0 0.5445823198012287 0.0 0.04666650564992792 0.04666650564992792 0.046666505649927914 0.04666650565895289 1.5524735588948966 0.0 -5.602147014471436e-06 0.0037426988862132872 0.0 0.0
0.0 -0.0017973312140719027 0.0 0.5436850758233939 0.0 0.046664067122618814 0.0466640671226188 0.04666406712261881 0.04666406712261881 1.5524735588948966 0.0 -5.602147043168813e-06 0.0037426988862132816 0.0 0.0
0.0 -0.001819323361593673 0.0 0.5427538894864148 0.0 0.04665707339363471 0.046657073393634715 0.04665707339363471 0.046657073393634715 1.5524735588948966 0.0 -5.60214713392426e-06 0.003742698886213232 0.0 0.0
0.0 -0.0018422391670864097 0.0 0.5417667731768036 0.0 0.046644238998669554 0.04664423899866957 0.04664423899866956 0.046644238998710216 1.5524735588948968 0.0 -5.602147305704712e-06 0.0037426988862130743 0.0 0.0
0.0 -0.0018665342292497424 0.0 0.5407017355336742 0.0 0.04662452850889794 0.04662452850889794 0.04662452850889794 0.0466245285089833 1.5524735588948975 0.0 -5.602147599228453e-06 0.003742698886212698 0.0 0.0
0.0 -0.001892590486457673 0.0 0.5395368001866566 0.0 0.04659590634464678 0.04659590634464668 0.04659590634464678 0.04659590634464668 1.5524735588949004 0.0 -5.60214808427029e-06 0.003742698886211787 0.0 0.0
0.0 -0.0019207233475503735 0.0 0.5382519950906047 0.0 0.046556090097710154 0.046556090097710154 0.04655609009335592 0.046556090093355845 1.5524735588949103 0.0 -5.6021488607795624e-06 0.0037426988862097406 0.0 0.0
0.0 -0.0019512042604411574 0.0 0.536825366361513 0.0 0.04650154395472787 0.046501543954727866 0.046501543958157164 0.046501543954758154 1.5524735588949448 0.0 -5.602150115719945e-06 0.0037426988862050217 0.0 0.0
0.0 -0.001984171613934389 0.0 0.5352389687656437 0.0 0.046428238457641234 0.046428238457641234 0.046428238457641234 0.046428238457641234 1.5524735588950531 0.0 -5.602152073003786e-06 0.003742698886194743 0.0 0.0
0.0 -0.002019690136550025 0.0 0.5334748720606499 0.0 0.04633114398380808 0.046331143983808096 0.04633114398380809 0.04633114398379141 1.5524735588953789 0.0 -5.602155097115708e-06 0.003742698886172813 0.0 0.0
0.0 -0.0020577027820232684 0.0 0.5315171615727912 0.0 0.04620423397321212 0.04620423397321213 0.04620423397321215 0.04620423397196955 1.5524735588963097 0.0 -5.602159667269858e-06 0.00374269888612757 0.0 0.0
0.0 -0.0021088854047022544 0.0 0.5287505029284817 0.0 0.04599026217223611 0.04599026217223612 0.04599026217223611 0.04599026217224223 1.5524735589063776 0.0 -5.602199541772437e-06 0.003742698885724471 0.0 0.0
0.0 -0.0021776781821548716 0.0 0.5247350251115277 0.0 0.04560475896323233 0.04560475896323233 0.04560475896323233 0.045604758962536546 1.552473559017067 0.0 -5.602385169738703e-06 0.0037426988828536296 0.0 0.0
0.0 -0.0022534129462017266 0.0 0.5197565862062311 0.0 0.044996424407411514 0.044996424407411514 0.04499642441003777 0.04499642441003785 1.552473559668177 0.0 -5.602723651237255e-06 0.0037426988732177833 0.0 0.0
0.0 -0.002324696147749025 0.0 0.5141479745260386 0.0 0.044119536823948605 0.044119536823948764 0.044119536828479036 0.044119536828479036 1.5524735623506414 0.0 -5.603108017461051e-06 0.0037426988513680538 0.0 0.0
0.0 -0.002380676345528792 0.0 0.5082697386093095 0.0 0.042944925958342636 0.04294492595834265 0.04294492595834264 0.042944925958446796 1.5524735706177237 0.0 -5.603365130377187e-06 0.0037426988158724933 0.0 0.0
0.0 -0.0024123679942290163 0.0 0.502481052473758 0.0 0.04146842835594635 0.041468428355946337 0.04146842835594634 0.041468428349085394 1.5524735903913847 0.0 -5.603388582474824e-06 0.0037426987748859384 0.0 0.0
0.0 -0.002413532866178679 0.0 0.49710568303165 0.0 0.03971169385749996 0.03971169385750015 0.039711693857500154 0.039711693857513206 1.552473558895135 0.0 -5.602146496014821e-06 0.003742698886213248 0.0 0.0
0.0 -0.0023814149414137734 0.0 0.49239206598683943 0.0 0.03771904040909468 0.037719040409094684 0.03771904040242729 0.0377190404090129 1.5524735588957739 0.0 -5.60214649770917e-06 0.0037426988862132326 0.0 0.0
0.0 -0.002316580329463047 0.0 0.48849933838548404 0.0 0.035550671953192524 0.03555067195319252 0.03555067195319253 0.03555067195319252 1.5524735588973515 0.0 -5.602146501913302e-06 0.0037426988862132075 0.0 0.0
0.0 -0.0022225407411705553 0.0 0.4854894953281695 0.0 0.0332749498161638 0.0332749498161638 0.03327494981616374 0.03327494981616374 1.5524735589003285 0.0 -5.602146509860185e-06 0.0037426988862131723 0.0 0.0
0.0 -0.002104961753545782 0.0 0.4833364990142587 0.0 0.03096059428033229 0.030960594280332307 0.030960594280332286 0.030960594280332317 1.5524735589047145 0.0 -5.6021465215746684e-06 0.0037426988862131285 0.0 0.0
0.0 -0.001970905438947456 0.0 0.4819463407296411 0.0 0.028672966097264906 0.02867296609726491 0.02867296609726491 0.028672966095012006 1.5524735589096488 0.0 -5.602146534755339e-06 0.0037426988862130778 0.0 0.0
0.0 -0.0018279895384238345 0.0 0.48118209678284607 0.0 0.02647085608192103 0.026470856081921037 0.026470856081921033 0.02647085608067626 1.5524735589134564 0.0 -5.602146544925822e-06 0.003742698886213059 0.0 0.0
0.0 -0.001683810088298048 0.0 0.48088793543387537 0.0 0.024406523602848004 0.02440652360284801 0.024406523602848 0.024406523603310245 1.5524735589142438 0.0 -5.602146547030087e-06 0.0037426988862130743 0.0 0.0
0.0 -0.0015455282939634389 0.0 0.48091010421930086 0.0 0.022526980445501034 0.02252698044550101 0.022526980445501023 0.022526980445501023 1.552473558911052 0.0 -5.602146538507188e-06 0.0037426988862131255 0.0 0.0
0.0 -0.001419601746985169 0.0 0.48111191554483185 0.0 0.02087526505488766 0.020875265054887657 0.02087526505488766 0.020875265054510865 1.552473558905014 0.0 -5.602146522385161e-06 0.0037426988862132005 0.0 0.0
0.0 -0.0013117223614222792 0.0 0.48138470863793076 0.0 0.01949321059060037 0.019493210590600368 0.019493210590600368 0.019493210590600614 1.5524735588990761 0.0 -5.602146506528873e-06 0.003742698886213253 0.0 0.0
0.0 -0.0012268276578058133 0.0 0.4816458564652963 0.0 0.018420941640022708 0.018420941640022715 0.01842094164002271 0.01842094164002271 1.5524735588957952 0.0 -5.602146497767247e-06 0.00374269888621328 0.0 0.0
0.0 -0.0011692584872355961 0.0 0.48184072556138274 0.0 0.017699672299187067 0.017699672299187057 0.0176996722991874 0.017699672299187185 1.552473581606331 0.0 -5.602207118863761e-06 0.003742698886126663 0.0 0.0
0.0 -0.001142830441105561 0.0 0.4819336973154622 0.0 0.017369721402906362 0.017369721402906362 0.017369721402906362 0.017369721402906362 1.552473560041465 0.0 -5.602149557052997e-06 0.00374269888620917 0.0 0.0
0.0 -0.0011337056440793556 0.0 0.48196641138811663 0.0 0.017256001740004037 0.01725600174000404 0.017256001740128528 0.017256001740004037 1.5524735589122405 0.0 -5.602146541685938e-06 0.00374269888621322 0.0 0.0
0.0 -0.001125622048881492 0.0 0.481993936661984 0.0 0.01715477814398059 0.017154778143980594 0.017154778143980642 0.01715477814398059 1.5524735589060088 0.0 -5.602146525043888e-06 0.003742698886213242 0.0 0.0
0.0 -0.0011184874186258018 0.0 0.4820162918515452 0.0 0.017064798231817772 0.01706479823181777 0.01706479823181777 0.01706479823181777 1.552473558901963 0.0 -5.602146514239143e-06 0.003742698886213258 0.0 0.0
0.0 -0.0011122040356622018 0.0 0.482034492235748 0.0 0.016985063454704786 0.016985063454704786 0.01698506345470475 0.016985063454669665 1.5524735588993257 0.0 -5.602146507196055e-06 0.003742698886213271 0.0 0.0
0.0 -0.0011066798245416417 0.0 0.4820485565524665 0.0 0.01691432362320867 0.01691432362320867 0.016914323623208646 0.01691432362320867 1.5524735588976808 0.0 -5.602146502803215e-06 0.00374269888621327 0.0 0.0
0.0 -0.0011018411248982962 0.0 0.4820584997919977 0.0 0.01685157858572136 0.01685157858572136 0.01685157858572134 0.016851578585740944 1.5524735588966425 0.0 -5.602146500030094e-06 0.0037426988862132777 0.0 0.0
0.0 -0.0010975109167129097 0.0 0.4820663487647613 0.0 0.01679508128500581 0.01679508128500581 0.01679508128500581 0.016795081285005824 1.5524735588960574 0.0 -5.602146498468074e-06 0.003742698886213279 0.0 0.0
0.0 -0.001093676427018306 0.0 0.4820711106772039 0.0 0.01674433004155309 0.016744330041553086 0.016744330041543267 0.016744330041543257 1.5524735588956604 0.0 -5.602146497407652e-06 0.0037426988862132794 0.0 0.0
0.0 -0.00109017047053313 0.0 0.4820748137510832 0.0 0.01669771251543445 0.01669771251543445 0.01669771251543445 0.01669771251543445 1.5524736277051232 0.0 -5.602326923580313e-06 0.0037426988865987693 0.0 0.0
0.0 -0.0010869226312184889 0.0 0.48207646971813645 0.0 0.016653941862396132 0.016653941862396136 0.01665394186239614 0.016653941862400073 1.5524736197092088 0.0 -5.602308143216134e-06 0.0037426988865539804 0.0 0.0
0.0 -0.00108384655560214 0.0 0.48207709545679406 0.0 0.016612175182140292 0.016612175182140292 0.0166121751821383 0.0166121751821383 1.5524736144066604 0.0 -5.602294591665934e-06 0.0037426988865242737 0.0 0.0
0.0 -0.0010808376891918822 0.0 0.48207571696993284 0.0 0.016570664651056888 0.016570664651056888 0.016570664651056888 0.016570664651056888 1.552473613863822 0.0 -5.6022936398432866e-06 0.003742698886521232 0.0 0.0
0.0 -0.0010778346572632366 0.0 0.48207334197225715 0.0 0.016528905110131213 0.016528905110131213 0.016528905110131213 0.016528905110127633 1.5524736146650604 0.0 -5.6022966821307795e-06 0.003742698886525721 0.0 0.0
0.0 -0.0010747571639567357 0.0 0.48206799622938545 0.0 0.01648514988740757 0.01648514988740756 0.01648514988740757 0.01648514988740757 1.5524736202831653 0.0 -5.60231757822782e-06 0.003742698886557195 0.0 0.0
0.0 -0.0010715015237164954 0.0 0.4820616914497446 0.0 0.016438647595131813 0.016438647595131813 0.016438647595131813 0.016438647595121075 1.5524736284290948 0.0 -5.602342220518802e-06 0.003742698886602832 0.0 0.0
0.0 -0.0010679939000458854 0.0 0.48205244778955914 0.0 0.016387737770043046 0.016387737770043046 0.01638773777004303 0.016387737770026972 1.5524735588957208 0.0 -5.602146497569255e-06 0.003742698886213278 0.0 0.0
0.0 -0.0010642113660989446 0.0 0.4820382866632624 0.0 0.0163314552310401 0.016331455231040078 0.016331455231040074 0.016331455231040074 1.5524735588961391 0.0 -5.6021464986860865e-06 0.0037426988862132755 0.0 0.0
0.0 -0.0010601127986198517 0.0 0.48201821749410506 0.0 0.01626891212831146 0.01626891212831146 0.01626891212831146 0.016268912128311427 1.5524735588968097 0.0 -5.602146500477734e-06 0.003742698886213266 0.0 0.0
0.0 -0.0010556117644054946 0.0 0.48199126247882873 0.0 0.016198606632490075 0.016198606632490075 0.016198606632490075 0.01619860663249007 1.552473558897985 0.0 -5.60214650361705e-06 0.0037426988862132556 0.0 0.0
0.0 -0.0010507548893235257 0.0 0.48195243516422476 0.0 0.016119530575463094 0.01611953057546309 0.016119530575463094 0.01611953057539384 1.5524735588999001 0.0 -5.602146508735436e-06 0.0037426988862132135 0.0 0.0
0.0 -0.0010456767210025096 0.0 0.48190071277610635 0.0 0.016033182579100354 0.016033182579100354 0.01603318257910044 0.016033182579008206 1.5524735589021108 0.0 -5.6021465146489374e-06 0.0037426988862131597 0.0 0.0
0.0 -0.0010405005227707462 0.0 0.4818370656226034 0.0 0.01594156454782504 0.015941564547825044 0.015941564547824937 0.015941564547824954 1.5524735589041836 0.0 -5.602146520200946e-06 0.0037426988862130834 0.0 0.0
0.0 -0.0010353112392886411 0.0 0.48175948563116355 0.0 0.01584517335065268 0.01584517335065268 0.015845173350652813 0.015845173350928773 1.552473558906467 0.0 -5.602146526331042e-06 0.003742698886212971 0.0 0.0
0.0 -0.001030036698905469 0.0 0.48167097366788203 0.0 0.01574401379887354 0.01574401379887354 0.015744013798716493 0.01574401379887354 1.5524735589091836 0.0 -5.602146533624178e-06 0.003742698886212851 0.0 0.0
0.0 -0.00102469531668373 0.0 0.4815715259851926 0.0 0.015638335929732596 0.015638335929732596 0.015638335929732596 0.015638335929556248 1.5524735589122347 0.0 -5.602146541827935e-06 0.003742698886212697 0.0 0.0
0.0 -0.0010192149209659802 0.0 0.48146414344921906 0.0 0.01552814455431855 0.01552814455431855 0.015528144554318371 0.015528144554128114 1.5524735589158019 0.0 -5.602146551407744e-06 0.003742698886212543 0.0 0.0
0.0 -0.0010135473973107237 0.0 0.48135082663736123 0.0 0.015413442879808881 0.015413442879808881 0.015413442879808881 0.015413442879808831 1.552473558919957 0.0 -5.602146562554353e-06 0.00374269888621239 0.0 0.0
0.0 -0.001007614931844897 0.0 0.481235572956882 0.0 0.015294487357860527 0.015294487357860528 0.015294487357860527 0.015294487357860717 1.5524735589245289 0.0 -5.602146574784818e-06 0.003742698886212272 0.0 0.0
0.0 -0.0010013085228649655 0.0 0.4811213907690331 0.0 0.01517078272531027 0.015170782725310647 0.015170782725310649 0.015170782725107974 1.5524735589303547 0.0 -5.602146590339244e-06 0.0037426988862121918 0.0 0.0
0.0 -0.000994478184754278 0.0 0.4810152783471899 0.0 0.015042590243305946 0.015042590243305948 0.015042590243306123 0.015042590243117661 1.5524735589367844 0.0 -5.602146607451281e-06 0.003742698886212219 0.0 0.0
0.0 -0.0009869852163997771 0.0 0.4809222408824614 0.0 0.01490966789333542 0.01490966789333542 0.014909667893169975 0.01490966789333542 1.552473558944553 0.0 -5.602146628121236e-06 0.0037426988862123345 0.0 0.0
0.0 -0.0009787036894317316 0.0 0.48084827635947663 0.0 0.014772275333275181 0.014772275333275183 0.014772275333275181 0.01477227533314363 1.5524735589530954 0.0 -5.602146650858288e-06 0.003742698886212532 0.0 0.0
0.0 -0.0009694411461037435 0.0 0.4808013870878904 0.0 0.014630425392360152 0.014630425392360152 0.014630425392360152 0.014630425392360154 1.5524735589628758 0.0 -5.602146676922684e-06 0.003742698886212776 0.0 0.0
0.0 -0.0009589938441225636 0.0 0.4807915684595905 0.0 0.014484634179726699 0.0144846341797267 0.014484634179726699 0.014484634179726699 1.5524735589729757 0.0 -5.6021467038691e-06 0.0037426988862129472 0.0 0.0
0.0 -0.0009472854580417301 0.0 0.48082580375759937 0.0 0.014336163104918925 0.014336163104918923 0.014336163104918923 0.014336163104918923 1.5524735589814458 0.0 -5.602146726492053e-06 0.0037426988862130266 0.0 0.0
0.0 -0.000934106603654055 0.0 0.4809150849149522 0.0 0.01418577992117851 0.014185779921178353 0.014185779921343417 0.01418577992117851 1.5524735589888712 0.0 -5.602146746324702e-06 0.0037426988862136242 0.0 0.0
0.0 -0.0009194489731885216 0.0 0.481067376765444 0.0 0.014035997824589978 0.014035997824589976 0.014035997824590236 0.014035997824866892 1.5524735589903953 0.0 -5.602146750207364e-06 0.003742698886214965 0.0 0.0
0.0 -0.0009032136729092558 0.0 0.4812936487566461 0.0 0.013889084794070698 0.013889084794070696 0.013889084794070696 0.013889084794070855 1.5524735589862158 0.0 -5.602146737990204e-06 0.003742698886217354 0.0 0.0
0.0 -0.0008855141701378929 0.0 0.4815998501547144 0.0 0.013748550973879314 0.013748550973879314 0.013748550973879314 0.013748550974417665 1.5524735589739038 0.0 -5.60214670172878e-06 0.0037426988862204716 0.0 0.0
