0.0 -0.00018757423114990505 0.0 0.6016080960050457 0.0 0.04380016231541746 0.043800162314925194 0.043800162359165035 0.04380016239085834 1.5524735624941823 0.0 -5.602155723056133e-06 0.0037426988829495403 0.0 0.0
0.0 -0.0001818063888450936 0.0 0.6017048092209014 0.0 0.04375335408188314 0.04375335408188314 0.04375335408188314 0.043753354082031 1.5524735854038023 0.0 -5.599724109155176e-06 0.0037426988863617917 0.0 0.0
0.0 -0.0001722867114393266 0.0 0.6018650320993185 0.0 0.043676295504414056 0.04367629550441406 0.04367629550465841 0.043676295504413695 1.552473558895127 0.0 -5.602146495268337e-06 0.0037426988862135236 0.0 0.0
0.0 -0.00015923988513678018 0.0 0.6020836874674717 0.0 0.043570377444261475 0.04357037744426085 0.04357037744426085 0.04357037744426085 1.552473558895723 0.0 -5.602146495093273e-06 0.0037426988862141303 0.0 0.0
0.0 -0.00014275366611312494 0.0 0.602360775561281 0.0 0.04343679820426865 0.04343679820426865 0.04343679820426865 0.0434367982038462 1.552473558897001 0.0 -5.6021464945787145e-06 0.0037426988862154457 0.0 0.0
0.0 -0.0001229738864120089 0.0 0.6026932805243368 0.0 0.04327655312532734 0.043276553125327334 0.043276553124820545 0.043276553124819594 1.5524735588992922 0.0 -5.60214649379661e-06 0.003742698886217774 0.0 0.0
0.0 -0.0001000704353072373 0.0 0.6030771862115238 0.0 0.043090635944662 0.043090635944662 0.04309063594407626 0.04309063594407626 1.5524735589029444 0.0 -5.602146493169466e-06 0.00374269888622137 0.0 0.0
0.0 -7.413538822059588e-05 0.0 0.603512473884938 0.0 0.04288029685121065 0.04288029685121065 0.04288029685121065 0.04288029685120869 1.5524735589082446 0.0 -5.602146491773984e-06 0.0037426988862266485 0.0 0.0
0.0 -4.5357049505352725e-05 0.0 0.6039951236519552 0.0 0.04264677962053391 0.04264677962053392 0.04264677962053303 0.04264677962053303 1.5524735589154612 0.0 -5.6021464908315754e-06 0.0037426988862336403 0.0 0.0
0.0 -1.3820363834609714e-05 0.0 0.6045231274399556 0.0 0.04239058112201185 0.04239058112201184 0.04239058112201184 0.04239058112120442 1.5524735589251657 0.0 -5.6021464908276325e-06 0.0037426988862427598 0.0 0.0
0.0 2.027359157535398e-05 0.0 0.6050934581498677 0.0 0.04211344680809929 0.04211344680809929 0.04211344680809929 0.042113446807228866 1.5524735589370717 0.0 -5.6021464914361105e-06 0.0037426988862537783 0.0 0.0
0.0 5.681581481418233e-05 0.0 0.6057031074203902 0.0 0.041815871945001 0.041815871945001 0.04181587194593414 0.04181587194500416 1.5524735589520409 0.0 -5.602146495332346e-06 0.0037426988862670017 0.0 0.0
0.0 9.564770097834022e-05 0.0 0.6063500521886572 0.0 0.041499353552111075 0.041499353552111075 0.041499353552109486 0.041499353552109486 1.5524735589695733 0.0 -5.6021465005880745e-06 0.0037426988862822187 0.0 0.0
0.0 0.00013664183306609615 0.0 0.6070312803459255 0.0 0.04116463693245881 0.04116463693245881 0.04116463693245881 0.04116463693246273 1.5524735589903873 0.0 -5.6021465107869585e-06 0.0037426988862994726 0.0 0.0
0.0 0.0001796523791099079 0.0 0.6077437760356689 0.0 0.0408127174263151 0.040812717426315086 0.040812717426315086 0.040812717426321136 1.55247355901439 0.0 -5.60214652674078e-06 0.003742698886318387 0.0 0.0
0.0 0.00022448539265525287 0.0 0.6084825228241981 0.0 0.04044458716695029 0.040444587166950284 0.040444587166950284 0.04044458716695237 1.5524735590416325 0.0 -5.602146553480981e-06 0.003742698886338066 0.0 0.0
0.0 0.000271048798364056 0.0 0.6092475019735487 0.0 0.04006149634170953 0.04006149634170953 0.04006149634289371 0.04006149634170953 1.552473559071633 0.0 -5.602146582087054e-06 0.0037426988863595734 0.0 0.0
0.0 0.00031912459251194495 0.0 0.6100326967612664 0.0 0.03966443548195052 0.03966443548195052 0.039664435481948146 0.03966443548073134 1.552473559104661 0.0 -5.602146626266883e-06 0.0037426988863805276 0.0 0.0
0.0 0.0003686037731529421 0.0 0.6108350988261698 0.0 0.03925389985270977 0.03925389985270975 0.039253899852709766 0.03925389985270743 1.5524735591417664 0.0 -5.602146684687618e-06 0.003742698886401889 0.0 0.0
0.0 0.00041932773567891356 0.0 0.6116526851052085 0.0 0.03883138646963216 0.03883138646963215 0.03883138646962996 0.03883138646963215 1.55247355918051 0.0 -5.602146749529199e-06 0.003742698886422945 0.0 0.0
0.0 0.0004825409961968667 0.0 0.6126619376987262 0.0 0.03830166232859688 0.03830166232859688 0.038301662328599835 0.03830166232859983 1.5524735596215853 0.0 -5.602147250939044e-06 0.0037426988867195576 0.0 0.0
0.0 0.0005680976744077012 0.0 0.6140081986004945 0.0 0.037578197306103865 0.037578197306103865 0.037578197306103865 0.03757819730610386 1.552473561514415 0.0 -5.602149724051796e-06 0.0037426988879069836 0.0 0.0
0.0 0.0006736518835769796 0.0 0.6156312668756122 0.0 0.03667314858524773 0.03667314858524772 0.036673148585247714 0.03667314858523821 1.5524735656494435 0.0 -5.6021565351352296e-06 0.0037426988901170435 0.0 0.0
0.0 0.0007964982964452119 0.0 0.6174529513997887 0.0 0.035597645286042506 0.03559764528603175 0.03559764528315983 0.0355976452831706 1.5524735733023642 0.0 -5.60217221323648e-06 0.0037426988932789326 0.0 0.0
0.0 0.0009336330334879315 0.0 0.6193780786437435 0.0 0.034361289995581204 0.034361289995575466 0.034361289995575466 0.03436128999557544 1.5524735862390384 0.0 -5.6022035486148325e-06 0.0037426988968537536 0.0 0.0
0.0 0.0010816132859916884 0.0 0.6212944618073227 0.0 0.032974065462171485 0.032974065462171465 0.03297406546215683 0.03297406546215686 1.5524735588950327 0.0 -5.602146495731703e-06 0.0037426988862132833 0.0 0.0
0.0 0.0012364151975726616 0.0 0.6230649163213123 0.0 0.03144563586540877 0.03144563586540876 0.031445635865408765 0.031445635865408765 1.5524735588952878 0.0 -5.602146496413458e-06 0.0037426988862132803 0.0 0.0
0.0 0.0013934284603633492 0.0 0.62453720298198 0.0 0.029788705894434876 0.02978870589442563 0.029788705894425647 0.029788705894434442 1.5524735588959286 0.0 -5.60214649812436e-06 0.003742698886213272 0.0 0.0
0.0 0.0015472799322698314 0.0 0.6255420069203917 0.0 0.028020757230966083 0.028020757230962864 0.028020757227519552 0.028020757227519552 1.552473558897407 0.0 -5.6021465020719136e-06 0.0037426988862132504 0.0 0.0
0.0 0.0016920086773052152 0.0 0.6259069074694488 0.0 0.026166267796130207 0.026166267796130228 0.026166267796129645 0.02616626779547045 1.5524735589004914 0.0 -5.602146510308093e-06 0.0037426988862132153 0.0 0.0
0.0 0.0018210318003378009 0.0 0.6254633389614143 0.0 0.024259473406170323 0.02425947340617032 0.024259473406170323 0.02425947340616975 1.552473558906081 0.0 -5.602146525233136e-06 0.003742698886213161 0.0 0.0
0.0 0.0019275222321326188 0.0 0.6240645846820049 0.0 0.022345146732117717 0.022345146732117706 0.022345146732117696 0.0223451467321177 1.5524735589143326 0.0 -5.602146547264296e-06 0.0037426988862130912 0.0 0.0
0.0 0.0020049011584265773 0.0 0.6216077757265323 0.0 0.02047913265663491 0.020479132656634917 0.020479132656634907 0.020479132656616703 1.552473558922863 0.0 -5.602146570034962e-06 0.003742698886213042 0.0 0.0
0.0 0.0020474664852382207 0.0 0.618053926754711 0.0 0.018726380040688884 0.01872638004068888 0.01872638004069411 0.018726380040688884 1.5524735589259684 0.0 -5.602146578315715e-06 0.003742698886213036 0.0 0.0
0.0 0.0020511885277216335 0.0 0.6134450195977746 0.0 0.017155718202060386 0.017155718202060386 0.01715571820206045 0.01715571819497425 1.552473558919067 0.0 -5.6021465598839154e-06 0.0037426988862130773 0.0 0.0
0.0 0.0020144718457122037 0.0 0.6079151076188783 0.0 0.01583312354180358 0.015833123541803582 0.015833123541803582 0.015833123541710504 1.5524735589062397 0.0 -5.602146525643873e-06 0.0037426988862131376 0.0 0.0
0.0 0.0019388054139364427 0.0 0.6016914434192838 0.0 0.014813219879677299 0.0148132198796773 0.014813219879786631 0.014813219870756615 1.5524735588974115 0.0 -5.602146502089438e-06 0.0037426988862132105 0.0 0.0
0.0 0.0018288788357829688 0.0 0.5950736102513504 0.0 0.014130810689462522 0.014130810689462526 0.014130810689462647 0.014130810689332004 1.5524735932394218 0.0 -5.603430758978282e-06 0.003742698811570693 0.0 0.0
0.0 0.0016923940134133798 0.0 0.5884025814535431 0.0 0.013793246809666728 0.01379324680966673 0.01379324680966673 0.013793246809666728 1.5524735613001472 0.0 -5.603422901301257e-06 0.0037426988661964553 0.0 0.0
0.0 0.001539118907546031 0.0 0.5820187900382212 0.0 0.013779507713569807 0.013779507713549213 0.013779507713549213 0.013779507881945395 1.552473558894913 0.0 -5.603248461376174e-06 0.0037426988861910403 0.0 0.0
0.0 0.0013682598322155581 0.0 0.5758105916966596 0.0 0.01406360693935384 0.014063606939353844 0.014063606939282956 0.014063606901440132 1.5524735588927063 0.0 -5.603166028172598e-06 0.003742698887821092 0.0 0.0
0.0 0.0011760834900787784 0.0 0.5696448393186677 0.0 0.014652577376498142 0.014652577376498947 0.014652577376055406 0.014652577376067061 1.552473558852904 0.0 -5.6031714085460995e-06 0.003742698893048167 0.0 0.0
0.0 0.0009699564439799558 0.0 0.563792781505029 0.0 0.01553535173013794 0.015535351730052696 0.01553535173013777 0.015535351733705627 1.5524735586795426 0.0 -5.603005837676151e-06 0.003742698900195544 0.0 0.0
0.0 0.0007575991268143448 0.0 0.5584809488147149 0.0 0.01668128751838477 0.01668128751838478 0.016681287518384776 0.016681287518384755 1.5524735582705311 0.0 -5.602747550717728e-06 0.0037426989059066843 0.0 0.0
0.0 0.0005462179039400938 0.0 0.5538710668126403 0.0 0.018045386043639904 0.018045386043637472 0.01804538604363994 0.01804538604363743 1.552473557606063 0.0 -5.602495098095378e-06 0.003742698907576241 0.0 0.0
0.0 0.000341723317702118 0.0 0.5500519333934513 0.0 0.019576280831699797 0.019576280831699794 0.01957628083169979 0.01957628083169983 1.5524735567794639 0.0 -5.602310844225748e-06 0.003742698904987776 0.0 0.0
0.0 0.0001484339585313824 0.0 0.5470423445752968 0.0 0.021221243121834876 0.021221243121831632 0.02122124312183165 0.021221243121831646 1.5524735559613607 0.0 -5.6022054127174395e-06 0.0037426988998650167 0.0 0.0
0.0 -3.1117778139759944e-05 0.0 0.5447990182667912 0.0 0.022931445321667247 0.022931445321667243 0.02293144532167011 0.022931445321670102 1.5524735553145723 0.0 -5.602157688558889e-06 0.0037426988944656175 0.0 0.0
0.0 -0.00019589581456000725 0.0 0.5432385521026892 0.0 0.024665246653398486 0.024665246653398483 0.02466524665577031 0.024665246655770308 1.5524735549323725 0.0 -5.602140695084875e-06 0.003742698890254436 0.0 0.0
0.0 -0.0003461254589815932 0.0 0.5422464299060574 0.0 0.02638795755897089 0.026387957558970884 0.026387957558970887 0.026387957560610888 1.5524735548411008 0.0 -5.602136384080819e-06 0.003742698887686429 0.0 0.0
0.0 -0.0004828250328978229 0.0 0.541698020259529 0.0 0.028072373444574035 0.028072373444574035 0.02807237344457183 0.028072373445545504 1.5524735550025621 0.0 -5.602136137946232e-06 0.0037426988864589185 0.0 0.0
0.0 -0.0006074420431540939 0.0 0.5414676090535565 0.0 0.029696788905762026 0.029696788905762037 0.029696788905762033 0.029696788905762033 1.5524735553581266 0.0 -5.602137042429293e-06 0.0037426988860450733 0.0 0.0
0.0 -0.0007214186648589495 0.0 0.5414434187838898 0.0 0.031244021645708404 0.031244021645708397 0.031244021645708397 0.0312440216457084 1.552473555838974 0.0 -5.602138331629697e-06 0.0037426988859917652 0.0 0.0
0.0 -0.0008260372937530597 0.0 0.5415256491798951 0.0 0.03269865890505636 0.03269865890505636 0.032698658905056605 0.03269865890505636 1.5524735563917924 0.0 -5.602139808295716e-06 0.003742698886025822 0.0 0.0
0.0 -0.0009221205726532008 0.0 0.5416404737496866 0.0 0.034047579945281466 0.03404757994528112 0.03404757994528113 0.034047579945462765 1.5524735569578925 0.0 -5.602141320214639e-06 0.0037426988860625203 0.0 0.0
0.0 -0.0010098938707137149 0.0 0.541735090803629 0.0 0.03527644755992551 0.03527644755992552 0.03527644755992552 0.03527644755992551 1.5524735575020783 0.0 -5.602142774490979e-06 0.0037426988861080607 0.0 0.0
0.0 -0.0010890788420010282 0.0 0.54178069058924 0.0 0.03637196315847313 0.03637196315847313 0.03637196315847314 0.0363719631585351 1.5524735579792144 0.0 -5.6021440495771e-06 0.00374269888614856 0.0 0.0
0.0 -0.0011588310540754493 0.0 0.5417704772018804 0.0 0.03732036338724388 0.03732036338724387 0.03732036338724388 0.03732036338724395 1.5524735583614433 0.0 -5.602145070639206e-06 0.003742698886176693 0.0 0.0
0.0 -0.0012178659153235054 0.0 0.5417136705988965 0.0 0.038107160461297744 0.03810716046129776 0.038107160461297744 0.03810716046129775 1.5524735586338911 0.0 -5.6021457982156855e-06 0.0037426988861970793 0.0 0.0
0.0 -0.001264678167601143 0.0 0.5416324757531108 0.0 0.03871913765976513 0.038719137659765125 0.038719137659765146 0.038719137659765444 1.552473558796691 0.0 -5.602146233009656e-06 0.003742698886208506 0.0 0.0
0.0 -0.0013033847935969285 0.0 0.541546958086206 0.0 0.03921908812512729 0.0392190881251273 0.03921908812512729 0.03921908812512701 1.5524735588502092 0.0 -5.602146375980714e-06 0.0037426988862116276 0.0 0.0
0.0 -0.001338739005858909 0.0 0.5414850166898886 0.0 0.03968106965662861 0.0396810696566286 0.039681069656628605 0.03968106965662883 1.5524735588617615 0.0 -5.602146406849549e-06 0.003742698886211684 0.0 0.0
0.0 -0.0013703674906851513 0.0 0.5414736031465216 0.0 0.04010887619169351 0.040108876191693496 0.04010887619166402 0.0401088761916935 1.552473558870149 0.0 -5.6021464292804965e-06 0.0037426988862116505 0.0 0.0
0.0 -0.0013980991827020057 0.0 0.5415266877697791 0.0 0.04050478052154191 0.04050478052154191 0.040504780521541904 0.04050478052154191 1.5524735588764826 0.0 -5.602146446168574e-06 0.0037426988862117793 0.0 0.0
0.0 -0.0014219130020413978 0.0 0.5416512426000196 0.0 0.04087079417374861 0.04087079417374901 0.040870794173748955 0.04087079417374935 1.5524735588812644 0.0 -5.602146458683633e-06 0.0037426988862109697 0.0 0.0
0.0 -0.001441950627199295 0.0 0.5418482341977048 0.0 0.04120916909194013 0.04120916909194013 0.04120916909194013 0.04120916909194013 1.5524735588848153 0.0 -5.602146467079954e-06 0.0037426988862095576 0.0 0.0
0.0 -0.0014584187776093647 0.0 0.5421136389226459 0.0 0.04152139908907008 0.04152139908907008 0.04152139908907008 0.041521399088649415 1.5524735588875045 0.0 -5.602146471469796e-06 0.003742698886208042 0.0 0.0
0.0 -0.0014715313034215963 0.0 0.5424454224692395 0.0 0.041809731297600704 0.04180973129760071 0.04180973129760071 0.04180973129710177 1.552473558889464 0.0 -5.602146471021724e-06 0.0037426988862065418 0.0 0.0
0.0 -0.0014815430385347976 0.0 0.5428375606198005 0.0 0.04207565632297127 0.04207565632297128 0.04207565632297128 0.04207565632297178 1.5524735588909275 0.0 -5.60214646582288e-06 0.0037426988862053943 0.0 0.0
0.0 -0.0014886494180057813 0.0 0.5432880228163088 0.0 0.042321171260288074 0.042321171260288074 0.042321171260288074 0.042321171260288074 1.552473558891987 0.0 -5.602146454799384e-06 0.003742698886204469 0.0 0.0
0.0 -0.0014930034046437112 0.0 0.5437957825370461 0.0 0.042548024769995814 0.042548024769995814 0.04254802476999582 0.04254802477060324 1.552473558892758 0.0 -5.6021464368177066e-06 0.003742698886203743 0.0 0.0
0.0 -0.0014946970738367604 0.0 0.5443608210441004 0.0 0.04275746704131705 0.04275746704131705 0.04275746704131794 0.04275746704131705 1.552473558893331 0.0 -5.6021464101494654e-06 0.003742698886203216 0.0 0.0
0.0 -0.0014937319142184447 0.0 0.5449861242132786 0.0 0.042950503035397866 0.042950503035397866 0.04295050303539687 0.04295050303539687 1.552473558893759 0.0 -5.602146370610511e-06 0.0037426988862028104 0.0 0.0
0.0 -0.0014900244698184545 0.0 0.5456766859928925 0.0 0.04312764084563702 0.04312764084563702 0.04312764084563703 0.04312764084563703 1.5524735588940848 0.0 -5.602146311714763e-06 0.0037426988862025137 0.0 0.0
0.0 -0.0014833935671174894 0.0 0.5464385156102585 0.0 0.04328839001783324 0.04328839001783324 0.04328839001783324 0.043288390018196767 1.5524735588943428 0.0 -5.6021462242257835e-06 0.00374269888620247 0.0 0.0
0.0 -0.0014735603150563693 0.0 0.5472786375716471 0.0 0.043431261550784354 0.043431261550784354 0.04343126155078435 0.043431261550784354 1.552473558894549 0.0 -5.602146094119802e-06 0.003742698886202874 0.0 0.0
0.0 -0.001460068802589538 0.0 0.5482061031936837 0.0 0.04355301938570865 0.04355301938570865 0.04355301938570865 0.04355301938604232 1.5524735588947123 0.0 -5.602145897636563e-06 0.003742698886204057 0.0 0.0
0.0 -0.00144245598788149 0.0 0.5492279744583018 0.0 0.04364967414423208 0.04364967414423208 0.04364967414423208 0.04364967414423845 1.552473558894823 0.0 -5.602145610570563e-06 0.003742698886206217 0.0 0.0
0.0 -0.0014200788318520943 0.0 0.5503473684062824 0.0 0.04371347946838731 0.04371347946838731 0.04371347946470681 0.043713479468401095 1.5524735588948824 0.0 -5.602145214160585e-06 0.0037426988862095975 0.0 0.0
0.0 -0.0013924074507748168 0.0 0.551560411300412 0.0 0.043735927663282756 0.04373592766328274 0.043735927663282756 0.04373592764579063 1.5524735588948964 0.0 -5.602144717002185e-06 0.0037426988862127608 0.0 0.0
0.0 -0.0013611988860970613 0.0 0.5527711878569265 0.0 0.04370936364543491 0.04370936364543491 0.04370936364543491 0.04370936365118662 1.5524735588948997 0.0 -5.602144717153799e-06 0.003742698886214833 0.0 0.0
0.0 -0.001329303799731277 0.0 0.5538855510151421 0.0 0.04364163790552955 0.04364163790552955 0.04364163790552955 0.04364163790552955 1.5524735588950354 0.0 -5.602145210549044e-06 0.0037426988862216616 0.0 0.0
0.0 -0.00129745730633592 0.0 0.5549003649916465 0.0 0.04354174698259923 0.04354174698259924 0.04354174698259924 0.04354174698260047 1.5524735588955556 0.0 -5.60214560763097e-06 0.003742698886228375 0.0 0.0
0.0 -0.001266139686544221 0.0 0.5558185182252549 0.0 0.04341719682034286 0.043417196820342854 0.043417196820342854 0.04341719682034219 1.5524735588964977 0.0 -5.60214590040157e-06 0.003742698886232512 0.0 0.0
0.0 -0.0012354531237721855 0.0 0.5566479530645183 0.0 0.043272000850424736 0.043272000850424736 0.043272000850422807 0.04327200085125935 1.5524735588978744 0.0 -5.602146102457799e-06 0.0037426988862346586 0.0 0.0
0.0 -0.001205433271884613 0.0 0.5573986161830735 0.0 0.04310992567443761 0.0431099256744376 0.04310992567443761 0.0431099256744376 1.5524735588995606 0.0 -5.602146237958664e-06 0.003742698886235157 0.0 0.0
0.0 -0.0011759910327657013 0.0 0.5580764980706102 0.0 0.04293173102683083 0.04293173102683082 0.04293173102683231 0.04293173102595444 1.5524735589017808 0.0 -5.602146333879478e-06 0.003742698886234897 0.0 0.0
0.0 -0.0011470019667501252 0.0 0.5586905825877034 0.0 0.04273868152755545 0.04273868152755545 0.04273868152755545 0.042738681527553855 1.5524735589044887 0.0 -5.602146399739098e-06 0.0037426988862341347 0.0 0.0
0.0 -0.0011182961846840096 0.0 0.5592448858795618 0.0 0.04252978344160368 0.04252978344160368 0.04252978344160473 0.04252978344160368 1.5524735589082146 0.0 -5.6021464505290405e-06 0.0037426988862332066 0.0 0.0
0.0 -0.0010897462696922895 0.0 0.5597424200550977 0.0 0.04230429146676666 0.04230429146676666 0.04230429146676666 0.04230429146676666 1.5524735589132284 0.0 -5.602146492339028e-06 0.00374269888623196 0.0 0.0
0.0 -0.0010611936169462476 0.0 0.5601852081771976 0.0 0.04206070858519237 0.04206070858519237 0.04206070858519237 0.042060708585191044 1.5524735589202359 0.0 -5.602146530707297e-06 0.0037426988862304736 0.0 0.0
0.0 -0.0010325517933323525 0.0 0.5605722724426281 0.0 0.04179753296883915 0.04179753296883916 0.041797532968201954 0.04179753296820143 1.5524735589299965 0.0 -5.60214657055037e-06 0.003742698886228453 0.0 0.0
0.0 -0.001003721592898498 0.0 0.5609016422546304 0.0 0.04151276111059481 0.04151276111059481 0.04151276111059481 0.04151276111059521 1.5524735589438818 0.0 -5.602146616798935e-06 0.0037426988862258393 0.0 0.0
0.0 -0.0009745981674925841 0.0 0.5611723435576006 0.0 0.04120464114660319 0.04120464114660319 0.04120464114660319 0.04120464114707484 1.552473558963356 0.0 -5.602146674225341e-06 0.0037426988862226595 0.0 0.0
0.0 -0.0009451488408700476 0.0 0.5613804014297153 0.0 0.04087141640278628 0.04087141640278627 0.04087141640278627 0.04087141640315818 1.5524735589905627 0.0 -5.602146749729377e-06 0.0037426988862188032 0.0 0.0
0.0 -0.0009152135200032328 0.0 0.5615248530581476 0.0 0.04051058490622135 0.04051058490622134 0.04051058490622135 0.04051058490622234 1.5524735590295249 0.0 -5.602146854810819e-06 0.0037426988862146724 0.0 0.0
0.0 -0.0008846039009936969 0.0 0.5616097183356342 0.0 0.04012090288729706 0.04012090288729706 0.04012090288729706 0.04012090288713563 1.5524735590827592 0.0 -5.602146997110155e-06 0.003742698886210995 0.0 0.0
0.0 -0.0008528824891731147 0.0 0.5616440448316499 0.0 0.03969938434306549 0.03969938434306549 0.03969938434306549 0.03969938434306549 1.5524735591593606 0.0 -5.602147201588076e-06 0.0037426988862080046 0.0 0.0
0.0 -0.0008195226914901336 0.0 0.5616428706050388 0.0 0.039243803002274404 0.039243803002274404 0.03924380300226761 0.03924380300226762 1.5524735592669634 0.0 -5.602147488875678e-06 0.003742698886205419 0.0 0.0
0.0 -0.000783533698027241 0.0 0.5616382498655521 0.0 0.038751209755320405 0.038751209755320405 0.038751209755320405 0.038751209755320405 1.5524735594207202 0.0 -5.602147899412971e-06 0.003742698886202315 0.0 0.0
0.0 -0.0007377319838253869 0.0 0.5616774326053198 0.0 0.03813916703686385 0.03813916703686383 0.03813916703686384 0.03813916703686384 1.552473560192045 0.0 -5.602149958886754e-06 0.0037426988861879156 0.0 0.0
0.0 -0.00067588755392738 0.0 0.5618114563735692 0.0 0.03733949718843868 0.03733949718843866 0.03733949718843867 0.037339497188696225 1.5524735628382824 0.0 -5.60215702426436e-06 0.003742698886155302 0.0 0.0
0.0 -0.0005983103275641821 0.0 0.5620830600231432 0.0 0.03637052298677442 0.036370522986774435 0.03637052298677442 0.0363705229867763 1.552473567906302 0.0 -5.602170553924111e-06 0.0037426988861617725 0.0 0.0
0.0 -0.0005057857623328238 0.0 0.5625159731788778 0.0 0.03525078727072166 0.03525078727072166 0.03525078727072165 0.03525078727072166 1.5524735761943327 0.0 -5.602192665229527e-06 0.003742698886311388 0.0 0.0
0.0 -0.0003995252162213909 0.0 0.5631139309345871 0.0 0.03399805071811213 0.03399805071811213 0.03399805071811343 0.03399805071811213 1.5524735885123873 0.0 -5.602225488821626e-06 0.0037426988867098857 0.0 0.0
0.0 -0.00028156248911172016 0.0 0.5638446645100712 0.0 0.03262942462743559 0.03262942462743558 0.03262942462743558 0.03262942462743559 1.552473558895028 0.0 -5.602146495718722e-06 0.003742698886213283 0.0 0.0
0.0 -0.00015454125309950943 0.0 0.5646459251494602 0.0 0.031160452003544 0.031160452003544014 0.031160452003544007 0.031160452003544014 1.5524735588952032 0.0 -5.60214649618686e-06 0.0037426988862132803 0.0 0.0
0.0 -2.1762603940155914e-05 0.0 0.5654244680255761 0.0 0.029605427919795837 0.02960542791979583 0.02960542791979583 0.029605427919795833 1.5524735588955603 0.0 -5.602146497139932e-06 0.0037426988862132742 0.0 0.0
0.0 0.00011284257372196292 0.0 0.5660610414231992 0.0 0.027978663742460285 0.027978663742460302 0.02797866374246029 0.02797866374246029 1.5524735588962502 0.0 -5.602146498982286e-06 0.003742698886213265 0.0 0.0
0.0 0.00024461870113968385 0.0 0.5664123567176084 0.0 0.026296432654672887 0.02629643265467289 0.02629643265467289 0.02629643265467289 1.5524735588975078 0.0 -5.602146502340872e-06 0.0037426988862132534 0.0 0.0
0.0 0.0003685433866400341 0.0 0.5663320644567714 0.0 0.024579003632530516 0.02457900363253051 0.024579003632530513 0.024579003632530516 1.5524735588996206 0.0 -5.602146507982403e-06 0.0037426988862132348 0.0 0.0
0.0 0.000479030501942377 0.0 0.5656717096791577 0.0 0.02285364350083696 0.022853643500836955 0.02285364350083696 0.022853643500835526 1.5524735589027077 0.0 -5.602146516225726e-06 0.0037426988862132035 0.0 0.0
0.0 0.0005705838809099304 0.0 0.5643117221257049 0.0 0.021155916830629493 0.021155916830629493 0.021155916830623338 0.021155916830629496 1.5524735589062542 0.0 -5.602146525693961e-06 0.0037426988862131858 0.0 0.0
0.0 0.0006380506648397649 0.0 0.5621704263333154 0.0 0.019529200294801943 0.019529200294808414 0.019529200294808417 0.019529200294808424 1.5524735589086875 0.0 -5.602146532188571e-06 0.0037426988862131728 0.0 0.0
0.0 0.0006773035241214169 0.0 0.5592270745080774 0.0 0.018022969287837642 0.01802296928783328 0.018022969287837646 0.018022969283178217 1.552473558907919 0.0 -5.602146530133439e-06 0.003742698886213187 0.0 0.0
0.0 0.0006860419896156148 0.0 0.5555399266735437 0.0 0.016687826033779947 0.016687826033779947 0.01668782603377995 0.01668782603382567 1.5524735589036183 0.0 -5.60214651864929e-06 0.003742698886213218 0.0 0.0
0.0 0.0006643392625948181 0.0 0.5512453665567958 0.0 0.015567746827887509 0.015567746827887514 0.015567746827887514 0.01556774682782534 1.552473558898586 0.0 -5.602146505215979e-06 0.003742698886213242 0.0 0.0
0.0 0.0006149044974711657 0.0 0.5465509942604597 0.0 0.014694224438667951 0.01469422443866795 0.0146942244385937 0.01469422443866145 1.5524736378347777 0.0 -5.6027532379821614e-06 0.0037426988225284516 0.0 0.0
0.0 0.0005431590958393832 0.0 0.5417137126446275 0.0 0.014078005051096078 0.014078005051096146 0.014078005051096146 0.014078005044257467 1.5524735824405291 0.0 -5.6026651796694006e-06 0.003742698849804633 0.0 0.0
0.0 0.00045654299974957847 0.0 0.537005793039275 0.0 0.013707355231592194 0.01370735523159213 0.013707355231581436 0.013707355231592128 1.5524735624424963 0.0 -5.602574997649849e-06 0.003742698872893612 0.0 0.0
0.0 0.0003585432244231938 0.0 0.5324448665321232 0.0 0.013540509165679315 0.013540509165679315 0.01354050916568171 0.013540509165681747 1.5524735590535597 0.0 -5.602525510714679e-06 0.0037426988835747286 0.0 0.0
0.0 0.00024955475833495964 0.0 0.5279444139141163 0.0 0.01354354605768075 0.013543546058945997 0.013543546057680735 0.013543546058946023 1.5524735588948952 0.0 -5.60251481452514e-06 0.0037426988862135748 0.0 0.0
0.0 0.0001330280842338293 0.0 0.5235907405710432 0.0 0.013697844981428692 0.013697844981428689 0.013697844981428684 0.013697844940239973 1.552473558894715 0.0 -5.602477680391081e-06 0.003742698886471952 0.0 0.0
0.0 1.186145226327656e-05 0.0 0.519444159977647 0.0 0.013983748818449054 0.013983748818432744 0.01398374881901787 0.013983748835859297 1.5524735588926053 0.0 -5.602426120340457e-06 0.003742698887018716 0.0 0.0
0.0 -0.0001116385450749212 0.0 0.5155449573371035 0.0 0.01438306899923253 0.014383068999232532 0.01438306899923253 0.01438306899079788 1.5524735588860301 0.0 -5.6023705867481035e-06 0.0037426988876118833 0.0 0.0
0.0 -0.0002355389478296512 0.0 0.511919406286982 0.0 0.014878094507459728 0.014878094507459725 0.014878094503185965 0.014878094503186043 1.5524735588736982 0.0 -5.602317933399246e-06 0.0037426988880880792 0.0 0.0
0.0 -0.0003584758631676382 0.0 0.5085777383536807 0.0 0.015453589081798167 0.015453589081798173 0.015453589081798171 0.015453589083675261 1.5524735588556677 0.0 -5.60227290599811e-06 0.0037426988883873338 0.0 0.0
0.0 -0.0004793034026013701 0.0 0.5055241683104346 0.0 0.01609530699487707 0.01609530699487707 0.01609530699487707 0.016095306995285073 1.552473558833355 0.0 -5.602236354244097e-06 0.0037426988884941854 0.0 0.0
0.0 -0.0005973004011145351 0.0 0.5027528705626062 0.0 0.01679148685245326 0.016791486852453255 0.01679148685193329 0.01679148685245897 1.552473558808251 0.0 -5.602208485358883e-06 0.0037426988884479945 0.0 0.0
0.0 -0.0007119892434052954 0.0 0.5002539883685876 0.0 0.01753236115117375 0.017532361151173754 0.017532361151163644 0.017532361148948242 1.5524735587817704 0.0 -5.602188024753538e-06 0.003742698888292843 0.0 0.0
0.0 -0.0008229716167987009 0.0 0.49801665345297 0.0 0.0183089108965514 0.018308910896551393 0.018308910896552743 0.018308910896552753 1.5524735587557206 0.0 -5.602173411418715e-06 0.0037426988880635576 0.0 0.0
0.0 -0.0009301889866846208 0.0 0.49602196525383435 0.0 0.019114104567891144 0.019114104567891123 0.01911410456789268 0.019114104567891133 1.5524735587307308 0.0 -5.602163525132256e-06 0.003742698887809964 0.0 0.0
0.0 -0.0010336098529945576 0.0 0.4942559946688239 0.0 0.01994291896035317 0.01994291896035477 0.01994291896035477 0.01994291896035317 1.5524735587066545 0.0 -5.602156845247576e-06 0.0037426988875512613 0.0 0.0
0.0 -0.0011332805296399302 0.0 0.4927008151936149 0.0 0.02079007442072184 0.02079007442072184 0.020790074420721845 0.02079007442072185 1.5524735586848497 0.0 -5.6021525209402735e-06 0.0037426988873058885 0.0 0.0
0.0 -0.00122945553799434 0.0 0.4913374625603341 0.0 0.021652790063793798 0.021652790063793798 0.021652790063785853 0.02165279006379225 1.552473558663787 0.0 -5.602149794417591e-06 0.0037426988870897277 0.0 0.0
0.0 -0.0013223228703109033 0.0 0.4901489768271996 0.0 0.022528038178199553 0.022528038178199553 0.02252803817819955 0.02252803817819955 1.5524735586442646 0.0 -5.602148096458375e-06 0.003742698886901713 0.0 0.0
0.0 -0.0014121810087608956 0.0 0.4891183755691439 0.0 0.023414291274995266 0.02341429127499526 0.02341429127499793 0.023414291275001883 1.5524735586250296 0.0 -5.602147058946111e-06 0.0037426988867447306 0.0 0.0
0.0 -0.001499346850951599 0.0 0.4882286726135498 0.0 0.02431027190451358 0.024310271904513577 0.024310271905811434 0.024310271905811434 1.5524735586059932 0.0 -5.602146434150916e-06 0.003742698886616823 0.0 0.0
0.0 -0.0015841741245606875 0.0 0.4874628742943616 0.0 0.025215202694274377 0.025215202694274373 0.025215202694272187 0.025215202694274377 1.5524735585866636 0.0 -5.602146058042447e-06 0.0037426988865154197 0.0 0.0
0.0 -0.0016670718022379469 0.0 0.4868039757029192 0.0 0.02612905638047902 0.026129056380479014 0.02612905637944143 0.026129056380482418 1.5524735585660494 0.0 -5.602145824648621e-06 0.0037426988864372184 0.0 0.0
0.0 -0.0017479362129848013 0.0 0.486241048613707 0.0 0.027046814584145443 0.02704681458414544 0.02704681458414543 0.02704681458414544 1.5524735585515703 0.0 -5.602145685604904e-06 0.003742698886372923 0.0 0.0
0.0 -0.0018264640965072897 0.0 0.48576917777805684 0.0 0.027962718424914948 0.02796271842491495 0.027962718424124098 0.02796271842491495 1.5524735585452103 0.0 -5.602145611552422e-06 0.003742698886318727 0.0 0.0
0.0 -0.0019027204926234478 0.0 0.4853833729945463 0.0 0.028876009757097768 0.028876009757097774 0.028876009757097764 0.028876009757097768 1.5524735585398497 0.0 -5.602145567279664e-06 0.003742698886275692 0.0 0.0
0.0 -0.001976818556813795 0.0 0.48507664348504703 0.0 0.029785927243563267 0.029785927243563267 0.029785927243020437 0.029785927243562882 1.5524735585355582 0.0 -5.602145542079819e-06 0.003742698886243333 0.0 0.0
0.0 -0.002048884217328901 0.0 0.4848429912645543 0.0 0.03069221122333154 0.030692211223331538 0.030692211223330743 0.030692211223331312 1.5524735585315965 0.0 -5.602145526131786e-06 0.003742698886219889 0.0 0.0
0.0 -0.0021189641000250326 0.0 0.4846774298799589 0.0 0.031593853530613523 0.031593853530613523 0.031593853530613523 0.031593853530613523 1.5524735585291978 0.0 -5.602145518259942e-06 0.00374269888620363 0.0 0.0
0.0 -0.002187202548104047 0.0 0.4845739575990816 0.0 0.03249084454092511 0.03249084454092511 0.03249084454092511 0.03249084454112874 1.552473558526795 0.0 -5.60214551186424e-06 0.003742698886193633 0.0 0.0
0.0 -0.0022537254898956772 0.0 0.48452657643722646 0.0 0.03338292459617955 0.03338292459617955 0.03338292459617955 0.03338292459617974 1.552473558524804 0.0 -5.602145506840298e-06 0.0037426988861884074 0.0 0.0
0.0 -0.002318616381543339 0.0 0.48453029244591805 0.0 0.03426958560398534 0.03426958560398534 0.03426958560398533 0.03426958560397473 1.5524735585236578 0.0 -5.602145503907217e-06 0.003742698886186988 0.0 0.0
0.0 -0.00238200115115239 0.0 0.4845791076404943 0.0 0.035150567904604 0.03515056790460402 0.035150567904604 0.035150567904531776 1.5524735585229645 0.0 -5.60214550199929e-06 0.0037426988861862325 0.0 0.0
0.0 -0.002443976027643874 0.0 0.48466902086631125 0.0 0.0360258650830758 0.03602586508307581 0.03602586508307581 0.0360258650830761 1.5524735585223137 0.0 -5.6021455000600415e-06 0.003742698886184019 0.0 0.0
0.0 -0.002504642882131555 0.0 0.4847950344272634 0.0 0.036895219084851244 0.036895219084851244 0.036895219084851244 0.036895219084640704 1.5524735585221343 0.0 -5.602145499262671e-06 0.003742698886180933 0.0 0.0
0.0 -0.0025641220007071304 0.0 0.48495214687975724 0.0 0.03775862189122036 0.037758621891220354 0.037758621891220354 0.03775862189122036 1.5524735585220097 0.0 -5.602145498485329e-06 0.00374269888617729 0.0 0.0
0.0 -0.002622539311771967 0.0 0.48513436023934936 0.0 0.03861581384416988 0.03861581384416987 0.03861581384416988 0.03861581384447893 1.552473558522378 0.0 -5.602145498951665e-06 0.0037426988861739424 0.0 0.0
0.0 -0.002680003816876806 0.0 0.4853386661446074 0.0 0.03946729020616592 0.03946729020616592 0.03946729020616592 0.03946729020616592 1.5524735585219356 0.0 -5.6021454971676315e-06 0.003742698886170428 0.0 0.0
0.0 -0.0027365565000684756 0.0 0.48556107468360193 0.0 0.04031229445379973 0.040312294453799725 0.04031229445379973 0.04031229445379988 1.5524735585228606 0.0 -5.602145499026985e-06 0.0037426988861673765 0.0 0.0
0.0 -0.0027923544772899054 0.0 0.48579657691751305 0.0 0.04115131864071051 0.04115131864071051 0.04115131864071035 0.04115131864071035 1.552473558522979 0.0 -5.602145498827608e-06 0.003742698886165119 0.0 0.0
0.0 -0.002847518034866004 0.0 0.4860401714027937 0.0 0.04198435475077355 0.04198435475077356 0.041984354750773736 0.041984354751188106 1.5524735585231615 0.0 -5.602145498952178e-06 0.0037426988861637704 0.0 0.0
0.0 -0.002902058457186042 0.0 0.48628986505718563 0.0 0.04281089950345423 0.04281089950345422 0.04281089950345422 0.04281089950345422 1.5524735585242984 0.0 -5.6021455016965956e-06 0.0037426988861628445 0.0 0.0
0.0 -0.002956127218099635 0.0 0.48654164548327467 0.0 0.04363169659311027 0.04363169659310946 0.04363169659310947 0.04363169659310946 1.5524735585241638 0.0 -5.602145501246899e-06 0.0037426988861627907 0.0 0.0
