0.0 0.0009516218373334317 0.0 0.6315185649828795 0.0 0.03811938695233822 0.03811938695119252 0.03811938699400184 0.038119386965250135 1.5524735765739053 0.0 -5.60219204691344e-06 0.0037426988828113132 0.0 0.0
0.0 0.001002196868439798 0.0 0.6313835291765083 0.0 0.037384763054906664 0.037384763054906664 0.037384763054906664 0.03738476305490629 1.552473561711739 0.0 -5.602154016830909e-06 0.0037426988861440796 0.0 0.0
0.0 0.0010522070347220834 0.0 0.6312563423111243 0.0 0.03666043254319311 0.03666043254319311 0.03666043254319311 0.03666043254319315 1.5524735617169194 0.0 -5.602154030554114e-06 0.0037426988861469315 0.0 0.0
0.0 0.0011016899834063395 0.0 0.6311399974756404 0.0 0.035946871275136655 0.03594687127513666 0.03594687127513669 0.03594687127494009 1.5524735617132426 0.0 -5.602154020522469e-06 0.0037426988861505536 0.0 0.0
0.0 0.0011506754135263818 0.0 0.6310364915002665 0.0 0.03524433250128566 0.035244332501285655 0.03524433250128566 0.03524433250128566 1.5524735617037655 0.0 -5.6021539950860945e-06 0.0037426988861541505 0.0 0.0
0.0 0.0011992170816345297 0.0 0.6309488215025343 0.0 0.034553071069479746 0.034553071069479746 0.034553071069479746 0.03455307106947977 1.5524735616881722 0.0 -5.602153953359155e-06 0.0037426988861579097 0.0 0.0
0.0 0.0012472653865018301 0.0 0.6308779727818282 0.0 0.033874088710026215 0.033874088710026215 0.03387408871002622 0.03387408871014205 1.5524735616540861 0.0 -5.602153862168775e-06 0.003742698886161704 0.0 0.0
0.0 0.0012948684404080714 0.0 0.6308259459150654 0.0 0.03320738866049357 0.03320738866049357 0.03320738866057518 0.03320738866057518 1.5524735616171377 0.0 -5.602153763450791e-06 0.003742698886165276 0.0 0.0
0.0 0.001341995056983843 0.0 0.6307937299480807 0.0 0.03255372261363022 0.03255372261363023 0.03255372261358429 0.03255372261363023 1.5524735615650864 0.0 -5.602153624440675e-06 0.0037426988861685075 0.0 0.0
0.0 0.001388674934395615 0.0 0.6307833217111996 0.0 0.03191334382964296 0.031913343829642955 0.03191334382963643 0.031913343829642955 1.552473561505815 0.0 -5.602153466191292e-06 0.003742698886170998 0.0 0.0
0.0 0.001434828771664797 0.0 0.6307937096724414 0.0 0.03128700080245667 0.03128700080245668 0.03128700080245668 0.0312870008024568 1.5524735614313052 0.0 -5.60215326737671e-06 0.0037426988861734758 0.0 0.0
0.0 0.0014804678522208144 0.0 0.6308268869144678 0.0 0.03067519682266393 0.030675196822663942 0.03067519682266394 0.03067519682266394 1.5524735613456526 0.0 -5.6021530387718855e-06 0.003742698886176959 0.0 0.0
0.0 0.0015255737603990208 0.0 0.6308828496894334 0.0 0.030078181936243606 0.030078181936243606 0.030078181936243606 0.03007818193635664 1.5524735612531304 0.0 -5.602152791860041e-06 0.003742698886180943 0.0 0.0
0.0 0.0015700431376276516 0.0 0.6309595861776675 0.0 0.02949670303500929 0.029496703035009276 0.029496703035009283 0.029496703035159392 1.5524735611463993 0.0 -5.602152507154365e-06 0.00374269888618576 0.0 0.0
0.0 0.0016138872675146294 0.0 0.6310590894609411 0.0 0.028931263410405972 0.02893126341040597 0.028931263410406013 0.02893126341040597 1.5524735610299918 0.0 -5.602152196568506e-06 0.003742698886191331 0.0 0.0
0.0 0.001657021205341562 0.0 0.6311793514670513 0.0 0.02838235993247379 0.028382359932473785 0.028382359932473785 0.028382359932700888 1.5524735609048752 0.0 -5.602151862694251e-06 0.0037426988861971092 0.0 0.0
0.0 0.0016994024780691123 0.0 0.6313193681595475 0.0 0.027850241044713106 0.027850241044713116 0.027850241044451846 0.027850241044451357 1.552473560775639 0.0 -5.602151517678482e-06 0.0037426988862030055 0.0 0.0
0.0 0.0017409333696086187 0.0 0.6314781242594175 0.0 0.02733590527590146 0.027335905275901465 0.027335905275901465 0.027335905275901465 1.5524735606330875 0.0 -5.602151137089668e-06 0.0037426988862086317 0.0 0.0
0.0 0.00178158982046426 0.0 0.6316546194781971 0.0 0.02683935105265449 0.0268393510526545 0.026839351052654493 0.026839351052654493 1.552473560492367 0.0 -5.6021507612123985e-06 0.0037426988862141208 0.0 0.0
0.0 0.0018212260002890938 0.0 0.6318458379592635 0.0 0.026361573692749038 0.026361573692749034 0.02636157369274903 0.026361573693100816 1.5524735603421633 0.0 -5.6021503598723986e-06 0.0037426988862186853 0.0 0.0
0.0 0.0018598306219397406 0.0 0.632049786620769 0.0 0.025902069952763673 0.02590206995276297 0.025902069952762972 0.025902069952762972 1.552473560202282 0.0 -5.602149986008004e-06 0.003742698886222449 0.0 0.0
0.0 0.0018972848871024177 0.0 0.6322584781434062 0.0 0.02545982686342108 0.025459826863421083 0.02545982686342108 0.025459826863041265 1.5524735600779007 0.0 -5.602149653674096e-06 0.0037426988862239927 0.0 0.0
0.0 0.0019335492999263601 0.0 0.6324649367396222 0.0 0.025033082948105998 0.025033082948105995 0.02503308294810529 0.025033082948105995 1.5524735599753399 0.0 -5.602149379796766e-06 0.0037426988862237663 0.0 0.0
0.0 0.0019685659507494525 0.0 0.6326621828736053 0.0 0.024620326746766338 0.024620326746765658 0.024620326747125148 0.024620326746766334 1.5524735598899717 0.0 -5.602149152014719e-06 0.0037426988862220264 0.0 0.0
0.0 0.0020023306867916935 0.0 0.6328462341284018 0.0 0.024220301649242583 0.024220301649242583 0.02422030164924195 0.0242203016489063 1.5524735598178832 0.0 -5.602148959752203e-06 0.003742698886219758 0.0 0.0
0.0 0.0020348521269414424 0.0 0.6330121152935767 0.0 0.02383124937991634 0.023831249379916333 0.023831249379916337 0.02383124937991634 1.552473559762436 0.0 -5.602148811939474e-06 0.0037426988862169545 0.0 0.0
0.0 0.0020661982900597115 0.0 0.6331588448181661 0.0 0.023451918135965262 0.023451918135965262 0.023451918135965262 0.023451918135964755 1.5524735597180428 0.0 -5.602148693530752e-06 0.003742698886214541 0.0 0.0
0.0 0.0020963409656293386 0.0 0.633281439996551 0.0 0.02308104970999478 0.023081049709994788 0.02308104970999478 0.023081049709766877 1.5524735596841275 0.0 -5.602148603037308e-06 0.003742698886211965 0.0 0.0
0.0 0.002125366586503095 0.0 0.6333789230254188 0.0 0.022717142275166365 0.022717142275166368 0.02271714227516637 0.022717142275166406 1.5524735596623367 0.0 -5.602148544822421e-06 0.00374269888620988 0.0 0.0
0.0 0.0021532766421004405 0.0 0.6334483080290224 0.0 0.022359190861681262 0.022359190861681266 0.022359190861681266 0.022359190861548434 1.552473559648331 0.0 -5.602148507336224e-06 0.003742698886208134 0.0 0.0
0.0 0.0021801335076702126 0.0 0.6334876169153157 0.0 0.02200569204436444 0.022005692044364453 0.022005692044364446 0.022005692044364446 1.5524735596463846 0.0 -5.602148502048222e-06 0.003742698886206922 0.0 0.0
0.0 0.0022059627296510446 0.0 0.633494864097165 0.0 0.021655642457917467 0.021655642457917453 0.02165564245791746 0.02165564245791746 1.5524735596526968 0.0 -5.602148518846092e-06 0.0037426988862063713 0.0 0.0
0.0 0.0022307417393883596 0.0 0.6334660634101186 0.0 0.02130803553838781 0.02130803553838781 0.021308035538387726 0.02130803553838781 1.552473559667853 0.0 -5.6021485593285605e-06 0.003742698886206167 0.0 0.0
0.0 0.0022545385546179136 0.0 0.6334002333033223 0.0 0.020961619499697347 0.02096161949969735 0.02096161949969735 0.020961619499697232 1.5524735596949495 0.0 -5.602148631762564e-06 0.003742698886205069 0.0 0.0
0.0 0.002277306549532674 0.0 0.6332923873235602 0.0 0.020615386171585166 0.020615386171585166 0.020615386171585023 0.020615386171773758 1.5524735597331336 0.0 -5.6021487339247005e-06 0.0037426988862026803 0.0 0.0
0.0 0.0022990287979380098 0.0 0.6331395358475241 0.0 0.02026858062853114 0.02026858062853064 0.02026858062853064 0.020268580628530566 1.5524735597814803 0.0 -5.602148863459718e-06 0.0037426988861987754 0.0 0.0
0.0 0.0023196105587941687 0.0 0.6329346918445566 0.0 0.019920191503335058 0.019920191503335058 0.019920191503335058 0.019920191503335266 1.552473559844372 0.0 -5.602149032421362e-06 0.0037426988861923526 0.0 0.0
0.0 0.0023390349058337585 0.0 0.6326748656913397 0.0 0.01956946387170163 0.019569463871701633 0.019569463871701633 0.019569463871701633 1.5524735599215247 0.0 -5.602149240487299e-06 0.0037426988861831534 0.0 0.0
0.0 0.002357109382068789 0.0 0.6323520550779316 0.0 0.019216384892214163 0.019216384892214163 0.019216384892214163 0.019216384892213847 1.5524735600062785 0.0 -5.602149470983681e-06 0.0037426988861694213 0.0 0.0
0.0 0.002373678358777651 0.0 0.6319582651900703 0.0 0.018860441676125807 0.018860441676127097 0.018860441676127097 0.018860441676127562 1.5524735601062989 0.0 -5.602149746339566e-06 0.0037426988861497656 0.0 0.0
0.0 0.0023883919600107017 0.0 0.6314934248226944 0.0 0.018506384797125023 0.018506384797125023 0.018506384797125023 0.018506384797123507 1.5524735601485746 0.0 -5.602149872822551e-06 0.003742698886127442 0.0 0.0
0.0 0.002400959700275323 0.0 0.6309614564307751 0.0 0.018159471431327085 0.018159471431327946 0.018159471431327946 0.018159471431327946 1.5524735601177124 0.0 -5.602149809847744e-06 0.0037426988861061984 0.0 0.0
0.0 0.0024113984971616707 0.0 0.6303653496391116 0.0 0.017820456622537468 0.017820456622537468 0.017820456622536503 0.01782045662253543 1.552473560075002 0.0 -5.602149722289521e-06 0.003742698886084516 0.0 0.0
0.0 0.002419695577227926 0.0 0.6297060972415005 0.0 0.017489842057105794 0.017489842057105794 0.017489842057106852 0.017489842057106856 1.5524735600242106 0.0 -5.602149622252421e-06 0.0037426988860624934 0.0 0.0
0.0 0.002425862224656022 0.0 0.6289856923199965 0.0 0.01716813101866435 0.01716813101866435 0.017168131017436868 0.017168131018665923 1.552473559965755 0.0 -5.602149511669029e-06 0.0037426988860409715 0.0 0.0
0.0 0.002429824780059892 0.0 0.6282041198844384 0.0 0.01685632364631251 0.016856323646312506 0.01685632364498623 0.016856323646313752 1.5524735598939032 0.0 -5.602149378380387e-06 0.003742698886020389 0.0 0.0
0.0 0.002431661055671366 0.0 0.6273653773421745 0.0 0.01655467641275682 0.01655467641275682 0.016554676412756816 0.016554676412755494 1.5524735598193398 0.0 -5.6021492479993495e-06 0.003742698886002382 0.0 0.0
0.0 0.0024313158069904773 0.0 0.62646945345038 0.0 0.016263939422839553 0.016263939422839546 0.016263939422839546 0.016263939419837493 1.5524735597370811 0.0 -5.602149112803349e-06 0.0037426988859863113 0.0 0.0
0.0 0.0024288003176967136 0.0 0.6255183412914151 0.0 0.015984615965275843 0.015984615965275846 0.015984615965274365 0.015984615965275846 1.5524735596516122 0.0 -5.602148983282877e-06 0.0037426988859733754 0.0 0.0
0.0 0.002424131514336009 0.0 0.624515030488636 0.0 0.015717460964199882 0.015717460964199882 0.015717460964196777 0.015717460964196777 1.552473559561949 0.0 -5.602148854924269e-06 0.003742698885965077 0.0 0.0
0.0 0.0024173150380863034 0.0 0.623460517583379 0.0 0.01546272607305844 0.015462726073056824 0.01546272607305844 0.015462726074785946 1.5524735594749366 0.0 -5.602148750422353e-06 0.003742698885959858 0.0 0.0
0.0 0.002408343758579408 0.0 0.6223567919102446 0.0 0.015221164607532105 0.015221164607532105 0.015221164607532107 0.015221164607532105 1.5524735593875674 0.0 -5.60214865976631e-06 0.0037426988859594512 0.0 0.0
0.0 0.0023972530168050537 0.0 0.6212068468402328 0.0 0.014993281460602 0.014993281460601998 0.014993281460602 0.01499328146060373 1.5524735593040355 0.0 -5.602148590412254e-06 0.0037426988859640994 0.0 0.0
0.0 0.002384011624715016 0.0 0.6200116714193983 0.0 0.014779828349156686 0.014779828349156686 0.014779828349156691 0.014779828351053565 1.5524735592244687 0.0 -5.602148548690677e-06 0.0037426988859732726 0.0 0.0
0.0 0.0023686492809825857 0.0 0.618773262477647 0.0 0.014581058528792098 0.0145810585287921 0.014581058528790285 0.014581058528790283 1.5524735591536454 0.0 -5.602148543648961e-06 0.003742698885986275 0.0 0.0
0.0 0.0023512013272314236 0.0 0.6174946133858464 0.0 0.014397476883037715 0.014397476883037713 0.014397476883035875 0.014397476883032776 1.5524735590909957 0.0 -5.6021485679821514e-06 0.0037426988860037366 0.0 0.0
0.0 0.0023316846899298044 0.0 0.6161787137674052 0.0 0.014229838336178299 0.014229838336178293 0.014229838336178293 0.014229838336183503 1.5524735590365342 0.0 -5.602148619154275e-06 0.0037426988860255295 0.0 0.0
0.0 0.0023100865958574418 0.0 0.6148265564160165 0.0 0.01407864457051987 0.01407864457051987 0.014078644570519865 0.014078644570525328 1.5524735589919565 0.0 -5.6021487104641935e-06 0.003742698886049827 0.0 0.0
0.0 0.00228646644382628 0.0 0.6134421349911866 0.0 0.013944402075484164 0.01394440207548416 0.013944402075484162 0.013944402075484162 1.5524735589571648 0.0 -5.6021488228441306e-06 0.0037426988860764844 0.0 0.0
0.0 0.0022608355182123694 0.0 0.6120274425751583 0.0 0.013827614132465417 0.013827614132465417 0.013827614132467199 0.013827614132473002 1.5524735589315857 0.0 -5.602148963687801e-06 0.0037426988861039216 0.0 0.0
0.0 0.002233164119706841 0.0 0.6105804823384048 0.0 0.013728027495784688 0.013728027495784688 0.013728027495784688 0.013728027495782993 1.5524735589147696 0.0 -5.602149158724859e-06 0.003742698886129266 0.0 0.0
0.0 0.00220344660646063 0.0 0.6091002577396308 0.0 0.013645390519849606 0.013645390519849594 0.013645390519852687 0.013645390519852694 1.5524735589045096 0.0 -5.602149398606658e-06 0.003742698886152232 0.0 0.0
0.0 0.0021719306818015734 0.0 0.6075947823306552 0.0 0.013578965916626886 0.013578965916626886 0.013578965916626886 0.01357896591523111 1.5524735588989738 0.0 -5.602149606691553e-06 0.003742698886172225 0.0 0.0
0.0 0.0021387734622832564 0.0 0.6060690650502105 0.0 0.013528261623930145 0.01352826162393014 0.013528261623929257 0.01352826162298668 1.5524735588962972 0.0 -5.602149793386832e-06 0.003742698886188617 0.0 0.0
0.0 0.0021041873096064446 0.0 0.6045281260796364 0.0 0.013492035468884712 0.01349203546888471 0.01349203546888471 0.01349203546873628 1.5524735588952647 0.0 -5.602149949734849e-06 0.0037426988862004607 0.0 0.0
0.0 0.0020683661703574823 0.0 0.6029769818526857 0.0 0.013469295316772633 0.013469295316774108 0.013469295316784478 0.013469295316774117 1.5524735588949548 0.0 -5.602150068528313e-06 0.003742698886208225 0.0 0.0
0.0 0.002031546463343792 0.0 0.6014216528393651 0.0 0.013458800597390594 0.01345880059738366 0.01345880060478562 0.013458800597383582 1.5524735588948997 0.0 -5.602150135294504e-06 0.003742698886212246 0.0 0.0
0.0 0.001993844321245228 0.0 0.5998631580665786 0.0 0.0134593033264578 0.01345930332645783 0.013459302418332417 0.013459301851873594 1.5524735588948966 0.0 -5.602150193992991e-06 0.003742698886213284 0.0 0.0
0.0 0.0019555329929464857 0.0 0.5983075254992063 0.0 0.013469061068526992 0.013469061068526992 0.013469061068600328 0.013469061068527 1.5524735588948966 0.0 -5.602150196040526e-06 0.003742698886213416 0.0 0.0
0.0 0.0019167767255310172 0.0 0.5967577747414613 0.0 0.01348683023455451 0.013486830234554506 0.013486830234595244 0.013486830234554506 1.5524735588948966 0.0 -5.602150169292903e-06 0.0037426988862136845 0.0 0.0
0.0 0.001877686009469322 0.0 0.595213928279002 0.0 0.013511109994683596 0.013511109994683586 0.01351111002605942 0.013511109994683593 1.5524735588948966 0.0 -5.6021501422059e-06 0.0037426988862140197 0.0 0.0
0.0 0.0018385100364307744 0.0 0.5936810137880114 0.0 0.01354015811951217 0.013540158119512173 0.013540158120289537 0.013540158145171755 1.5524735588948966 0.0 -5.602150067925584e-06 0.0037426988862143138 0.0 0.0
0.0 0.001799364939046646 0.0 0.5921600502953729 0.0 0.013572726014702542 0.013572726014702543 0.01357272603706533 0.013572726014723487 1.5524735588948964 0.0 -5.602149984915171e-06 0.0037426988862145627 0.0 0.0
0.0 0.00176045179452473 0.0 0.5906540649000692 0.0 0.013607068231660586 0.013607068231660583 0.013607068231660581 0.013607068231660585 1.5524735588948964 0.0 -5.602149875542845e-06 0.003742698886214673 0.0 0.0
0.0 0.0017218626782810505 0.0 0.5891630763402161 0.0 0.01364193458161138 0.013641934581610914 0.013641934561628636 0.013641934561609895 1.5524735588948961 0.0 -5.602149767906305e-06 0.0037426988862146993 0.0 0.0
0.0 0.0016837802524420232 0.0 0.5876901079671629 0.0 0.013675829624478051 0.013675829624478055 0.01367582962447805 0.013675829624496939 1.5524735588948964 0.0 -5.602149636327473e-06 0.0037426988862145913 0.0 0.0
0.0 0.0016463447068495376 0.0 0.5862371790962672 0.0 0.013707506408757364 0.013707506408757359 0.013707506408757368 0.01370750640875685 1.5524735588948964 0.0 -5.602149491290732e-06 0.003742698886214401 0.0 0.0
0.0 0.0016096594012125736 0.0 0.5848063015476872 0.0 0.01373621801838156 0.013736218018381556 0.013736218018360138 0.013736218018359551 1.5524735588948966 0.0 -5.602149334519323e-06 0.0037426988862141685 0.0 0.0
0.0 0.0015738829404239522 0.0 0.5833994983842888 0.0 0.013760467434074908 0.013760467434074912 0.013760467434124549 0.013760467434124563 1.5524735588948966 0.0 -5.602149167689746e-06 0.0037426988862139074 0.0 0.0
0.0 0.0015391186841968016 0.0 0.5820187814262221 0.0 0.01377950774987766 0.0137795077498765 0.01377950774987649 0.013779507749876494 1.5524735588948966 0.0 -5.602148992841238e-06 0.003742698886213654 0.0 0.0
0.0 0.0015056199777188394 0.0 0.5806731607666213 0.0 0.013792853333343975 0.013792853333343971 0.013792853333385962 0.013792853288552676 1.5524735588948966 0.0 -5.60214876445898e-06 0.0037426988862134638 0.0 0.0
0.0 0.0014734093896072774 0.0 0.5793666225703591 0.0 0.013801510699868201 0.0138015106998682 0.013801510699868184 0.01380151076435115 1.5524735588948966 0.0 -5.602148526158639e-06 0.0037426988862133575 0.0 0.0
0.0 0.0014423722758709282 0.0 0.5780951619354285 0.0 0.013805723554914032 0.01380572355491403 0.013805723554914023 0.013805723554929405 1.5524735588948966 0.0 -5.602148329029721e-06 0.0037426988862133003 0.0 0.0
0.0 0.0014122722177641123 0.0 0.5768527583917785 0.0 0.013806732579120901 0.0138067325791209 0.013806732233426738 0.013806732233426737 1.5524735588948966 0.0 -5.602148178115511e-06 0.0037426988862132894 0.0 0.0
0.0 0.001382976156207874 0.0 0.5756354032892971 0.0 0.013805030931990793 0.01380503093199079 0.013805030931993312 0.01380503092930002 1.5524735588948966 0.0 -5.602148056495237e-06 0.0037426988862132742 0.0 0.0
0.0 0.0013543085598432421 0.0 0.5744380839417564 0.0 0.013801361225399083 0.013801361225399421 0.013801361225759189 0.013801361225399421 1.5524735588948968 0.0 -5.602147965517734e-06 0.0037426988862132174 0.0 0.0
0.0 0.001326149142527068 0.0 0.5732557989055976 0.0 0.01379571527106831 0.01379571527106831 0.01379571527106831 0.01379571527106831 1.552473558894897 0.0 -5.6021479018041715e-06 0.0037426988862131164 0.0 0.0
0.0 0.0012983223728795796 0.0 0.5720835354945573 0.0 0.013788835163491648 0.013788835163491647 0.013788835163491648 0.013788835163491725 1.5524735588948972 0.0 -5.602147863143375e-06 0.0037426988862130314 0.0 0.0
0.0 0.0012707136069081612 0.0 0.5709172888061935 0.0 0.013780964526284484 0.013780964526290277 0.013780964526290277 0.013780964526348648 1.5524735588948975 0.0 -5.602147843522804e-06 0.003742698886212947 0.0 0.0
0.0 0.001243141671106146 0.0 0.5697510496131976 0.0 0.013772593813680643 0.013772593813680642 0.013772593813675356 0.013772593813675356 1.5524735588948977 0.0 -5.602147851752218e-06 0.003742698886212905 0.0 0.0
0.0 0.00121548627931543 0.0 0.5685798164720056 0.0 0.013763715007888139 0.013763715007888137 0.013763715007928874 0.01376371500788329 1.5524735588948981 0.0 -5.602147883597785e-06 0.0037426988862128505 0.0 0.0
0.0 0.0011875719001770513 0.0 0.5673985766963932 0.0 0.013755070205789206 0.013755070205789208 0.013755070205794424 0.013755070200218395 1.552473558894898 0.0 -5.602147940516851e-06 0.0037426988862128657 0.0 0.0
0.0 0.0011593023047741973 0.0 0.5662033291315087 0.0 0.01374665298897239 0.013746652989034755 0.013746652989034755 0.013746652988977945 1.552473558894898 0.0 -5.602148019735338e-06 0.003742698886212879 0.0 0.0
0.0 0.0011304963195870722 0.0 0.564988064550084 0.0 0.013738953815929622 0.013738953815929624 0.013738953815861241 0.013738953815854478 1.5524735588948975 0.0 -5.602148134730491e-06 0.0037426988862129342 0.0 0.0
0.0 0.0011010208855513103 0.0 0.5637487743020995 0.0 0.013732466346392823 0.013732466346392828 0.013732466346263286 0.013732466346263288 1.552473558894897 0.0 -5.6021482796841235e-06 0.003742698886213034 0.0 0.0
0.0 0.001070694829139788 0.0 0.5624794491603119 0.0 0.013727681034478571 0.013727681034478571 0.01372768103447857 0.013727681034478571 1.5524735588948968 0.0 -5.602148471942585e-06 0.003742698886213142 0.0 0.0
0.0 0.001039366676210982 0.0 0.5611760767271579 0.0 0.01372534157931941 0.013725341579319414 0.013725341579363311 0.013725341579319412 1.5524735588948966 0.0 -5.6021487075375736e-06 0.0037426988862132612 0.0 0.0
0.0 0.00100689772554977 0.0 0.5598336518116432 0.0 0.01372569000152335 0.01372569000152332 0.013725690000501728 0.013725689999979739 1.5524735588948966 0.0 -5.60214900211526e-06 0.0037426988862132907 0.0 0.0
0.0 0.0009730572005501257 0.0 0.5584471504849113 0.0 0.013730218507741797 0.013730218507720897 0.013730218507720895 0.013730218507720899 1.5524735588948966 0.0 -5.602149368416247e-06 0.0037426988862133176 0.0 0.0
0.0 0.0009376879849330791 0.0 0.5570115638083917 0.0 0.01373941917493374 0.013739419174933735 0.01373941918165788 0.013739419098802094 1.5524735588948966 0.0 -5.60214982190375e-06 0.0037426988862133905 0.0 0.0
0.0 0.000900818289424145 0.0 0.5555318744871035 0.0 0.013754550144224085 0.013754550144224087 0.013754550144226864 0.013754550194359838 1.5524735588948966 0.0 -5.602150278958228e-06 0.0037426988862135782 0.0 0.0
0.0 0.0008626774019978356 0.0 0.554016092325473 0.0 0.01377512427751288 0.013775124277514554 0.01377512423882503 0.013775124238825029 1.5524735588948966 0.0 -5.602150695185197e-06 0.0037426988862138393 0.0 0.0
0.0 0.0008233686823491045 0.0 0.5524662291440566 0.0 0.013800394555737453 0.01380039455573745 0.013800394555768189 0.01380039455573869 1.5524735588948966 0.0 -5.602151123520412e-06 0.003742698886214157 0.0 0.0
0.0 0.000782928960642614 0.0 0.5508822924381678 0.0 0.01382986097377621 0.013829860973776208 0.013829860974876746 0.01382986097377621 1.5524735588948964 0.0 -5.6021515865951514e-06 0.0037426988862145206 0.0 0.0
0.0 0.0007414800116311732 0.0 0.5492662977753231 0.0 0.01386252656905483 0.013862526569053936 0.013862526569080498 0.013862526570008008 1.5524735588948964 0.0 -5.602152058946042e-06 0.0037426988862148567 0.0 0.0
0.0 0.0006991379679514761 0.0 0.5476192641822022 0.0 0.013897142749720943 0.01389714274972094 0.013897142749746098 0.013897142776577331 1.5524735588948964 0.0 -5.602152551680355e-06 0.0037426988862151117 0.0 0.0
0.0 0.0006560005471050574 0.0 0.5459422069377778 0.0 0.013932711001507923 0.013932711001481596 0.013932710975272345 0.013932710974322636 1.5524735588948961 0.0 -5.6021530639948385e-06 0.0037426988862152926 0.0 0.0
0.0 0.0006121541823664677 0.0 0.5442341482390536 0.0 0.013967729434559867 0.013967729434559864 0.013967729434559874 0.013967729434559867 1.5524735588948964 0.0 -5.602153628061703e-06 0.0037426988862153125 0.0 0.0
0.0 0.0005677815358716043 0.0 0.542498111437077 0.0 0.014000702672043664 0.014000702672043668 0.014000702703879623 0.014000702672043664 1.5524735588948964 0.0 -5.602154178171057e-06 0.003742698886215153 0.0 0.0
0.0 0.000523035570365294 0.0 0.540735123053815 0.0 0.014029882063548556 0.014029882063548558 0.014029882063548558 0.014029882065309321 1.5524735588948966 0.0 -5.6021547442655004e-06 0.0037426988862148216 0.0 0.0
0.0 0.00047800271913530853 0.0 0.5389442052862923 0.0 0.014053765744713575 0.01405376574471357 0.01405376574471356 0.014053765792510917 1.5524735588948966 0.0 -5.602155364581956e-06 0.003742698886214353 0.0 0.0
0.0 0.000432878417200403 0.0 0.5371273886920733 0.0 0.014070356666442194 0.014070356666442194 0.014070356660289583 0.014070356660283874 1.5524735588948966 0.0 -5.602155981408394e-06 0.003742698886213836 0.0 0.0
0.0 0.0003878821569067969 0.0 0.5352877041176792 0.0 0.014077659292976014 0.014077659292976016 0.014077659292976023 0.014077659292976013 1.5524735588948966 0.0 -5.6021565679843455e-06 0.003742698886213405 0.0 0.0
0.0 0.0003431796739299609 0.0 0.5334251852917181 0.0 0.014073423293122996 0.014073423293122998 0.014073423293120857 0.014073423344765232 1.5524735588948968 0.0 -5.602157184923794e-06 0.003742698886213086 0.0 0.0
0.0 0.0002989961027057219 0.0 0.5315438596013282 0.0 0.014055904850969629 0.014055904850969627 0.014055904850969627 0.014055904857956651 1.552473558894916 0.0 -5.602157738375004e-06 0.0037426988862086074 0.0 0.0
0.0 0.00025560618075400716 0.0 0.5296467691360307 0.0 0.0140223583295684 0.014022358329568396 0.01402235832957009 0.014022358327778654 1.5524735588951406 0.0 -5.602158242865367e-06 0.003742698886195195 0.0 0.0
0.0 0.00021327187257326208 0.0 0.5277379487786082 0.0 0.013970539811347854 0.013970539811347858 0.01397053981134777 0.013970539811347856 1.552473558896286 0.0 -5.602158668124913e-06 0.003742698886168767 0.0 0.0
0.0 0.000172279199716414 0.0 0.5258224337005045 0.0 0.013898206981344037 0.013898206981344035 0.013898206981343027 0.013898206981336193 1.5524735589002343 0.0 -5.602158984914768e-06 0.003742698886124798 0.0 0.0
0.0 0.00013296794003146725 0.0 0.5239082561913628 0.0 0.013803372373025698 0.013803372373028821 0.013803372373028821 0.013803372374692797 1.5524735589109406 0.0 -5.602159116971858e-06 0.0037426988860596298 0.0 0.0
0.0 9.568500155454705e-05 0.0 0.5220014592072683 0.0 0.013683295211415883 0.013683295211415883 0.013683295211426904 0.013683295209368668 1.5524735589370324 0.0 -5.602159133994586e-06 0.0037426988859660245 0.0 0.0
0.0 6.0629971214996994e-05 0.0 0.5201080557234702 0.0 0.0135372350235811 0.013537235023581088 0.013537235023583255 0.013537235023583255 1.5524735589896186 0.0 -5.602159066373773e-06 0.003742698885848078 0.0 0.0
0.0 2.7539395785905655e-05 0.0 0.5182269967341685 0.0 0.013368440698884786 0.013368440698884784 0.013368440698887079 0.013368440701335329 1.5524735590693257 0.0 -5.602159099880734e-06 0.0037426988857251135 0.0 0.0
0.0 -4.080953127627233e-06 0.0 0.5163522093040618 0.0 0.01318165331483221 0.01318165331483221 0.01318165331483221 0.013181653314829818 1.5524735591663423 0.0 -5.602159335668157e-06 0.0037426988856102787 0.0 0.0
0.0 -3.479183274099264e-05 0.0 0.5144756161720895 0.0 0.012981860766150877 0.012981860766150878 0.012981860766148424 0.012981860763531236 1.552473559265289 0.0 -5.6021597850858074e-06 0.0037426988855102056 0.0 0.0
0.0 -6.517805704166462e-05 0.0 0.5125881397883104 0.0 0.012774049339337795 0.012774049339337793 0.012774049339337783 0.012774049339322689 1.5524735593484773 0.0 -5.6021604366168335e-06 0.0037426988854296324 0.0 0.0
0.0 -9.582444023127465e-05 0.0 0.5106807026027703 0.0 0.012563205325971851 0.012563205325971855 0.012563205325971865 0.012563205325969327 1.552473559399121 0.0 -5.602161266619249e-06 0.003742698885373481 0.0 0.0
0.0 -0.0001274913275260916 0.0 0.508739214380337 0.0 0.012355057106668604 0.012355057106668604 0.012355057106668605 0.012355057103926237 1.552473559398157 0.0 -5.602162406976729e-06 0.00374269888534828 0.0 0.0
0.0 -0.00016086125242003612 0.0 0.5067535822917261 0.0 0.01215558954026904 0.01215558954028822 0.012155589540274214 0.012155589540283047 1.5524735593410375 0.0 -5.6021638003670925e-06 0.003742698885365301 0.0 0.0
0.0 -0.00019669041002524844 0.0 0.5047136985186877 0.0 0.011971787659061081 0.011971787659061083 0.011971787659058507 0.011971787659061081 1.5524735592326229 0.0 -5.60216554436406e-06 0.0037426988854378745 0.0 0.0
0.0 -0.0002357902438723816 0.0 0.5026094440006675 0.0 0.011811386648367655 0.011811386648367655 0.011811386648367655 0.01181138665104027 1.5524735590999204 0.0 -5.602167824291227e-06 0.0037426988855725467 0.0 0.0
0.0 -0.0002788349868767055 0.0 0.5004386907420275 0.0 0.011682884663565235 0.011682884663565235 0.0116828846635827 0.011682884663580428 1.5524735589827843 0.0 -5.60217054358406e-06 0.0037426988857679326 0.0 0.0
0.0 -0.0003265668889143688 0.0 0.4982002922994695 0.0 0.011596031633951955 0.011596031633951953 0.011596031633953516 0.011596031633953518 1.5524735589138046 0.0 -5.602173804544751e-06 0.003742698885994187 0.0 0.0
0.0 -0.0003795003963390385 0.0 0.49590409790535905 0.0 0.01156109514740488 0.011561095147404882 0.01156109514740488 0.011561095145053673 1.5524735588954062 0.0 -5.602177083828072e-06 0.0037426988861763958 0.0 0.0
0.0 -0.0004379958114703479 0.0 0.49357093748012676 0.0 0.011589860564593003 0.011589860564593005 0.011589860647538345 0.011589860564663594 1.5524735588948966 0.0 -5.602179567594963e-06 0.003742698886216099 0.0 0.0
0.0 -0.0005021247520769314 0.0 0.4912336444075266 0.0 0.0116941326004796 0.011694132600479601 0.0116941326004796 0.011694132619157653 1.5524735588948595 0.0 -5.602180296280318e-06 0.003742698886249105 0.0 0.0
0.0 -0.0005714393750969754 0.0 0.488942079463829 0.0 0.011884242928240148 0.01188424292824015 0.011884242928240293 0.01188424292824015 1.5524735588944687 0.0 -5.60217819592893e-06 0.0037426988863275786 0.0 0.0
0.0 -0.0006448776336872311 0.0 0.48677011785145585 0.0 0.01217006168583705 0.01217006168583709 0.012170061685840183 0.012170061685840223 1.5524735588926848 0.0 -5.602172455640139e-06 0.003742698886445956 0.0 0.0
0.0 -0.0007206426783771879 0.0 0.4848077106098349 0.0 0.012556733947176716 0.012556733947176716 0.012556733947176716 0.012556733947176716 1.5524735588874272 0.0 -5.602164028097943e-06 0.00374269888656245 0.0 0.0
0.0 -0.0007958333794725877 0.0 0.48317091373092436 0.0 0.013042945491997368 0.013042945491997368 0.013042945491997896 0.013042945491435164 1.5524735588760554 0.0 -5.602155049444244e-06 0.003742698886599191 0.0 0.0
0.0 -0.0008666041084627297 0.0 0.4819899109269964 0.0 0.013619153307111876 0.013619153307111876 0.01361915330711291 0.013619153307112912 1.5524735588573217 0.0 -5.602148747320819e-06 0.0037426988864959327 0.0 0.0
0.0 -0.0009281783762872615 0.0 0.48138711218842245 0.0 0.014260549263842461 0.014260549263842464 0.014260549263843864 0.014260549262972664 1.552473558836439 0.0 -5.602146495885468e-06 0.0037426988863018475 0.0 0.0
0.0 -0.0009768147075718133 0.0 0.48140608080717406 0.0 0.014930446790448006 0.014930446790448002 0.014930446790448004 0.014930446790448006 1.5524735588242735 0.0 -5.602146306770019e-06 0.0037426988862073176 0.0 0.0
0.0 -0.0010101090353346579 0.0 0.48203934286642586 0.0 0.015593577750688845 0.015593577750688842 0.015593577751643143 0.015593577750690629 1.5524735588259677 0.0 -5.602146214818932e-06 0.003742698886122636 0.0 0.0
0.0 -0.001026708991063726 0.0 0.48324636246249075 0.0 0.016218121606098493 0.016218121606098496 0.016218121606098496 0.01621812160610242 1.552473558839751 0.0 -5.602145115378158e-06 0.0037426988859321384 0.0 0.0
0.0 -0.0010262093694419067 0.0 0.48496550768265556 0.0 0.01677822503721955 0.01677822503721955 0.016778225037219548 0.016778225038595555 1.5524735588586425 0.0 -5.602141326083752e-06 0.003742698885755279 0.0 0.0
0.0 -0.0010090870875282068 0.0 0.4871190408160235 0.0 0.01725476008852424 0.017254760088524244 0.017254760088523613 0.01725476008852424 1.5524735588756138 0.0 -5.602133871005017e-06 0.0037426988856908033 0.0 0.0
0.0 -0.0009764237829358236 0.0 0.48962312874167946 0.0 0.017634840130226963 0.017634840130226963 0.017634840130235262 0.017634840131219194 1.5524735588869865 0.0 -5.602123261607827e-06 0.0037426988857612855 0.0 0.0
0.0 -0.0009298095848095317 0.0 0.4923918440825073 0.0 0.017911826278841816 0.01791182627884182 0.01791182627884186 0.01791182627445414 1.5524735588926355 0.0 -5.602111372114647e-06 0.0037426988859182637 0.0 0.0
0.0 -0.0008709878977597068 0.0 0.49535117298383397 0.0 0.018085099796558597 0.01808509979655837 0.018085099796569755 0.018085099796569755 1.5524735588945429 0.0 -5.6021000248902725e-06 0.003742698886081012 0.0 0.0
0.0 -0.0008018892544022461 0.0 0.4984330358665828 0.0 0.018158552264095996 0.018158552264096 0.018158552222554334 0.018158552264097717 1.5524735588948837 0.0 -5.602091013027621e-06 0.003742698886187769 0.0 0.0
0.0 -0.0007242576843417218 0.0 0.5015892989517021 0.0 0.018140107888527372 0.018140107888527338 0.0181401078885069 0.01814010788852735 1.552473558894903 0.0 -5.602084488998734e-06 0.0037426988862253423 0.0 0.0
0.0 -0.0006397623816759227 0.0 0.50478179761881 0.0 0.018039957331762956 0.018039957331762956 0.018039957331762956 0.018039957331568948 1.5524735589042644 0.0 -5.6020805774007765e-06 0.0037426988865452175 0.0 0.0
0.0 -0.0005497642684935627 0.0 0.5079943286172393 0.0 0.0178713270193868 0.0178713270193868 0.017871327019386804 0.0178713270193868 1.5524735589708403 0.0 -5.602078006895707e-06 0.003742698887164399 0.0 0.0
0.0 -0.0004554389380799157 0.0 0.5112206803454601 0.0 0.017648209517184665 0.017648209517184668 0.017648209517184668 0.017648209517160528 1.5524735591327699 0.0 -5.602076134970063e-06 0.003742698887906551 0.0 0.0
0.0 -0.0003576706222253045 0.0 0.5144736129506451 0.0 0.017386878059879284 0.017386878059879256 0.017386878059879252 0.017386878059879284 1.5524735593578856 0.0 -5.60207318727091e-06 0.0037426988886077738 0.0 0.0
0.0 -0.0002573153326161265 0.0 0.5177708692919741 0.0 0.01710486396541982 0.017104863965419756 0.0171048639615313 0.01710486396152765 1.5524735595501196 0.0 -5.602068261058559e-06 0.003742698889130962 0.0 0.0
0.0 -0.00015500841082081236 0.0 0.5211431772357842 0.0 0.016820969556203373 0.016820969556203373 0.016820969556203342 0.01682096955226919 1.5524735596014438 0.0 -5.6020593809511415e-06 0.0037426988893735085 0.0 0.0
0.0 -5.172795941835239e-05 0.0 0.5246192041188747 0.0 0.016557994634642116 0.016557994634642116 0.016557994634642085 0.016557994638509717 1.552473559443087 0.0 -5.602045721670678e-06 0.0037426988891654353 0.0 0.0
0.0 5.128593166241942e-05 0.0 0.5282235823978271 0.0 0.01634098323696044 0.016340983236960444 0.01634098323699377 0.016340983236960444 1.5524735591628462 0.0 -5.6020268442766506e-06 0.0037426988884332623 0.0 0.0
0.0 0.00015210647127701987 0.0 0.5319668692965042 0.0 0.0161997078484982 0.0161997078484982 0.01619970784849665 0.016199707848496666 1.552473558945466 0.0 -5.60200394036013e-06 0.0037426988872596312 0.0 0.0
0.0 0.00025324053260869506 0.0 0.5360416855444627 0.0 0.016163482537148537 0.016163482537149006 0.016163482537149002 0.016163482521233577 1.5524735588950962 0.0 -5.601942306525181e-06 0.0037426988863013605 0.0 0.0
0.0 0.0003549262037438732 0.0 0.5405615542992833 0.0 0.01626649499571593 0.016266494995842363 0.01626649499583723 0.016266494995710767 1.5524735588948482 0.0 -5.601831119065545e-06 0.0037426988861002006 0.0 0.0
0.0 0.0004512402637933462 0.0 0.5453769570747441 0.0 0.016540260997197687 0.016540260997197694 0.01654026099719767 0.016540260997197687 1.5524735588927778 0.0 -5.601730758358133e-06 0.00374269888528288 0.0 0.0
0.0 0.0005365419729239239 0.0 0.5503135478467233 0.0 0.017004254478676286 0.01700425447867629 0.017004254478676293 0.017004254478666228 1.5524735588775949 0.0 -5.60167557978133e-06 0.0037426988833656758 0.0 0.0
0.0 0.000606144020885125 0.0 0.5551931929291396 0.0 0.017663690790604283 0.01766369079060428 0.01766369079060427 0.01766369078592252 1.5524735588238108 0.0 -5.6016847406387156e-06 0.003742698880516931 0.0 0.0
0.0 0.000656533191726898 0.0 0.5598469559227278 0.0 0.018510797734348373 0.018510797734348366 0.018510797734347315 0.01851079773432693 1.552473558698401 0.0 -5.601753720109281e-06 0.003742698877534627 0.0 0.0
0.0 0.0006858699214105418 0.0 0.5641351072424639 0.0 0.019524597650713325 0.01952459765071333 0.019524597650728767 0.019524597651710978 1.5524735584832197 0.0 -5.601855073564594e-06 0.0037426988754816395 0.0 0.0
0.0 0.0006937275111170241 0.0 0.5679530435530077 0.0 0.020676417891486547 0.020676417891486543 0.02067641789148861 0.02067641789148652 1.552473558190712 0.0 -5.601957526147686e-06 0.0037426988750273397 0.0 0.0
0.0 0.0006811797390543019 0.0 0.5712402642319109 0.0 0.021931655531489312 0.021931655531489267 0.021931655534257227 0.021931655531486665 1.5524735578707323 0.0 -5.6020384970817345e-06 0.0037426988761635827 0.0 0.0
0.0 0.0006503731639286286 0.0 0.5739763028151905 0.0 0.023254271594741447 0.023254271594741444 0.02325427159474145 0.023254271594736056 1.5524735575885562 0.0 -5.602091363175157e-06 0.003742698878309731 0.0 0.0
0.0 0.0006043685225841342 0.0 0.5761787038948223 0.0 0.024608288028854234 0.02460828802885423 0.02460828802885424 0.024608288031540106 1.5524735574061885 0.0 -5.602120370074995e-06 0.0037426988807092265 0.0 0.0
0.0 0.0005465645343025895 0.0 0.5778889703075117 0.0 0.02596101570014443 0.025961015700144432 0.025961015700144405 0.02596101569784041 1.5524735573536834 0.0 -5.602134139821114e-06 0.0037426988827991927 0.0 0.0
0.0 0.0004806866143910295 0.0 0.5791705700070119 0.0 0.027282551109352644 0.02728255110935265 0.027282551109349133 0.027282551109349133 1.5524735574348725 0.0 -5.602139923279495e-06 0.0037426988843099083 0.0 0.0
0.0 0.00041037077183363093 0.0 0.5800939204823664 0.0 0.028546502459622917 0.02854650245962292 0.028546502459622928 0.02854650245962292 1.5524735576245516 0.0 -5.602142351203725e-06 0.0037426988852557845 0.0 0.0
0.0 0.00033907301966330344 0.0 0.5807333841439596 0.0 0.02973023489559156 0.029730234895591564 0.0297302348955901 0.029730234896621115 1.5524735578797226 0.0 -5.602143598303669e-06 0.0037426988857716293 0.0 0.0
0.0 0.00026989117756669916 0.0 0.581155287353547 0.0 0.03081335107458065 0.030813351074580643 0.030813351073882736 0.03081335107388274 1.5524735581569897 0.0 -5.602144484478341e-06 0.0037426988860246838 0.0 0.0
0.0 0.00020571634491398623 0.0 0.5814219328280754 0.0 0.03177694747011012 0.03177694747011011 0.03177694747011012 0.03177694747011096 1.552473558416705 0.0 -5.602145210247373e-06 0.00374269888613594 0.0 0.0
0.0 0.0001489554983352318 0.0 0.5815815892609865 0.0 0.03260409842670935 0.03260409842670936 0.03260409842670937 0.03260409842670877 1.5524735586271456 0.0 -5.602145778842333e-06 0.0037426988861828108 0.0 0.0
0.0 0.00010175098248014895 0.0 0.5816715221686206 0.0 0.03327786068180088 0.03327786068180087 0.03327786068180087 0.033277860681801434 1.5524735587737881 0.0 -5.60214617170728e-06 0.003742698886202313 0.0 0.0
0.0 6.591249250730848e-05 0.0 0.5817189754437988 0.0 0.03378252515339213 0.03378252515339214 0.03378252515339213 0.033782525153392126 1.5524735588559007 0.0 -5.602146391201002e-06 0.003742698886210138 0.0 0.0
0.0 3.6511293200934794e-05 0.0 0.581746835490367 0.0 0.03419289161234469 0.034192891612344685 0.034192891612344685 0.034192891612344845 1.5524735588775598 0.0 -5.602146449064967e-06 0.0037426988862119715 0.0 0.0
0.0 7.5565244063379875e-06 0.0 0.5817658278509039 0.0 0.03459424224160015 0.03459424224160015 0.0345942422416001 0.034594242241627195 1.5524735588788274 0.0 -5.602146452454799e-06 0.003742698886212106 0.0 0.0
0.0 -2.0817268975601172e-05 0.0 0.5817769752999304 0.0 0.034985078458664116 0.03498507845866409 0.03498507845866412 0.03498507845867697 1.5524735588802614 0.0 -5.6021464562855e-06 0.0037426988862122494 0.0 0.0
0.0 -4.849395432704562e-05 0.0 0.5817812968640462 0.0 0.03536415167833091 0.035364151678330916 0.03536415167833091 0.03536415167833091 1.552473558881783 0.0 -5.602146460349939e-06 0.0037426988862123596 0.0 0.0
0.0 -7.535739902614659e-05 0.0 0.5817798115697783 0.0 0.035730213315453487 0.03573021331545349 0.03573021331545349 0.0357302133154635 1.5524735588833536 0.0 -5.602146464543625e-06 0.003742698886212482 0.0 0.0
0.0 -0.0001012489981433956 0.0 0.5817745424800322 0.0 0.036081766350821845 0.03608176635082185 0.03608176635082185 0.03608176635080515 1.5524735588849612 0.0 -5.602146468836585e-06 0.0037426988862125947 0.0 0.0
0.0 -0.00012607103414398005 0.0 0.5817665048737868 0.0 0.03641781223687276 0.03641781223687275 0.03641781223687275 0.03641781223687275 1.5524735588865066 0.0 -5.602146472963387e-06 0.0037426988862127113 0.0 0.0
0.0 -0.00014975548884616985 0.0 0.581754717200214 0.0 0.03673709918148185 0.036737099181481846 0.036737099181481846 0.036737099181481846 1.552473558887984 0.0 -5.602146476907852e-06 0.00374269888621282 0.0 0.0
0.0 -0.00017211970012456573 0.0 0.5817422028108766 0.0 0.03703813176893579 0.03703813176893579 0.03703813176893579 0.037038131768906794 1.552473558889377 0.0 -5.602146480627648e-06 0.0037426988862129143 0.0 0.0
0.0 -0.00019307159256386173 0.0 0.5817289804436465 0.0 0.037319659810531224 0.037319659810531224 0.03731965981053123 0.037319659810501324 1.5524735588906322 0.0 -5.6021464839798726e-06 0.003742698886213007 0.0 0.0
0.0 -0.00021251909077618062 0.0 0.5817150688363887 0.0 0.03758043311763303 0.03758043311763303 0.03758043311763303 0.03758043311760229 1.552473558891728 0.0 -5.602146486905884e-06 0.003742698886213079 0.0 0.0
0.0 -0.00023032200492788534 0.0 0.5817024873043872 0.0 0.03781920470870453 0.037819204708704535 0.037819204708704535 0.037819204708704535 1.55247355889265 0.0 -5.602146489368241e-06 0.0037426988862131363 0.0 0.0
0.0 -0.0002464123168484972 0.0 0.5816902542968156 0.0 0.03803472279161097 0.03803472279161098 0.03803472279161097 0.03803472279161097 1.5524735588933933 0.0 -5.602146491353497e-06 0.0037426988862131866 0.0 0.0
0.0 -0.00026067953607788736 0.0 0.5816783922991212 0.0 0.038225487140055185 0.03822548714005518 0.038225487140055185 0.03822548714005523 1.552473558893967 0.0 -5.602146492885699e-06 0.0037426988862132257 0.0 0.0
0.0 -0.00027304436015544226 0.0 0.5816679128427343 0.0 0.038390749244422755 0.038390749244422755 0.038390749244422755 0.03839074924442267 1.5524735588943697 0.0 -5.602146493960711e-06 0.003742698886213249 0.0 0.0
0.0 -0.00028333541123819054 0.0 0.5816598461969404 0.0 0.03852851040658283 0.03852851040658283 0.03852851040658283 0.038528510406582867 1.5524735588946408 0.0 -5.6021464946845885e-06 0.0037426988862132677 0.0 0.0
0.0 -0.0002915215013251096 0.0 0.5816532033157773 0.0 0.03863801890987047 0.03863801890987046 0.03863801890987047 0.038638018909856124 1.552473558894794 0.0 -5.602146495093806e-06 0.0037426988862132777 0.0 0.0
0.0 -0.000297492139955003 0.0 0.5816480066846845 0.0 0.03871777452804037 0.03871777452804037 0.03871777452804037 0.03871777452802923 1.5524735588948677 0.0 -5.6021464952905915e-06 0.003742698886213283 0.0 0.0
0.0 -0.00030114762258021257 0.0 0.5816452713083334 0.0 0.038766751501220914 0.03876675150122091 0.0387667515012149 0.0387667515012209 1.5524735449953002 0.0 -5.602111402060687e-06 0.003742698886135415 0.0 0.0
