0.0 -0.0011561157841348084 0.0 0.5832629883163227 0.0 0.05096625538930816 0.050966255389243265 0.05096625553636853 0.05096625542415186 1.552473559148621 0.0 -5.602146597246596e-06 0.003742698884536365 0.0 0.0
0.0 -0.001083587218342507 0.0 0.585215778177639 0.0 0.050620574560611274 0.05062057456061127 0.05062057456061127 0.050620574560605314 1.5524735589537952 0.0 -5.6021322911441214e-06 0.003742698886812339 0.0 0.0
0.0 -0.0010057868709604067 0.0 0.5873070052002276 0.0 0.050248611375651044 0.05024861137565103 0.05024861137736916 0.050248611375651044 1.5524735589754342 0.0 -5.602127612994124e-06 0.0037426988870164417 0.0 0.0
0.0 -0.0009228589723537888 0.0 0.589530667568078 0.0 0.04985035587281267 0.04985035587281613 0.04985035587281613 0.04985035587281615 1.5524735590030343 0.0 -5.60212207778494e-06 0.003742698887265233 0.0 0.0
0.0 -0.0008350129070506582 0.0 0.5918757733499914 0.0 0.04942504030361057 0.04942504030361057 0.04942504030362527 0.04942504030162522 1.5524735590388568 0.0 -5.6021159265504025e-06 0.003742698887562771 0.0 0.0
0.0 -0.0007424467752405962 0.0 0.5943333236953218 0.0 0.04897240019947718 0.04897240019946924 0.04897240019946921 0.04897240020160262 1.5524735590842438 0.0 -5.602109163286222e-06 0.003742698887912265 0.0 0.0
0.0 -0.0006453274893778878 0.0 0.5968933307086306 0.0 0.048491419383791805 0.04849141938379184 0.04849141938606338 0.04849141938379184 1.5524735591428709 0.0 -5.602101966243058e-06 0.0037426988883220757 0.0 0.0
0.0 -0.0005438757185133923 0.0 0.5995428093778068 0.0 0.0479808268292649 0.0479808268292649 0.04798082682926486 0.04798082683168822 1.552473559219002 0.0 -5.602094734787776e-06 0.0037426988887939517 0.0 0.0
0.0 -0.0004383177742869484 0.0 0.6022677781489999 0.0 0.04743909987133736 0.04743909987133737 0.047439099873916785 0.047439099871315456 1.552473559318443 0.0 -5.602087821549266e-06 0.003742698889331291 0.0 0.0
0.0 -0.0003288374961198004 0.0 0.6050552595041454 0.0 0.04686446741611955 0.04686446741611955 0.04686446741611955 0.04686446741612985 1.5524735594491328 0.0 -5.602081433485271e-06 0.0037426988899413945 0.0 0.0
0.0 -0.00021574465222362155 0.0 0.6078862779449219 0.0 0.0462548987147442 0.0462548987147442 0.046254898714769274 0.0462548987147442 1.5524735596220411 0.0 -5.602076464599738e-06 0.003742698890611701 0.0 0.0
0.0 -9.927683949994877e-05 0.0 0.6107448588333648 0.0 0.045608367836048415 0.045608367836048415 0.04560836783604846 0.04560836783607484 1.5524735598508101 0.0 -5.602072965674325e-06 0.003742698891345679 0.0 0.0
0.0 2.0202415944268222e-05 0.0 0.6136090295533986 0.0 0.044922589201805765 0.04492258920180576 0.044922589201805765 0.04492258920180582 1.5524735601554394 0.0 -5.60207186949347e-06 0.0037426988921159944 0.0 0.0
0.0 0.00014232958710020332 0.0 0.6164568174834321 0.0 0.044195277244452894 0.0441952772444529 0.04419527724445295 0.044195277244465404 1.5524735605614135 0.0 -5.602073415436801e-06 0.0037426988929029612 0.0 0.0
0.0 0.0002666746166255369 0.0 0.6192642456775539 0.0 0.043424393237973855 0.04342439323797385 0.04342439323797385 0.04342439324139582 1.5524735611001599 0.0 -5.602077912507003e-06 0.0037426988936639385 0.0 0.0
0.0 0.00039271121658680666 0.0 0.6220033360351995 0.0 0.04260789206917585 0.04260789206917586 0.042607892072645454 0.04260789206914861 1.5524735618157337 0.0 -5.602085695265532e-06 0.0037426988943370133 0.0 0.0
0.0 0.0005198522101846391 0.0 0.6246451026680724 0.0 0.041744227107551095 0.04174422710755109 0.04174422710755109 0.041744227107551136 1.5524735627584088 0.0 -5.602096514832342e-06 0.0037426988948532016 0.0 0.0
0.0 0.0006474254747035182 0.0 0.6271585516126439 0.0 0.040832348611837134 0.040832348611824186 0.04083234861182423 0.040832348611837176 1.55247356399009 0.0 -5.602109968272131e-06 0.0037426988951283447 0.0 0.0
0.0 0.0007745833548508343 0.0 0.6295076762198829 0.0 0.039871948951891875 0.03987194895189187 0.03987194895189187 0.039871948951891875 1.5524735655794244 0.0 -5.60212560169082e-06 0.0037426988950492474 0.0 0.0
0.0 0.0009004710633682165 0.0 0.6316584591692646 0.0 0.03886347383395402 0.038863473833954026 0.03886347383397236 0.03886347383395402 1.552473567603627 0.0 -5.6021422547891716e-06 0.0037426988945648255 0.0 0.0
0.0 0.0010272200967222523 0.0 0.6336202928129062 0.0 0.037780936273964956 0.03778093627396496 0.03778093627094873 0.03778093627094876 1.552473571342365 0.0 -5.602160603306228e-06 0.0037426988943800995 0.0 0.0
0.0 0.0011564368534450321 0.0 0.6353845455957556 0.0 0.036599570522446195 0.03659957052244621 0.03659957052245145 0.03659957052243346 1.5524735780322245 0.0 -5.602185120330465e-06 0.003742698894198445 0.0 0.0
0.0 0.0012859728435998263 0.0 0.6368771212075327 0.0 0.03532425806667498 0.03532425806667499 0.03532425806667499 0.035324258066670354 1.55247358736199 0.0 -5.6022162368672325e-06 0.0037426988928973355 0.0 0.0
0.0 0.0014136824258133812 0.0 0.6380298942431872 0.0 0.03396181175339859 0.033961811753398595 0.033961811753398595 0.03396181175340224 1.5524735588949938 0.0 -5.602146495627532e-06 0.0037426988862132825 0.0 0.0
0.0 0.0015372018930065487 0.0 0.6387747002488782 0.0 0.03252200374397945 0.03252200374397944 0.03252200374397944 0.032522003743979365 1.5524735588950946 0.0 -5.6021464958967e-06 0.003742698886213282 0.0 0.0
0.0 0.001654056551185326 0.0 0.6390473290762002 0.0 0.031017427602488632 0.031017427602488636 0.031017427602488636 0.0310174276029934 1.5524735588952758 0.0 -5.602146496380418e-06 0.0037426988862132777 0.0 0.0
0.0 0.0017618495361573178 0.0 0.638791550945923 0.0 0.0294622456808991 0.029462245680899092 0.02946224568089891 0.029462245680899092 1.5524735588955811 0.0 -5.60214649719571e-06 0.0037426988862132747 0.0 0.0
0.0 0.0018581554606338514 0.0 0.6379590934175683 0.0 0.02787363361174548 0.027873633611745476 0.02787363361174548 0.02787363361034702 1.5524735588960534 0.0 -5.602146498456878e-06 0.0037426988862132695 0.0 0.0
0.0 0.00194059407452581 0.0 0.6365096563796988 0.0 0.02627078015672955 0.02627078015673126 0.02627078015673126 0.02627078015673126 1.5524735588967185 0.0 -5.602146500232221e-06 0.0037426988862132634 0.0 0.0
0.0 0.002006968966174083 0.0 0.6344159172410213 0.0 0.024674645189530296 0.024674645189530296 0.024674645189530293 0.024674645189523677 1.5524735588975505 0.0 -5.60214650245231e-06 0.0037426988862132543 0.0 0.0
0.0 0.0020554077521946724 0.0 0.6316655502456617 0.0 0.023106712710852927 0.023106712710852895 0.02310671271085289 0.023106712710875423 1.5524735588984493 0.0 -5.602146504851214e-06 0.0037426988862132447 0.0 0.0
0.0 0.0020841497159687964 0.0 0.6282562062917783 0.0 0.021590233021012015 0.021590233021012015 0.021590233021012015 0.021590233021012015 1.5524735588991885 0.0 -5.602146506822691e-06 0.0037426988862132404 0.0 0.0
0.0 0.0020919464734312815 0.0 0.6242045530056349 0.0 0.020147736774408165 0.020147736774408117 0.020147736774347186 0.020147736774408165 1.5524735588995104 0.0 -5.60214650768068e-06 0.003742698886213229 0.0 0.0
0.0 0.0020778199121759718 0.0 0.6195392577304027 0.0 0.018802023907481993 0.018802023907481993 0.018802023907481997 0.018802023900355923 1.5524735588991854 0.0 -5.602146506813126e-06 0.003742698886213225 0.0 0.0
0.0 0.0020413185138836026 0.0 0.6143040258679769 0.0 0.017573668063849565 0.01757366806384221 0.01757366806384221 0.017573668063842203 1.5524735588982497 0.0 -5.602146504317176e-06 0.0037426988862132213 0.0 0.0
0.0 0.0019824125059931907 0.0 0.6085585749347076 0.0 0.016482768475252405 0.01648276847525241 0.016482768483692362 0.01648276848369245 1.5524735588969825 0.0 -5.6021465009383116e-06 0.003742698886213231 0.0 0.0
0.0 0.0019015832722085596 0.0 0.6023716850064753 0.0 0.015545438212066661 0.015545438212066658 0.015545438212066661 0.015545438211951035 1.5524735588958702 0.0 -5.602146497976161e-06 0.0037426988862132413 0.0 0.0
0.0 0.0017997528380197824 0.0 0.5958261726023452 0.0 0.014776406153533659 0.014776406153533664 0.014776406153533657 0.014776406162512537 1.552473606706357 0.0 -5.6034125096652546e-06 0.003742698798181352 0.0 0.0
0.0 0.001678337465675601 0.0 0.5890098984459959 0.0 0.014185322383276825 0.01418532238327683 0.01418532237462602 0.014185322383276829 1.5524735784655184 0.0 -5.60357904074504e-06 0.0037426988257693358 0.0 0.0
0.0 0.0015391182922924245 0.0 0.5820187938761042 0.0 0.01377951745051982 0.013779517450519817 0.013779517450657778 0.01377951745065098 1.5524735638453746 0.0 -5.603738473932301e-06 0.003742698854372021 0.0 0.0
0.0 0.0013795006517645033 0.0 0.5747388573621109 0.0 0.013556801487751513 0.013556801487751504 0.01355680148775436 0.01355680148775436 1.5524735593871497 0.0 -5.604069626280326e-06 0.0037426988753536056 0.0 0.0
0.0 0.0011961641120594557 0.0 0.5670708501932286 0.0 0.013529755520002627 0.013529755519910133 0.013529755530159638 0.013529755519910133 1.5524735588948966 0.0 -5.602146495451287e-06 0.0037426988862132846 0.0 0.0
0.0 0.0009909213731159464 0.0 0.5591495517547449 0.0 0.013718092223351571 0.013718092223210231 0.013718092223351581 0.013718092115297594 1.5524735588948966 0.0 -5.602146495486684e-06 0.0037426988862132846 0.0 0.0
0.0 0.0007663283752161839 0.0 0.5511178083844361 0.0 0.014134041652497936 0.014134041652497927 0.014134041652453867 0.014134041652497934 1.5524735588948966 0.0 -5.6021464955143615e-06 0.0037426988862132846 0.0 0.0
0.0 0.0005257486643991998 0.0 0.5431246181284479 0.0 0.014780843271376758 0.014780843271355091 0.014780843271353905 0.014780843272635126 1.5524735588948966 0.0 -5.60214649552395e-06 0.0037426988862132846 0.0 0.0
0.0 0.0002729907258150297 0.0 0.5353130972230828 0.0 0.01565372560612223 0.015653725606122194 0.015653725606122226 0.01565372560667597 1.5524735588948966 0.0 -5.602146495511828e-06 0.0037426988862132846 0.0 0.0
0.0 1.2132452351919567e-05 0.0 0.5278154674085487 0.0 0.016740648475787608 0.016740648475787608 0.016740648475787608 0.016740648475793634 1.5524735588948966 0.0 -5.602146495482725e-06 0.0037426988862132846 0.0 0.0
0.0 -0.00025265942424879595 0.0 0.5207470646452738 0.0 0.018022791457917024 0.018022791457917017 0.018022791457842906 0.01802279146018711 1.5524735578865305 0.0 -5.604437325657574e-06 0.0037426989331262052 0.0 0.0
0.0 -0.0005174234280321074 0.0 0.5142002314262637 0.0 0.01947655102331855 0.01947655102331855 0.019476551023318533 0.019476551023318554 1.55247355717333 0.0 -5.603901133266602e-06 0.0037426989391478494 0.0 0.0
0.0 -0.0007783883618130273 0.0 0.5082464303228714 0.0 0.021074035898875628 0.02107403589887966 0.0210740358988776 0.021074035898830435 1.552473556288882 0.0 -5.603390581552363e-06 0.0037426989403573693 0.0 0.0
0.0 -0.0010322802558271865 0.0 0.5029311207173626 0.0 0.022785563913623578 0.02278556391362359 0.02278556391362358 0.022785563913626607 1.5524735553135567 0.0 -5.602960557265645e-06 0.0037426989369768425 0.0 0.0
0.0 -0.0012763048069090275 0.0 0.49827677009577087 0.0 0.024580415924231783 0.02458041592423179 0.02458041592423178 0.024580415928014288 1.5524735543590278 0.0 -5.602634337397448e-06 0.0037426989300768814 0.0 0.0
0.0 -0.0015082635060846815 0.0 0.49428183507854073 0.0 0.02642808435481391 0.026428084354813912 0.026428084350868845 0.026428084354813912 1.5524735535425176 0.0 -5.602411139542904e-06 0.0037426989212760347 0.0 0.0
0.0 -0.0017264588938140611 0.0 0.490927748501059 0.0 0.028299284513237686 0.028299284513237613 0.028299284513237617 0.028299284513237613 1.5524735529629947 0.0 -5.6022724084753816e-06 0.0037426989121213646 0.0 0.0
0.0 -0.0019296945568793194 0.0 0.48817891951648923 0.0 0.03016595459499783 0.030165954594997827 0.030165954594997834 0.030165954591505683 1.5524735526935913 0.0 -5.602194940459408e-06 0.0037426989038544137 0.0 0.0
0.0 -0.002117259683391463 0.0 0.4859887091396428 0.0 0.03200301548359694 0.03200301548359693 0.03200301548361483 0.03200301548360918 1.5524735527472833 0.0 -5.6021564973287745e-06 0.0037426988971988387 0.0 0.0
0.0 -0.002288794520562601 0.0 0.48430045305445013 0.0 0.03378687221821073 0.03378687221821073 0.03378687221821073 0.03378687221822643 1.5524735531161236 0.0 -5.6021403530084545e-06 0.003742698892378231 0.0 0.0
0.0 -0.002444280573974905 0.0 0.48305244057494456 0.0 0.035496922162300285 0.03549692216230029 0.035496922162300285 0.03549692216230029 1.5524735537370693 0.0 -5.602135421409834e-06 0.0037426988892432524 0.0 0.0
0.0 -0.002583942895705626 0.0 0.4821789299208551 0.0 0.037114556541828436 0.03711455654182845 0.037114556541828436 0.037114556541834584 1.552473554534426 0.0 -5.6021354471285335e-06 0.0037426988874399536 0.0 0.0
0.0 -0.002708111384522515 0.0 0.4816151533848554 0.0 0.038622918428719386 0.03862291842871937 0.038622918428719386 0.038622918428716235 1.5524735554206814 0.0 -5.6021372950744775e-06 0.003742698886547271 0.0 0.0
0.0 -0.002820724062232791 0.0 0.4813055629175492 0.0 0.040057424029674736 0.04005742402967579 0.0400574240296758 0.04005742402967621 1.5524735559085223 0.0 -5.6021385160759395e-06 0.003742698886174976 0.0 0.0
0.0 -0.0029243002678371113 0.0 0.48127950760202615 0.0 0.04146212812506612 0.04146212812506597 0.04146212812506612 0.04146212812499117 1.552473556016049 0.0 -5.602138804915874e-06 0.003742698886025218 0.0 0.0
0.0 -0.00301717979740224 0.0 0.4815930673243982 0.0 0.04283287068530255 0.042832870685301554 0.04283287068583106 0.04283287068530127 1.5524735561587681 0.0 -5.6021391738630705e-06 0.0037426988859250777 0.0 0.0
0.0 -0.0030978069282203012 0.0 0.4822903559697336 0.0 0.04416297128124234 0.044162971281242344 0.04416297128008345 0.044162971280085624 1.5524735563531926 0.0 -5.60213953859901e-06 0.0037426988855143195 0.0 0.0
0.0 -0.0031647064151918767 0.0 0.48340452172314313 0.0 0.045443231453400894 0.04544323145340089 0.045443231453400894 0.045443231455169576 1.5524735566103638 0.0 -5.602139434400053e-06 0.003742698884769625 0.0 0.0
0.0 -0.003216544378326501 0.0 0.4849567392794431 0.0 0.046662433179872176 0.04666243317987217 0.04666243317986495 0.04666243317986932 1.552473556929175 0.0 -5.602137765429038e-06 0.003742698883757136 0.0 0.0
0.0 -0.0032522358158426474 0.0 0.48695021560793794 0.0 0.047806829176433516 0.047806829176433516 0.04780682917642706 0.04780682917920049 1.5524735573006514 0.0 -5.6021328643012844e-06 0.0037426988826591333 0.0 0.0
0.0 -0.003270965994179019 0.0 0.4893761579584053 0.0 0.04886240283655051 0.048862402836550495 0.0488624028365505 0.04886240283655053 1.552473557691516 0.0 -5.602122696000152e-06 0.0037426988817050788 0.0 0.0
0.0 -0.0032722739073555414 0.0 0.49220877992001844 0.0 0.04981436017364881 0.049814360173648854 0.049814360173648806 0.04981436016737998 1.5524735580669091 0.0 -5.602105734740613e-06 0.003742698881156782 0.0 0.0
0.0 -0.003256060895459169 0.0 0.49541027663479253 0.0 0.05064888809844293 0.05064888809844293 0.05064888809844294 0.05064888809844832 1.5524735583878626 0.0 -5.602081516694652e-06 0.0037426988811818792 0.0 0.0
0.0 -0.0032227646898159317 0.0 0.49892282624904105 0.0 0.05135289160031643 0.05135289160031643 0.051352891600334516 0.05135289160031643 1.552473558629659 0.0 -5.602052259112592e-06 0.003742698881841395 0.0 0.0
0.0 -0.0031732236892542663 0.0 0.5026795668473365 0.0 0.05191576163897462 0.05191576163897462 0.0519157616389746 0.05191576163809017 1.552473558783432 0.0 -5.602021763535718e-06 0.00374269888297176 0.0 0.0
0.0 -0.003108737848467832 0.0 0.5066035886695528 0.0 0.05232987363426263 0.052329873634262634 0.052329873634265923 0.05232987363077101 1.552473558861457 0.0 -5.601995517322069e-06 0.0037426988842745976 0.0 0.0
0.0 -0.003031111149441198 0.0 0.5106069300672551 0.0 0.05259083588170811 0.05259083588170811 0.0525908358817084 0.052590835881550474 1.5524735588895024 0.0 -5.601979733809307e-06 0.0037426988854042387 0.0 0.0
0.0 -0.002942484688339045 0.0 0.5146005653727448 0.0 0.05269850572167856 0.05269850572167856 0.05269850572047697 0.052698505721678564 1.5524735588947283 0.0 -5.60197788765351e-06 0.003742698886076564 0.0 0.0
0.0 -0.002845299844234603 0.0 0.5184944123958258 0.0 0.05265648943494694 0.052656489434952984 0.05265648943494693 0.05265648943181661 1.5524735588949041 0.0 -5.601990845322441e-06 0.0037426988862452114 0.0 0.0
0.0 -0.0027423054097846416 0.0 0.5221993217533302 0.0 0.05247289556718599 0.05247289556718599 0.05247289556719645 0.05247289556718599 1.5524735588991485 0.0 -5.602016248513573e-06 0.0037426988867423896 0.0 0.0
0.0 -0.0026362433621881414 0.0 0.5256370947433177 0.0 0.05215935086388519 0.05215935086388519 0.05215935086388519 0.05215935086388519 1.5524735589315284 0.0 -5.602048098597562e-06 0.003742698887543944 0.0 0.0
0.0 -0.0025299026182380095 0.0 0.5287374862555874 0.0 0.05173074540270472 0.051730745402704795 0.05173074540270475 0.05173074540467008 1.5524735590246928 0.0 -5.602080484668365e-06 0.0037426988882502095 0.0 0.0
0.0 -0.002426004386278815 0.0 0.531442209679468 0.0 0.05120498892763731 0.05120498892763729 0.0512049889276373 0.051204988927622985 1.5524735591951433 0.0 -5.602108245022922e-06 0.0037426988885686965 0.0 0.0
0.0 -0.002325935128747484 0.0 0.5337370473310658 0.0 0.050596311150292526 0.05059631115026632 0.05059631115027152 0.050596311150276754 1.55247355944942 0.0 -5.602127480650661e-06 0.003742698888510029 0.0 0.0
0.0 -0.0022307064942396547 0.0 0.5356317472700313 0.0 0.04992173061740418 0.04992173061739443 0.04992173061739443 0.04992173061739443 1.5524735597599022 0.0 -5.602139204108323e-06 0.003742698888155558 0.0 0.0
0.0 -0.002141756337457685 0.0 0.5371290030805481 0.0 0.0492017551044648 0.0492017551044648 0.0492017551044648 0.049201755104456374 1.5524735600611828 0.0 -5.602145862675528e-06 0.0037426988876040836 0.0 0.0
0.0 -0.0020599718640907385 0.0 0.5382475466881244 0.0 0.04845466773860723 0.04845466773860723 0.04845466773860723 0.048454667736817635 1.5524735603051907 0.0 -5.602149110353208e-06 0.00374269888704615 0.0 0.0
0.0 -0.0019857546729796344 0.0 0.5390171581635023 0.0 0.04769576887358928 0.04769576887358928 0.04769576887358928 0.04769576887359414 1.5524735604653477 0.0 -5.6021504446770696e-06 0.0037426988866056175 0.0 0.0
0.0 -0.001919170741208769 0.0 0.5394716674469225 0.0 0.046937114835273366 0.04693711483527338 0.04693711483447003 0.04693711483447003 1.5524735605381228 0.0 -5.602150859988733e-06 0.0037426988863251964 0.0 0.0
0.0 -0.0018599688387191129 0.0 0.5396489506004698 0.0 0.04618776793730995 0.046187767937309956 0.046187767937309956 0.04618776793730871 1.5524735605351754 0.0 -5.60215087573765e-06 0.0037426988861949044 0.0 0.0
0.0 -0.0018077447723455452 0.0 0.539587910205488 0.0 0.04545504183566338 0.04545504183566339 0.04545504183556658 0.0454550418356634 1.55247356046811 0.0 -5.602150695961061e-06 0.003742698886170929 0.0 0.0
0.0 -0.0017618677280673261 0.0 0.539328490355119 0.0 0.044743501400495586 0.04474350140049559 0.044743501400493914 0.0447435014009428 1.5524735603624558 0.0 -5.602150420963293e-06 0.003742698886130512 0.0 0.0
0.0 -0.001721753515932327 0.0 0.5389056486878308 0.0 0.044056703308417364 0.04405670330841737 0.04405670330841737 0.044056703307694844 1.552473560230494 0.0 -5.6021500974266395e-06 0.0037426988860627757 0.0 0.0
0.0 -0.0016866890410103944 0.0 0.5383543690758741 0.0 0.04339645398171561 0.043396453981715606 0.043396453980786134 0.043396453981715606 1.5524735600899797 0.0 -5.6021497794865895e-06 0.0037426988859956523 0.0 0.0
0.0 -0.001656044662775861 0.0 0.5377046414425909 0.0 0.042764051728197694 0.042764051728197694 0.042764051728197694 0.042764051728197694 1.5524735599475985 0.0 -5.602149477947074e-06 0.003742698885942997 0.0 0.0
0.0 -0.0016291708377082536 0.0 0.5369834735832099 0.0 0.04215953986434112 0.04215953986434113 0.04215953986434112 0.04215953986434112 1.5524735598136437 0.0 -5.602149203667978e-06 0.003742698885910933 0.0 0.0
0.0 -0.001605478907668812 0.0 0.536216865508383 0.0 0.041583460153152826 0.04158346015315282 0.04158346015315489 0.04158346015315489 1.5524735596859498 0.0 -5.602148930084242e-06 0.003742698885901916 0.0 0.0
0.0 -0.0015844324839339096 0.0 0.5354248342355428 0.0 0.04103509456699755 0.04103509456699754 0.04103509456699754 0.04103509456699755 1.5524735595719872 0.0 -5.602148669131428e-06 0.0037426988859096825 0.0 0.0
0.0 -0.001565580120892988 0.0 0.5346253887084566 0.0 0.040514221926328475 0.04051422192632848 0.040514221926328475 0.04051422192503659 1.5524735594687125 0.0 -5.602148406869721e-06 0.0037426988859313153 0.0 0.0
0.0 -0.0015485369027201537 0.0 0.5338345335464418 0.0 0.04002086788466919 0.040020867884669194 0.040020867884669194 0.04002086788466444 1.5524735593749972 0.0 -5.60214814098314e-06 0.003742698885962846 0.0 0.0
0.0 -0.0015329532556065803 0.0 0.5330652799979876 0.0 0.03955455321707449 0.0395545532170745 0.039554553217074497 0.039554553217072415 1.552473559292636 0.0 -5.602147883767165e-06 0.0037426988859988945 0.0 0.0
0.0 -0.0015185886068272785 0.0 0.5323276309501397 0.0 0.03911529395448263 0.03911529395448263 0.039115293954482634 0.03911529395448071 1.552473559219443 0.0 -5.602147638850843e-06 0.003742698886036107 0.0 0.0
0.0 -0.0015052504986445851 0.0 0.5316295887126057 0.0 0.03870310292487826 0.038703102924878253 0.03870310292487826 0.038703102924880356 1.5524735591552687 0.0 -5.602147413553539e-06 0.003742698886071749 0.0 0.0
