0.0 0.00274123411450783 0.0 0.6320022077336385 0.0 0.013859637821455809 0.013859637822398265 0.013859637908907154 0.013859637906729911 1.5524735602434823 0.0 -5.6021500962067384e-06 0.003742698886208114 0.0 0.0
0.0 0.0027389789563332257 0.0 0.6319091912789997 0.0 0.013859736137476089 0.013859736137476084 0.013859736155835502 0.013859736137476087 1.552473558894818 0.0 -5.603955780230429e-06 0.0037426988862132838 0.0 0.0
0.0 0.002735321872561976 0.0 0.6317571332251551 0.0 0.01385949239411633 0.013859492394116327 0.013859492394116327 0.013859492394138204 1.5524735588948966 0.0 -5.602146495657705e-06 0.0037426988862132846 0.0 0.0
0.0 0.0027302754968374634 0.0 0.6315480691382473 0.0 0.01385940722205066 0.013859407222050663 0.013859407222304327 0.01385940749842912 1.5524735588948966 0.0 -5.602146496403818e-06 0.0037426988862132846 0.0 0.0
0.0 0.0027238635012686342 0.0 0.6312829851362931 0.0 0.013859482427534705 0.01385948242753468 0.013859482427624028 0.013859482427575866 1.5524735588948966 0.0 -5.602146498047704e-06 0.003742698886213284 0.0 0.0
0.0 0.002716194887695139 0.0 0.6309648895805601 0.0 0.013859222538410975 0.013859222538410971 0.013859222538412083 0.013859222538333039 1.5524735588948966 0.0 -5.602146500930594e-06 0.003742698886213284 0.0 0.0
0.0 0.002707280940417721 0.0 0.6305957755533113 0.0 0.013859130977679863 0.013859130977679896 0.013859130977679875 0.013859130691786212 1.5524735588948966 0.0 -5.602146505467784e-06 0.0037426988862132838 0.0 0.0
0.0 0.002697164131741569 0.0 0.6301766470908313 0.0 0.013858959242528963 0.013858959242509003 0.013858959242529003 0.013858958659779359 1.5524735588948966 0.0 -5.602146512186288e-06 0.0037426988862132846 0.0 0.0
0.0 0.0026859166333509567 0.0 0.6297105050592352 0.0 0.013858711920885494 0.013858711920922407 0.013858711920922358 0.013858711920922346 1.5524735588948966 0.0 -5.602146521148775e-06 0.0037426988862132846 0.0 0.0
0.0 0.0026735865597022042 0.0 0.6291993500359347 0.0 0.013858392626837595 0.013858392626837551 0.01385839262683779 0.013858392461581348 1.5524735588948966 0.0 -5.602146532724235e-06 0.0037426988862132833 0.0 0.0
0.0 0.0026601979680217877 0.0 0.6286441823096418 0.0 0.01385800269001606 0.01385800269001605 0.013858002707391735 0.01385800268942277 1.5524735588948966 0.0 -5.602146547473216e-06 0.0037426988862132846 0.0 0.0
0.0 0.002645823029997046 0.0 0.6280480027464654 0.0 0.013857547057719846 0.013857547057719844 0.013857547057719844 0.013857547057273597 1.5524735588948966 0.0 -5.602146564839077e-06 0.0037426988862132846 0.0 0.0
0.0 0.0026305282751566527 0.0 0.6274128156713924 0.0 0.013856778845082289 0.013856778845082289 0.01385677884508312 0.013856778845082287 1.5524735588948966 0.0 -5.6021465851326166e-06 0.003742698886213283 0.0 0.0
0.0 0.0026143193456553884 0.0 0.626739617625557 0.0 0.01385594969811162 0.013855949698111618 0.013855949698110734 0.013855949697251867 1.5524735588948966 0.0 -5.602146608963057e-06 0.003742698886213286 0.0 0.0
0.0 0.0025972868282524717 0.0 0.6260314132226404 0.0 0.013854814381993074 0.013854814381993074 0.013854814381508117 0.013854814410356294 1.5524735588948966 0.0 -5.602146634937816e-06 0.0037426988862132794 0.0 0.0
0.0 0.0025794788374040637 0.0 0.6252902030400538 0.0 0.013853376125524449 0.01385337612552445 0.013853376125222843 0.013853376125202372 1.5524735588948966 0.0 -5.602146663390537e-06 0.0037426988862132807 0.0 0.0
0.0 0.0025609194303409678 0.0 0.6245169873665068 0.0 0.013851636510592501 0.0138516365105925 0.013851636510853962 0.0138516365105925 1.5524735588948966 0.0 -5.602146695041772e-06 0.003742698886213277 0.0 0.0
0.0 0.0025416807787402213 0.0 0.623714767068096 0.0 0.013849600355415919 0.013849600355415922 0.013849600355598624 0.01384960035541592 1.5524735588948966 0.0 -5.602146727577745e-06 0.0037426988862132747 0.0 0.0
0.0 0.0025218294121426964 0.0 0.6228855464698105 0.0 0.013847020829154294 0.01384702082915417 0.01384702082914301 0.013847020829142886 1.5524735588948966 0.0 -5.602146761462139e-06 0.0037426988862132695 0.0 0.0
0.0 0.0025014078028494755 0.0 0.6220303296079395 0.0 0.013843649495328438 0.013843649495328436 0.013843649495320121 0.013843649504199756 1.5524735588948968 0.0 -5.602146797618168e-06 0.0037426988862132573 0.0 0.0
0.0 0.0024745347030463304 0.0 0.6209030529607106 0.0 0.013838591813461875 0.013838591813461875 0.013838591813471001 0.013838591813471 1.5524735588948968 0.0 -5.602147411093543e-06 0.003742698886213175 0.0 0.0
0.0 0.002436118600171209 0.0 0.6192866801261221 0.0 0.013829749549158504 0.013829749549178314 0.013829749538653131 0.013829749538672942 1.5524735588948981 0.0 -5.602150384008483e-06 0.0037426988862125587 0.0 0.0
0.0 0.0023872860306601087 0.0 0.6172242422654448 0.0 0.013815941452693097 0.013815941452693095 0.013815941452693095 0.013815941452693095 1.552473558894905 0.0 -5.6021568755489585e-06 0.0037426988862103235 0.0 0.0
0.0 0.0023291932302277347 0.0 0.6147607673680349 0.0 0.013796239546185026 0.013796239546185024 0.013796239546176507 0.013796239555131542 1.5524735588949294 0.0 -5.602167821152367e-06 0.003742698886204494 0.0 0.0
0.0 0.002262935547167597 0.0 0.6119402756346851 0.0 0.01377021431163668 0.013770214311636681 0.013770214311644224 0.01377021431163668 1.552473558894994 0.0 -5.60218355816949e-06 0.0037426988861928604 0.0 0.0
0.0 0.0021895955566633243 0.0 0.6088077800536067 0.0 0.013737937900028283 0.013737937900028281 0.013737937907350973 0.013737937899900007 1.5524735588951246 0.0 -5.602203635368606e-06 0.0037426988861739468 0.0 0.0
0.0 0.0021102005884237256 0.0 0.6054082823650727 0.0 0.013700232591638073 0.013700232591638072 0.013700232591638075 0.013700232591644546 1.5524735588953207 0.0 -5.602226941380667e-06 0.0037426988861494004 0.0 0.0
0.0 0.002025674612596784 0.0 0.6017847724867696 0.0 0.013658667557962903 0.013658667557962904 0.013658667557844293 0.013658667564744709 1.5524735588955256 0.0 -5.602252048326745e-06 0.0037426988861242127 0.0 0.0
0.0 0.0019369528834253095 0.0 0.5979822334128136 0.0 0.013615315264949447 0.013615315264949447 0.01361531526494253 0.013615315272466044 1.5524735588956484 0.0 -5.602276785993621e-06 0.003742698886105691 0.0 0.0
0.0 0.0018448672953998802 0.0 0.5940436363196692 0.0 0.013572995080392987 0.013572995080219776 0.013572995080219774 0.013572995080400932 1.5524735588955907 0.0 -5.602299294208069e-06 0.0037426988861026995 0.0 0.0
0.0 0.0017502794423285692 0.0 0.5900139492099242 0.0 0.013534779612378318 0.013534779612123985 0.013534779612124232 0.013534779612124233 1.5524735588953709 0.0 -5.602317246019931e-06 0.003742698886118798 0.0 0.0
0.0 0.0016539900310321505 0.0 0.5859371323080427 0.0 0.013504239951035911 0.01350423995103591 0.013504239950551262 0.013504239934005489 1.552473558895102 0.0 -5.6023290445814225e-06 0.0037426988861521586 0.0 0.0
0.0 0.0015568974854952885 0.0 0.5818581611188488 0.0 0.013483948628569442 0.013483948628569442 0.013483948628600216 0.013483948596968704 1.552473558894944 0.0 -5.602333272383655e-06 0.003742698886187328 0.0 0.0
0.0 0.001459833700621909 0.0 0.5778200068318204 0.0 0.013476724962449518 0.013476724962462548 0.013476724962582762 0.013476725118624567 1.552473558894898 0.0 -5.602329722273325e-06 0.0037426988862109844 0.0 0.0
0.0 0.0013637820455960337 0.0 0.5738696530313157 0.0 0.013484645090134641 0.013484645090134726 0.013484644697391185 0.013484644151854608 1.5524735588948961 0.0 -5.6023178744834415e-06 0.003742698886213903 0.0 0.0
0.0 0.0012697642084141122 0.0 0.570051104937401 0.0 0.013508278558379277 0.01350827855837928 0.013508278558379274 0.01350827840290666 1.5524735588948964 0.0 -5.602299275839286e-06 0.0037426988862180382 0.0 0.0
0.0 0.0011789108791298544 0.0 0.5664113761291607 0.0 0.013547701679005543 0.013547701679111705 0.01354770167911171 0.013547701580686562 1.5524735588948964 0.0 -5.602275206422487e-06 0.003742698886224736 0.0 0.0
0.0 0.001092391066788783 0.0 0.5629945018169404 0.0 0.013601484505430346 0.013601484511793686 0.013601484511799726 0.013601484438630648 1.5524735588948948 0.0 -5.602248450240654e-06 0.003742698886231835 0.0 0.0
0.0 0.0010115323852646933 0.0 0.5598465402702805 0.0 0.013666700342197208 0.013666700342197208 0.013666700342244691 0.013666700342197205 1.5524735588948917 0.0 -5.602221336545424e-06 0.003742698886236334 0.0 0.0
0.0 0.0009376879944649131 0.0 0.5570115641747367 0.0 0.013739419157808816 0.013739419157808819 0.01373941915780881 0.013739419157808816 1.5524735588948884 0.0 -5.602196592459922e-06 0.003742698886236544 0.0 0.0
0.0 0.0008681522025750794 0.0 0.5543755481939336 0.0 0.013818958059074682 0.013818958059074682 0.013818958059075712 0.013818958060175041 1.5524735588948841 0.0 -5.602184532867729e-06 0.003742698886237395 0.0 0.0
0.0 0.0007993758235215527 0.0 0.5517924426576012 0.0 0.013905583010803428 0.013905583010850384 0.013905583010803423 0.013905582987031985 1.5524735588948786 0.0 -5.602182077266404e-06 0.0037426988862408334 0.0 0.0
0.0 0.0007315940979596917 0.0 0.5492583137944268 0.0 0.013994786901037351 0.01399478690103735 0.013994786901037348 0.013994786901800728 1.5524735588948761 0.0 -5.60217992288618e-06 0.0037426988862415294 0.0 0.0
0.0 0.0006649798923199599 0.0 0.5467712059969304 0.0 0.014083566088702225 0.014083566088702225 0.014083566088702225 0.01408356608872306 1.5524735588948764 0.0 -5.602177943800119e-06 0.0037426988862403815 0.0 0.0
0.0 0.000599657958599323 0.0 0.5443271630817988 0.0 0.014168913711591513 0.014168913711591513 0.014168913689050157 0.0141689136898112 1.5524735588948795 0.0 -5.602176225056271e-06 0.003742698886237605 0.0 0.0
0.0 0.0005357530488319334 0.0 0.5419222288649993 0.0 0.014247822863863793 0.014247822863863792 0.014247822887829317 0.014247822863818897 1.5524735588948841 0.0 -5.6021747449966946e-06 0.003742698886233543 0.0 0.0
0.0 0.00047338278422995165 0.0 0.5395544364964089 0.0 0.014318040063454373 0.014318040063454373 0.014318040036852858 0.014318040036827918 1.552473558894889 0.0 -5.602173394720663e-06 0.00374269888622895 0.0 0.0
0.0 0.0004126647860264759 0.0 0.5372218191266923 0.0 0.014377311687691139 0.014377311687691139 0.014377311717706707 0.014377311686365772 1.552473558894893 0.0 -5.602172165853091e-06 0.003742698886224192 0.0 0.0
0.0 0.0003537166755193404 0.0 0.5349224099066098 0.0 0.014423384277032623 0.014423384277032622 0.014423384238897984 0.014423384236800839 1.5524735588948955 0.0 -5.6021710507101975e-06 0.0037426988862197847 0.0 0.0
0.0 0.0002966248858414114 0.0 0.5326552310324895 0.0 0.014454755922675396 0.014454755922675401 0.01445475592267541 0.014454755864058953 1.5524735588948964 0.0 -5.602170001414355e-06 0.003742698886216265 0.0 0.0
0.0 0.00024151832260126048 0.0 0.5304203087370118 0.0 0.014469676420863668 0.014469676420879868 0.014469676420879875 0.014469676267685524 1.5524735588948966 0.0 -5.602168974364976e-06 0.003742698886213984 0.0 0.0
0.0 0.00018848341903398536 0.0 0.5282166652172576 0.0 0.014466643813883606 0.014466643813883604 0.014466643813895853 0.014466643963360374 1.5524735588948966 0.0 -5.6021680091545435e-06 0.0037426988862131793 0.0 0.0
0.0 0.00013768442213956514 0.0 0.5260473200759775 0.0 0.014444412934446123 0.014444412934446125 0.014444412934329128 0.014444412941515774 1.5524735588949423 0.0 -5.602166952723317e-06 0.003742698886203427 0.0 0.0
0.0 8.921340726565283e-05 0.0 0.523912292052031 0.0 0.014401733449656645 0.014401733449656645 0.014401733449656617 0.014401733449643005 1.552473558895484 0.0 -5.602165927674313e-06 0.003742698886176677 0.0 0.0
0.0 4.319214899344926e-05 0.0 0.5218135967126085 0.0 0.01433760845058494 0.014337608450584939 0.014337608450584195 0.01433760845058494 1.552473558897905 0.0 -5.602164868201761e-06 0.003742698886132049 0.0 0.0
0.0 -2.0946385997759688e-07 0.0 0.5197552502024209 0.0 0.014251044207478455 0.014251044207478455 0.014251044207477205 0.01425104420881462 1.5524735589050331 0.0 -5.602163723377398e-06 0.0037426988860689682 0.0 0.0
0.0 -4.086401509808856e-05 0.0 0.517740264630796 0.0 0.014141295428084335 0.014141295428084335 0.014141295428071353 0.01414129542808259 1.5524735589216017 0.0 -5.602162556116447e-06 0.003742698885988285 0.0 0.0
0.0 -7.862003165438428e-05 0.0 0.5157726523953304 0.0 0.014007618427079923 0.014007618427079925 0.014007618427079923 0.014007618427079933 1.5524735589551024 0.0 -5.602161370760297e-06 0.0037426988858910563 0.0 0.0
0.0 -0.00011333881365634787 0.0 0.5138574186872377 0.0 0.013849771204026938 0.013849771204026938 0.013849771204031382 0.013849771204019198 1.552473559015355 0.0 -5.6021601864512955e-06 0.0037426988857818563 0.0 0.0
0.0 -0.00014488730431649167 0.0 0.5119985721572565 0.0 0.013667260128098633 0.013667260128098633 0.013667260125613258 0.013667260128086693 1.5524735591175882 0.0 -5.602159096912118e-06 0.003742698885661912 0.0 0.0
0.0 -0.00017305345383102655 0.0 0.5102140730287015 0.0 0.01346311450472566 0.013463114504725659 0.01346311450472566 0.013463114507235132 1.5524735592574617 0.0 -5.602157785209018e-06 0.0037426988855669995 0.0 0.0
0.0 -0.00019845208205587151 0.0 0.5085057869686411 0.0 0.013246338787788331 0.013246338787786008 0.013246338790268083 0.013246338790265759 1.552473559376969 0.0 -5.60215655190846e-06 0.0037426988855331733 0.0 0.0
0.0 -0.00022216638393300324 0.0 0.5068545810763988 0.0 0.013025403724039184 0.013025403724039184 0.013025403724039186 0.01302540372646422 1.552473559440891 0.0 -5.602155691238612e-06 0.003742698885540243 0.0 0.0
0.0 -0.0002450897662710098 0.0 0.5052423564650481 0.0 0.0128065313877719 0.012806531387771899 0.012806531390167141 0.012806531390167141 1.5524735594479835 0.0 -5.602155076312364e-06 0.003742698885570756 0.0 0.0
0.0 -0.0002680306915242628 0.0 0.5036530223202321 0.0 0.012595446993100827 0.01259544699310083 0.012595446993100827 0.012595446993098622 1.5524735593983994 0.0 -5.602154612608354e-06 0.003742698885620612 0.0 0.0
0.0 -0.00029174237912867913 0.0 0.5020704990712249 0.0 0.012397125664619861 0.012397125664622055 0.012397125664622047 0.012397125664640378 1.5524735593074115 0.0 -5.602154313921458e-06 0.0037426988856840925 0.0 0.0
0.0 -0.000316881819905155 0.0 0.5004827083022944 0.0 0.01221654894994405 0.012216548949944051 0.01221654894994191 0.01221654894766007 1.552473559192378 0.0 -5.602154155356999e-06 0.0037426988857629487 0.0 0.0
0.0 -0.00034401541884373555 0.0 0.49888057621090776 0.0 0.012058453179693332 0.012058453179693333 0.012058453179693332 0.012058453179682 1.5524735590776086 0.0 -5.6021541609881555e-06 0.003742698885855336 0.0 0.0
0.0 -0.00037367988101214597 0.0 0.497257025825086 0.0 0.011927827924437924 0.011927827924437917 0.011927827924443232 0.011927827926543979 1.5524735589834435 0.0 -5.602154366440004e-06 0.0037426988859581467 0.0 0.0
0.0 -0.00040623073718630114 0.0 0.4956109893993462 0.0 0.011829172289466281 0.011829172289464562 0.011829172289464562 0.011829172289464552 1.5524735589246346 0.0 -5.602154713517552e-06 0.0037426988860616113 0.0 0.0
0.0 -0.00044201936222553335 0.0 0.49394538160492246 0.0 0.011768241947697506 0.011768241947697506 0.011768241947698524 0.011768241947698526 1.5524735588993168 0.0 -5.602155120626693e-06 0.003742698886153593 0.0 0.0
0.0 -0.00048120318295535695 0.0 0.49226813354638815 0.0 0.01174980041910792 0.01174980041910792 0.011749800419153746 0.011749800422972505 1.5524735588949357 0.0 -5.6021554419224874e-06 0.0037426988862079165 0.0 0.0
0.0 -0.0005238633004947407 0.0 0.49059415961089936 0.0 0.011779872632086172 0.01177987263208617 0.011779872633931245 0.011779872632051462 1.5524735588948966 0.0 -5.602155468098568e-06 0.003742698886214855 0.0 0.0
0.0 -0.0005698203417029367 0.0 0.48894539494476763 0.0 0.011863244571203382 0.011863244571203378 0.011863244571203383 0.011863244571214033 1.5524735588948813 0.0 -5.602155031807624e-06 0.0037426988862247768 0.0 0.0
0.0 -0.0006186968340731907 0.0 0.48735277354532935 0.0 0.01200496670006951 0.012004966700078815 0.012004966700069394 0.012004966700078818 1.5524735588947636 0.0 -5.602154007445399e-06 0.003742698886244198 0.0 0.0
0.0 -0.0006697274121653718 0.0 0.4858572622786343 0.0 0.012208105216632414 0.012208105216632415 0.012208105216634419 0.012208105216632414 1.55247355889433 0.0 -5.6021523966745915e-06 0.003742698886269361 0.0 0.0
0.0 -0.000721856535082331 0.0 0.48450884560115015 0.0 0.012474740599081548 0.012474740599081552 0.012474740599088801 0.012474740599081552 1.5524735588932044 0.0 -5.60215043103792e-06 0.0037426988862920255 0.0 0.0
0.0 -0.0007735302785420783 0.0 0.4833675633238397 0.0 0.012803468832903009 0.012803468832903009 0.012803468832902697 0.0128034688329015 1.5524735588909622 0.0 -5.6021485247642935e-06 0.003742698886299264 0.0 0.0
0.0 -0.0008226410896915557 0.0 0.4825035218539853 0.0 0.013188651297916748 0.013188651297917436 0.013188651298647951 0.013188651298650057 1.5524735588874252 0.0 -5.602147149581881e-06 0.0037426988862810096 0.0 0.0
0.0 -0.000866604112437624 0.0 0.481989910909782 0.0 0.013619153357814303 0.013619153357814301 0.013619153357814938 0.013619153357131753 1.552473558883137 0.0 -5.602146547477536e-06 0.0037426988862427134 0.0 0.0
0.0 -0.00090225202693155 0.0 0.48188908941818037 0.0 0.014072321002648689 0.014072321002648689 0.01407232100264869 0.014072321002648689 1.5524735588803162 0.0 -5.602146456453975e-06 0.003742698886213404 0.0 0.0
0.0 -0.0009275888743771641 0.0 0.48219947277921976 0.0 0.014520396843084904 0.014520396843084907 0.014520396843084907 0.014520396843084905 1.552473558880812 0.0 -5.602146451925712e-06 0.0037426988862028516 0.0 0.0
0.0 -0.0009420131508356834 0.0 0.4828843538628074 0.0 0.014943068490667845 0.014943068490667847 0.01494306849066867 0.014943068490667845 1.5524735588836227 0.0 -5.602146336739983e-06 0.0037426988861718347 0.0 0.0
0.0 -0.0009455066803232688 0.0 0.48389496211285377 0.0 0.015324004917372042 0.015324004917372036 0.015324004917372036 0.01532400491737355 1.5524735588873797 0.0 -5.602145869323147e-06 0.003742698886140576 0.0 0.0
0.0 -0.0009386488763489246 0.0 0.4851744422178722 0.0 0.01565236309662212 0.01565236309662151 0.01565236309662393 0.01565236309662151 1.552473558890706 0.0 -5.602144923086317e-06 0.003742698886126618 0.0 0.0
0.0 -0.0009222472641647595 0.0 0.4866678832317916 0.0 0.015921053776215943 0.01592105377621594 0.01592105377621594 0.01592105377621594 1.552473558893001 0.0 -5.602143576392362e-06 0.0037426988861340095 0.0 0.0
0.0 -0.0008974096524823176 0.0 0.4883193177077866 0.0 0.01612673666732054 0.016126736667321964 0.016126736667321954 0.016126736667321964 1.5524735588942402 0.0 -5.602142105148442e-06 0.003742698886156301 0.0 0.0
0.0 -0.0008653276183765133 0.0 0.4900807242948682 0.0 0.016269834875901616 0.01626983487590162 0.016269834875901622 0.016269834875897678 1.5524735588947411 0.0 -5.602140768142547e-06 0.0037426988861818437 0.0 0.0
0.0 -0.0008271773011284976 0.0 0.491910057140901 0.0 0.016352531396013125 0.016352531396013125 0.01635253139601313 0.016352531385252476 1.5524735588948788 0.0 -5.6021397722455624e-06 0.0037426988862019977 0.0 0.0
0.0 -0.0007840897028285125 0.0 0.4937732427217072 0.0 0.016379022341305324 0.01637902234130532 0.01637902233929013 0.016379022341264055 1.5524735588948964 0.0 -5.602139191607091e-06 0.003742698886212114 0.0 0.0
0.0 -0.0007370473286692585 0.0 0.495646191661264 0.0 0.016354770063363545 0.016354770063324132 0.016354770063324132 0.016354770063360186 1.5524735588949394 0.0 -5.602138964907248e-06 0.0037426988862208793 0.0 0.0
0.0 -0.000686967643331317 0.0 0.49750980478450324 0.0 0.01628599504199063 0.01628599504199063 0.016285995041989784 0.016285995041984715 1.5524735588977459 0.0 -5.602139052274635e-06 0.003742698886271931 0.0 0.0
0.0 -0.0006345034828167179 0.0 0.4993559860911967 0.0 0.016178935407760428 0.01617893540776043 0.016178935407748583 0.016178935407748583 1.5524735589117096 0.0 -5.602139299955688e-06 0.0037426988863524567 0.0 0.0
0.0 -0.0005802963984782334 0.0 0.501178632664449 0.0 0.016040332569504743 0.01604033256950474 0.016040332569504743 0.016040332569504732 1.552473558942815 0.0 -5.602139685336875e-06 0.003742698886441694 0.0 0.0
0.0 -0.0005247714255009786 0.0 0.5029806441847045 0.0 0.01587694235322037 0.01587694235322037 0.015876942353227706 0.01587694235322037 1.5524735589895096 0.0 -5.60214006245409e-06 0.003742698886526121 0.0 0.0
0.0 -0.00046826301139454526 0.0 0.5047679249467832 0.0 0.015695275344876934 0.015695275344876924 0.015695275344876924 0.01569527534487693 1.5524735590436307 0.0 -5.602140368128616e-06 0.003742698886597887 0.0 0.0
0.0 -0.0004110150163175769 0.0 0.5065493838590576 0.0 0.015501596896403203 0.015501596896403203 0.015501596896412855 0.015501596896405508 1.5524735590934755 0.0 -5.602140530735624e-06 0.003742698886653206 0.0 0.0
0.0 -0.00035327843067395776 0.0 0.5083359191646917 0.0 0.015302925670752617 0.01530292567075262 0.015302925670754954 0.01530292567324502 1.5524735591229393 0.0 -5.602140477246022e-06 0.0037426988866857062 0.0 0.0
0.0 -0.00029517118700597705 0.0 0.5101424377565511 0.0 0.015105786689371225 0.015105786689368858 0.015105786689378864 0.015105786689371214 1.552473559124734 0.0 -5.6021401172369e-06 0.003742698886696586 0.0 0.0
0.0 -0.0002369626923614685 0.0 0.5119798341309164 0.0 0.014917448674000307 0.014917448674000322 0.014917448673990011 0.01491744867399001 1.5524735590941632 0.0 -5.602139473790786e-06 0.003742698886677439 0.0 0.0
0.0 -0.0001790001697086431 0.0 0.5138550053772071 0.0 0.014744923925105556 0.014744923925103235 0.014744923925103237 0.014744923925113847 1.5524735590408913 0.0 -5.602138609713854e-06 0.0037426988866260994 0.0 0.0
0.0 -0.00012147341587297945 0.0 0.5157669174799683 0.0 0.014590461232198777 0.014590461232198784 0.014590461232198775 0.014590461232187966 1.5524735589922865 0.0 -5.602137721724254e-06 0.003742698886563244 0.0 0.0
0.0 -6.452826372558685e-05 0.0 0.5177125545833603 0.0 0.014455055947436396 0.014455055947436395 0.014455055947436395 0.014455055947438523 1.5524735589544374 0.0 -5.6021368670515124e-06 0.0037426988864964475 0.0 0.0
0.0 -8.341733116983624e-06 0.0 0.519689889876721 0.0 0.014340455125981515 0.014340455125981515 0.014340455125979588 0.014340455125992019 1.5524735589264336 0.0 -5.602136030503437e-06 0.0037426988864261725 0.0 0.0
0.0 4.7006873345683285e-05 0.0 0.5216979118285519 0.0 0.014247407279299271 0.014247407279299271 0.01424740727928977 0.01424740727759375 1.5524735589089973 0.0 -5.602135196369457e-06 0.003742698886360303 0.0 0.0
0.0 0.00010132925178373551 0.0 0.5237326005466882 0.0 0.014177156175545023 0.014177156175545024 0.014177156175546012 0.014177156175546017 1.552473558899594 0.0 -5.602134430870749e-06 0.003742698886300753 0.0 0.0
0.0 0.00015446115546339397 0.0 0.5257909364269744 0.0 0.014130947189210496 0.014130947189210496 0.014130947189210496 0.014130947189210496 1.5524735588957925 0.0 -5.602133715166632e-06 0.003742698886252806 0.0 0.0
0.0 0.00020621428046496693 0.0 0.5278688995769243 0.0 0.014110024090399197 0.0141100240903992 0.0141100240903992 0.014110024085115701 1.5524735588949325 0.0 -5.602133076835757e-06 0.0037426988862219097 0.0 0.0
0.0 0.00025637626559809267 0.0 0.529961469815417 0.0 0.014115629041823733 0.014115629041823731 0.014115629041928276 0.014115629041928281 1.5524735588948968 0.0 -5.602132548230326e-06 0.0037426988862132404 0.0 0.0
0.0 0.00030477722172264464 0.0 0.532064630997187 0.0 0.014148755794882555 0.014148755794882556 0.014148755794882535 0.014148755746382809 1.5524735588948961 0.0 -5.602132110731203e-06 0.0037426988862108335 0.0 0.0
0.0 0.00035111984273601357 0.0 0.534171354868995 0.0 0.014211143339462263 0.014211143339462922 0.014211143361570134 0.014211143362990767 1.5524735588948908 0.0 -5.60213185567208e-06 0.003742698886204384 0.0 0.0
0.0 0.0003952045400387573 0.0 0.5362756284556903 0.0 0.014303532241701097 0.014303532241714673 0.01430353224171496 0.014303532227218597 1.5524735588948702 0.0 -5.602131764074226e-06 0.003742698886193559 0.0 0.0
0.0 0.00043678925271496867 0.0 0.5383704347463703 0.0 0.014426911370436389 0.014426911370436384 0.014426911370436384 0.014426911370436385 1.5524735588948135 0.0 -5.60213186809001e-06 0.003742698886178127 0.0 0.0
0.0 0.0004755894476118961 0.0 0.5404477526936616 0.0 0.014582518106399897 0.014582518106399893 0.014582518106399907 0.014582518113167606 1.5524735588946879 0.0 -5.602132194320665e-06 0.0037426988861579105 0.0 0.0
0.0 0.0005112908921026767 0.0 0.5424975644206158 0.0 0.014771336566398046 0.014771336566398044 0.014771336566402487 0.01477133656640248 1.5524735588944445 0.0 -5.602132787106004e-06 0.003742698886133385 0.0 0.0
0.0 0.0005436402410172741 0.0 0.5445108598333253 0.0 0.014993852389610337 0.014993852389607291 0.014993852389572343 0.014993852386347059 1.5524735588940226 0.0 -5.6021335976028155e-06 0.0037426988861055557 0.0 0.0
0.0 0.0005723176196102119 0.0 0.5464766245134683 0.0 0.015250798049252206 0.015250798049252206 0.015250798049252185 0.015250798049252204 1.552473558893336 0.0 -5.602134644430068e-06 0.003742698886075469 0.0 0.0
0.0 0.0005970215682436102 0.0 0.5483838477897631 0.0 0.015542655984057423 0.015542655984057423 0.015542655984059777 0.015542655984057423 1.552473558892284 0.0 -5.602135879375581e-06 0.003742698886044829 0.0 0.0
0.0 0.0006174449850618948 0.0 0.5502205224499002 0.0 0.015869656988180277 0.015869656988180273 0.015869656988180277 0.01586965698817607 1.5524735588907506 0.0 -5.602137264959665e-06 0.003742698886015891 0.0 0.0
0.0 0.0006332510689411134 0.0 0.5519726444517011 0.0 0.016231778611741455 0.01623177861174146 0.016231778611741472 0.016231778611727168 1.55247355888861 0.0 -5.602138765691816e-06 0.003742698885991483 0.0 0.0
0.0 0.0006440976888659654 0.0 0.5536122731686679 0.0 0.016624475277010355 0.016624475277010352 0.016624475277010355 0.016624475277414636 1.5524735588861216 0.0 -5.6021404986875005e-06 0.003742698885983214 0.0 0.0
0.0 0.0006499569463029622 0.0 0.5551214858482604 0.0 0.017042217291194418 0.01704221729119441 0.017042217291190927 0.017042217291190914 1.5524735588835434 0.0 -5.602142136705939e-06 0.0037426988859910267 0.0 0.0
0.0 0.0006509761618894576 0.0 0.5565003124689273 0.0 0.017483004352052686 0.017483004352052686 0.01748300435205185 0.017483004351160063 1.552473558880667 0.0 -5.602143414821709e-06 0.0037426988860051226 0.0 0.0
0.0 0.0006472530531363753 0.0 0.5577497683100591 0.0 0.01794583791150079 0.017945837911500787 0.01794583791150078 0.017945837911499833 1.5524735588773952 0.0 -5.60214437943588e-06 0.003742698886023267 0.0 0.0
0.0 0.0006388684111365361 0.0 0.5588678790278493 0.0 0.018428964499068983 0.01842896449906899 0.01842896450014419 0.018428964499067974 1.5524735588738587 0.0 -5.602145101067948e-06 0.0037426988860460157 0.0 0.0
0.0 0.0006258350088677779 0.0 0.5598536518289667 0.0 0.018931882436546966 0.018931882436546966 0.01893188243546548 0.01893188243546548 1.5524735588698702 0.0 -5.602145613122658e-06 0.0037426988860709788 0.0 0.0
0.0 0.0006082024494090102 0.0 0.5607061014153417 0.0 0.019453589967782407 0.01945358996778241 0.019453589966741527 0.019453589966741538 1.5524735588655176 0.0 -5.602145956617623e-06 0.003742698886097422 0.0 0.0
0.0 0.0005859297491021818 0.0 0.5614212378752247 0.0 0.01999333056567742 0.01999333056567742 0.019993330565677432 0.0199933305656791 1.5524735588607586 0.0 -5.602146173469547e-06 0.0037426988861246203 0.0 0.0
0.0 0.0005589759242430202 0.0 0.5619950712967527 0.0 0.020550347703936125 0.020550347703936128 0.020550347703937683 0.020550347703935018 1.5524735588555965 0.0 -5.602146292973832e-06 0.00374269888615093 0.0 0.0
0.0 0.0005272575188941249 0.0 0.5624226077316962 0.0 0.02112413328892855 0.02112413328892855 0.021124133288928558 0.02112413328826702 1.5524735588499614 0.0 -5.602146344179135e-06 0.0037426988861747664 0.0 0.0
0.0 0.0004907038499658391 0.0 0.5626978604383519 0.0 0.02171367754819139 0.02171367754819139 0.021713677548191382 0.021713677548642382 1.5524735588440146 0.0 -5.60214635348597e-06 0.0037426988861939746 0.0 0.0
0.0 0.00044920176211069057 0.0 0.5628138386388246 0.0 0.022318219144515806 0.02231821914451581 0.02231821914451617 0.022318219144516125 1.5524735588377037 0.0 -5.602146342280112e-06 0.0037426988862059958 0.0 0.0
0.0 0.0004025843433630398 0.0 0.5627605544362151 0.0 0.022936741891343326 0.022936741891343326 0.022936741891343315 0.022936741891343322 1.552473558831153 0.0 -5.602146325099279e-06 0.003742698886209001 0.0 0.0
0.0 0.0003507752684516318 0.0 0.5625310245477398 0.0 0.023567984375673763 0.023567984375673763 0.02356798437567376 0.023567984375673763 1.5524735588245269 0.0 -5.6021463087804205e-06 0.0037426988862202127 0.0 0.0
0.0 0.0002936275290771341 0.0 0.5621122789484849 0.0 0.024209675413112648 0.024209675413112648 0.02420967541311265 0.024209675413113942 1.55247355881839 0.0 -5.602146312284875e-06 0.0037426988862498665 0.0 0.0
0.0 0.00023103510062940575 0.0 0.5614953375258898 0.0 0.024860300345061006 0.02486030034506101 0.024860300345061006 0.024860300345061006 1.5524735588125425 0.0 -5.602146382325983e-06 0.003742698886301972 0.0 0.0
0.0 0.0001629118622140577 0.0 0.5606682380396432 0.0 0.02551708951587365 0.025517089515873653 0.025517089514696795 0.025517089515871415 1.55247355880776 0.0 -5.60214661678769e-06 0.003742698886381391 0.0 0.0
0.0 8.919010799681556e-05 0.0 0.5596190219974834 0.0 0.02617702323019778 0.026177023230197778 0.026177023230197778 0.026177023230198684 1.5524735588043712 0.0 -5.602147183485104e-06 0.003742698886491917 0.0 0.0
0.0 9.81490504559443e-06 0.0 0.5583347381143539 0.0 0.026836580115655963 0.026836580115655966 0.026836580115655963 0.026836580115660914 1.552473558802819 0.0 -5.602148358305277e-06 0.0037426988866365533 0.0 0.0
0.0 -7.51412625555866e-05 0.0 0.5568054472149825 0.0 0.027491493496305225 0.027491493496305232 0.027491493496305232 0.027491493496305232 1.552473558803628 0.0 -5.602150530633036e-06 0.0037426988868124724 0.0 0.0
0.0 -0.0001658848015904105 0.0 0.5550141856202959 0.0 0.02813898569624828 0.028138985696248276 0.028138985696248283 0.0281389856929965 1.5524735588059826 0.0 -5.602154387324692e-06 0.00374269888702609 0.0 0.0
0.0 -0.00026223986831641405 0.0 0.5529530259778257 0.0 0.02877404313251655 0.0287740431325108 0.028774043132510797 0.028774043132510797 1.5524735588110083 0.0 -5.60216066687724e-06 0.0037426988872600697 0.0 0.0
0.0 -0.00036371489773861 0.0 0.5506210729370321 0.0 0.029389663149898028 0.029389663149898028 0.029389663147262365 0.0293896631498882 1.5524735588193816 0.0 -5.602170144042522e-06 0.0037426988874864064 0.0 0.0
0.0 -0.00046973486865767793 0.0 0.5480224250954714 0.0 0.029979351177358806 0.0299793511773588 0.029979351176435035 0.02997935117736709 1.5524735588301204 0.0 -5.60218356056665e-06 0.003742698887680178 0.0 0.0
0.0 -0.0005795804165688097 0.0 0.5451671827806825 0.0 0.03053662226924929 0.030536622269249282 0.03053662226924929 0.030536622268907885 1.5524735588422895 0.0 -5.602201378309766e-06 0.0037426988878129087 0.0 0.0
0.0 -0.0006926298943449137 0.0 0.5420644310431827 0.0 0.03105599002461102 0.03105599002461102 0.0310559900251239 0.03105599002461101 1.552473558854521 0.0 -5.602224288300349e-06 0.0037426988878731574 0.0 0.0
0.0 -0.0008081725570039069 0.0 0.5387292454163284 0.0 0.031532727778312314 0.031532727778312265 0.031532727778312265 0.03153272777834027 1.552473558865773 0.0 -5.602252152866312e-06 0.003742698887848367 0.0 0.0
0.0 -0.0009255416205317773 0.0 0.5351786832720549 0.0 0.03196336226043793 0.03196336226048242 0.03196336226048243 0.031963362260494795 1.5524735588752274 0.0 -5.602284706982355e-06 0.003742698887743524 0.0 0.0
0.0 -0.0010441127732726098 0.0 0.5314287979471852 0.0 0.032344668637146155 0.032344668637146155 0.032344668637146155 0.03234466863712553 1.5524735588826561 0.0 -5.602321827923027e-06 0.0037426988875679055 0.0 0.0
0.0 -0.001163294380483846 0.0 0.527499617691197 0.0 0.03267517875257383 0.03267517875257383 0.032675178752573836 0.03267517875259018 1.552473558887921 0.0 -5.60236224141562e-06 0.0037426988873447064 0.0 0.0
0.0 -0.0012826590541853925 0.0 0.5234081511580247 0.0 0.03295466982986861 0.03295466982986861 0.03295466982986861 0.03295466982986861 1.55247355889131 0.0 -5.602405726383933e-06 0.00374269888710191 0.0 0.0
0.0 -0.0014018105947729016 0.0 0.5191723960403146 0.0 0.03318367081853003 0.03318367081853003 0.03318367079978913 0.03318367079978913 1.5524735588932823 0.0 -5.602451147901397e-06 0.003742698886861218 0.0 0.0
0.0 -0.0015204929923115554 0.0 0.5148083307207248 0.0 0.03336395761202298 0.03336395761202298 0.03336395761202298 0.03336395761202298 1.5524735588942857 0.0 -5.602498058902796e-06 0.003742698886645788 0.0 0.0
0.0 -0.0016384998400352264 0.0 0.5103329188734022 0.0 0.03349830791438165 0.03349830791438165 0.03349830791437125 0.03349830791445069 1.5524735588947167 0.0 -5.602545109072647e-06 0.0037426988864700237 0.0 0.0
0.0 -0.0017558427344803616 0.0 0.5057571074695407 0.0 0.033590489921596606 0.0335904899215966 0.0335904899215966 0.033590489921596606 1.5524735588948622 0.0 -5.602593449406557e-06 0.0037426988863423147 0.0 0.0
0.0 -0.0018726197058912574 0.0 0.5010928212663401 0.0 0.03364577374498526 0.03364577372512517 0.03364577360206234 0.03364577360206235 1.552473558894894 0.0 -5.602642032887847e-06 0.003742698886263169 0.0 0.0
0.0 -0.0019890250125232387 0.0 0.49634798388242984 0.0 0.03366942292093463 0.03366942292093464 0.03366942263088372 0.033669422630883725 1.5524735588948955 0.0 -5.6026918984130054e-06 0.0037426988862236327 0.0 0.0
0.0 -0.0021054058763507167 0.0 0.4915294924074036 0.0 0.03366846012138929 0.03366844723105624 0.03366844723105635 0.03366844351493879 1.5524735588948944 0.0 -5.602743135988193e-06 0.0037426988862132846 0.0 0.0
0.0 -0.0022221576328553846 0.0 0.48664224335834433 0.0 0.03364986298852505 0.03364986298852506 0.03364986298852505 0.033649862988525056 1.5524735588948997 0.0 -5.602796466336787e-06 0.0037426988861992325 0.0 0.0
0.0 -0.002339810166066117 0.0 0.4816901104758996 0.0 0.03362217086424384 0.03362217086424382 0.033622170864274624 0.03362217086427463 1.5524735588949112 0.0 -5.602852325073914e-06 0.003742698886178492 0.0 0.0
