0.0 -0.0017866122134867636 0.0 0.48183354113302507 0.0 0.02612108894188987 0.026121088965299064 0.026121089097204054 0.026121089095220665 1.5524735588997285 0.0 -5.602146508268682e-06 0.0037426988862132265 0.0 0.0
0.0 -0.0017843752842554655 0.0 0.4819265534962702 0.0 0.026121238135137073 0.026121238135137063 0.026121238135137066 0.026121238135137066 1.5524735588948373 0.0 -5.600296949960792e-06 0.003742698886213284 0.0 0.0
0.0 -0.0017807181919344457 0.0 0.4820786118656409 0.0 0.026121481883990372 0.02612148188399037 0.026121481883990365 0.026121481882622793 1.5524735588948966 0.0 -5.602146495058476e-06 0.003742698886213284 0.0 0.0
0.0 -0.0017756902312872746 0.0 0.48228767220497387 0.0 0.02612181698967409 0.026121816989674095 0.026121817058886148 0.026121817058886148 1.5524735588948966 0.0 -5.602146494261223e-06 0.003742698886213284 0.0 0.0
0.0 -0.0017693150658738188 0.0 0.48255274871177806 0.0 0.026122241985299943 0.026122241985299936 0.026122241985299964 0.026122241897534034 1.5524735588948966 0.0 -5.6021464925047035e-06 0.0037426988862132846 0.0 0.0
0.0 -0.0017616648673777601 0.0 0.4828708405199352 0.0 0.02612275189020314 0.02612275189020315 0.026122751890203147 0.02612275189040054 1.5524735588948966 0.0 -5.6021464894235085e-06 0.003742698886213284 0.0 0.0
0.0 -0.0017527877502552954 0.0 0.4832399470520322 0.0 0.02612334359786732 0.026123343597867336 0.026123343597882355 0.026123343597882362 1.5524735588948966 0.0 -5.602146484574906e-06 0.003742698886213284 0.0 0.0
0.0 -0.001742707771734381 0.0 0.4836590680193596 0.0 0.02612401545064835 0.026124015450667774 0.02612401545040744 0.026124015579003235 1.5524735588948966 0.0 -5.60214647739422e-06 0.003742698886213284 0.0 0.0
0.0 -0.0017314971034976558 0.0 0.4841252025558022 0.0 0.02612476277591069 0.026124762775910696 0.026124762775910707 0.026124762608436467 1.5524735588948966 0.0 -5.602146467814425e-06 0.0037426988862132833 0.0 0.0
0.0 -0.0017192038600054747 0.0 0.48463635008394595 0.0 0.026125582144854144 0.02612558214485414 0.02612558214488314 0.026125582144883128 1.5524735588948966 0.0 -5.602146455440696e-06 0.0037426988862132838 0.0 0.0
0.0 -0.0017058520984806426 0.0 0.4851915103150822 0.0 0.026126472162274206 0.026126472162308463 0.02612647214402781 0.02612647197786016 1.5524735588948966 0.0 -5.602146439674168e-06 0.0037426988862132838 0.0 0.0
0.0 -0.0016915139906112085 0.0 0.48578768238310105 0.0 0.02612742785708691 0.026127427878574156 0.026127427680356544 0.026127427878613774 1.5524735588948966 0.0 -5.602146421106227e-06 0.0037426988862132846 0.0 0.0
0.0 -0.0016762376508505537 0.0 0.4864228657105883 0.0 0.026128446079922946 0.026128446079922946 0.026128446079922974 0.026128446055839978 1.5524735588948966 0.0 -5.602146399403696e-06 0.003742698886213283 0.0 0.0
0.0 -0.0016600471364275951 0.0 0.48709606000883604 0.0 0.02612952531486213 0.02612952531491295 0.02612952509058988 0.02612952531486212 1.5524735588948966 0.0 -5.6021463739189195e-06 0.003742698886213283 0.0 0.0
0.0 -0.0016430146190259249 0.0 0.48780426441173924 0.0 0.026130660575280355 0.02613066057528033 0.026130660575280358 0.026130660545121445 1.5524735588948966 0.0 -5.6021463461330395e-06 0.0037426988862132846 0.0 0.0
0.0 -0.0016251882130998256 0.0 0.4885454783418855 0.0 0.026131848801209816 0.02613184880120981 0.026131848801209792 0.02613184877083509 1.5524735588948966 0.0 -5.602146315691471e-06 0.0037426988862132825 0.0 0.0
0.0 -0.001606591975882748 0.0 0.48931870151056367 0.0 0.02613308839753382 0.026133088397533814 0.026133088139022875 0.026133088397468862 1.5524735588948966 0.0 -5.60214628182261e-06 0.003742698886213284 0.0 0.0
0.0 -0.0015872980790523664 0.0 0.4901209330516797 0.0 0.026134374356854048 0.026134374356854034 0.02613437439300697 0.026134374393006976 1.5524735588948966 0.0 -5.602146246999894e-06 0.0037426988862132846 0.0 0.0
0.0 -0.0015673546370674459 0.0 0.49095017238781813 0.0 0.026135703632724116 0.026135703632724095 0.026135703632724085 0.026135703952432546 1.5524735588948966 0.0 -5.602146210720078e-06 0.003742698886213284 0.0 0.0
0.0 -0.0015467857071534104 0.0 0.4918054192302655 0.0 0.02613707475362553 0.02613707475354168 0.026137074708783604 0.02613707475407918 1.5524735588948966 0.0 -5.602146171992859e-06 0.003742698886213282 0.0 0.0
0.0 -0.0015203468137305381 0.0 0.4929047365126244 0.0 0.026138837056720824 0.026138837056720807 0.02613883705672082 0.026138836977925545 1.5524735588948966 0.0 -5.60214560927609e-06 0.0037426988862132846 0.0 0.0
0.0 -0.0014832986832098698 0.0 0.4944451810983437 0.0 0.02614130653212291 0.026141306532122967 0.026141306381778518 0.02614130653115282 1.5524735588948966 0.0 -5.60214306300753e-06 0.003742698886213277 0.0 0.0
0.0 -0.0014365073759864781 0.0 0.4963907425875298 0.0 0.02614442526800194 0.02614442550465992 0.026144425504659938 0.026144425269669785 1.5524735588948966 0.0 -5.6021377013333096e-06 0.0037426988862132725 0.0 0.0
0.0 -0.0013808148952267891 0.0 0.49870641086895473 0.0 0.026148137590505195 0.026148137590505202 0.026148137590505237 0.026148137589876365 1.5524735588948968 0.0 -5.602128687183046e-06 0.0037426988862132504 0.0 0.0
0.0 -0.0013171113584338 0.0 0.501355175257842 0.0 0.02615238366270861 0.02615238366270856 0.026152383662708653 0.026152384107775224 1.5524735588948968 0.0 -5.602115675290661e-06 0.003742698886213262 0.0 0.0
0.0 -0.0012462387685998008 0.0 0.5043020256495632 0.0 0.026157107813915868 0.026157107814750186 0.026157107812872945 0.0261571078128729 1.5524735588948968 0.0 -5.602098675725172e-06 0.003742698886213229 0.0 0.0
0.0 -0.0011690631857861047 0.0 0.5075109516554895 0.0 0.026162252255407487 0.026162252255407463 0.026162252255407376 0.026162251160419148 1.5524735588948968 0.0 -5.602078288524431e-06 0.0037426988862131853 0.0 0.0
0.0 -0.0010864266128158447 0.0 0.510946943177931 0.0 0.026167760349231507 0.02616776034923154 0.026167760349231597 0.026167759568796575 1.552473558894897 0.0 -5.602055410881068e-06 0.0037426988862132083 0.0 0.0
0.0 -0.0009992191666997883 0.0 0.5145729895468467 0.0 0.02617357331158409 0.02617357331324025 0.02617357331324033 0.02617357206146252 1.552473558894897 0.0 -5.602031578859617e-06 0.0037426988862131567 0.0 0.0
0.0 -0.000908258792951862 0.0 0.5183550809556093 0.0 0.026179635998460966 0.026179635998460907 0.026179635998461015 0.02617963599846099 1.5524735588948972 0.0 -5.6020079854044264e-06 0.0037426988862131446 0.0 0.0
0.0 -0.0008144596657813135 0.0 0.5222552064506647 0.0 0.02618588855715477 0.026185888557154747 0.026185888554602195 0.026185887191911148 1.5524735588948972 0.0 -5.601986834641244e-06 0.003742698886213085 0.0 0.0
0.0 -0.0007186397306175641 0.0 0.5262393562238394 0.0 0.026192275479963355 0.02619227547996327 0.02619227407866391 0.026192275479963303 1.5524735588948972 0.0 -5.6019691158511374e-06 0.0037426988862130747 0.0 0.0
0.0 -0.0006216650474872224 0.0 0.530271519895073 0.0 0.026198739605329684 0.026198739605329577 0.02619873960532962 0.02619873724077852 1.5524735588948972 0.0 -5.6019565328451375e-06 0.0037426988862130145 0.0 0.0
0.0 -0.0005244257333667163 0.0 0.5343146867921967 0.0 0.026205220537762513 0.02620522053776242 0.02620522053776248 0.02620522053776247 1.5524735588948975 0.0 -5.60195035909894e-06 0.003742698886213065 0.0 0.0
0.0 -0.0004277397340488599 0.0 0.5383348470997956 0.0 0.026211665179858613 0.02621166517985861 0.026211665179858613 0.026211665179858613 1.5524735588948975 0.0 -5.601950647646091e-06 0.0037426988862131207 0.0 0.0
0.0 -0.0003324971668205329 0.0 0.5422949901410176 0.0 0.02621801360824879 0.02621801360824882 0.026218013610506172 0.02621801361050613 1.5524735588948972 0.0 -5.601958084468211e-06 0.0037426988862131246 0.0 0.0
0.0 -0.00023956409198767507 0.0 0.5461591055173645 0.0 0.02622420845067067 0.026224208450670604 0.026224208450670628 0.026224207042929836 1.5524735588948972 0.0 -5.601972018668074e-06 0.003742698886213131 0.0 0.0
0.0 -0.00014975845574411825 0.0 0.5498931834025195 0.0 0.0262301941274341 0.026230194127434065 0.026230194127433895 0.026230194127433992 1.5524735588948972 0.0 -5.6019911083464435e-06 0.003742698886213188 0.0 0.0
0.0 -6.397037554622096e-05 0.0 0.5534602131069394 0.0 0.026235912364361354 0.02623591236436132 0.026235912364361274 0.026235912364361284 1.5524735588948972 0.0 -5.602014414244002e-06 0.003742698886213152 0.0 0.0
0.0 1.693408776454223e-05 0.0 0.5568241842215144 0.0 0.02624130531759714 0.02624130531759706 0.026241305317597118 0.026241304374941283 1.552473558894897 0.0 -5.602039921617905e-06 0.003742698886213166 0.0 0.0
0.0 9.783854507413528e-05 0.0 0.5601881551207698 0.0 0.02624669804179758 0.02624669804179771 0.02624669707204239 0.026246698041797693 1.552473558894897 0.0 -5.602037933790028e-06 0.0037426988862131654 0.0 0.0
0.0 0.00018362661311619396 0.0 0.5637551843983718 0.0 0.02625241603600186 0.026252416036001966 0.02625241603600182 0.026252416036001872 1.5524735588948972 0.0 -5.602006731220026e-06 0.0037426988862131047 0.0 0.0
0.0 0.00027343223820767786 0.0 0.5674892618882771 0.0 0.026258401710137227 0.02625840171013725 0.02625840171013724 0.02625840312723772 1.5524735588948972 0.0 -5.601975345966436e-06 0.003742698886213185 0.0 0.0
0.0 0.00036636530338199683 0.0 0.5713533769268085 0.0 0.026264597598077484 0.02626459760061624 0.026264597600616293 0.026264593414970807 1.5524735588948975 0.0 -5.601946135693581e-06 0.0037426988862130704 0.0 0.0
0.0 0.00046160786334191684 0.0 0.575313519710179 0.0 0.026270944984335343 0.026270944984335437 0.026270944981485137 0.026270944981485144 1.5524735588948975 0.0 -5.601920638642034e-06 0.0037426988862130583 0.0 0.0
0.0 0.0005582938582331894 0.0 0.5793336798632772 0.0 0.026277390396718066 0.02627739039671799 0.026277387306592542 0.026277390399613614 1.5524735588948975 0.0 -5.6019012052464185e-06 0.0037426988862131667 0.0 0.0
0.0 0.0006555331711949101 0.0 0.5833768467187745 0.0 0.026283870355994127 0.026283870355994027 0.02628387035301809 0.02628387352880799 1.5524735588948977 0.0 -5.6018897125557075e-06 0.003742698886213045 0.0 0.0
0.0 0.0007525078565326467 0.0 0.5874090104633691 0.0 0.026290335033059282 0.026290335033059165 0.02629033503305919 0.026290335033059192 1.5524735588948977 0.0 -5.6018864974524225e-06 0.0037426988862130444 0.0 0.0
0.0 0.000848327796916428 0.0 0.5913931604243368 0.0 0.026296721947613195 0.026296721947613167 0.02629672194761318 0.026296721947613157 1.5524735588948977 0.0 -5.601892758862032e-06 0.0037426988862131073 0.0 0.0
0.0 0.0009421269321733633 0.0 0.5952932862039072 0.0 0.026302974162326184 0.026302974165242493 0.02630297416531776 0.02630297416531776 1.5524735588948975 0.0 -5.601907951259709e-06 0.0037426988862131133 0.0 0.0
0.0 0.0010330873161870236 0.0 0.5990753779746121 0.0 0.0263090348768531 0.026309037923627654 0.026309037926482624 0.026309037926482596 1.5524735588948975 0.0 -5.601930575714189e-06 0.003742698886213122 0.0 0.0
0.0 0.0011202947740835906 0.0 0.6027014247593683 0.0 0.026314850010071784 0.026314850010071743 0.02631485000738956 0.026314850010071705 1.5524735588948972 0.0 -5.6019598508593265e-06 0.003742698886213184 0.0 0.0
0.0 0.0012029313594541715 0.0 0.6061374167177165 0.0 0.026320358184019836 0.026320358181532433 0.026320358181532413 0.02632035818153243 1.5524735588948972 0.0 -5.601992641726084e-06 0.0037426988862131485 0.0 0.0
0.0 0.0012801069544020908 0.0 0.6093463431518403 0.0 0.02632550235049719 0.02632550235049718 0.0263255023504972 0.026325502350497194 1.552473558894897 0.0 -5.602026941999004e-06 0.003742698886213205 0.0 0.0
0.0 0.0013509795553149006 0.0 0.6122931939335567 0.0 0.026330226695747774 0.026330226695747746 0.02633022547429701 0.026330226695747763 1.552473558894897 0.0 -5.602059744077859e-06 0.003742698886213217 0.0 0.0
0.0 0.0014146831013897728 0.0 0.6149419586517715 0.0 0.026334472781687036 0.026334472781687063 0.026334472781686966 0.02633447195187094 1.5524735588948968 0.0 -5.602088801258907e-06 0.003742698886213202 0.0 0.0
0.0 0.0014703755893444139 0.0 0.6172576271872198 0.0 0.026338185021062045 0.026338185021062 0.026338185021061923 0.026338184048828883 1.5524735588948968 0.0 -5.602112213639807e-06 0.0037426988862132634 0.0 0.0
0.0 0.0015171669015168242 0.0 0.6192031888510244 0.0 0.026341303464566347 0.026341303465432113 0.026341303465432123 0.026341304286856458 1.5524735588948968 0.0 -5.602129152701383e-06 0.0037426988862132695 0.0 0.0
0.0 0.0015542150348968524 0.0 0.6207436335384278 0.0 0.02634377312763793 0.02634377312763795 0.02634377312818722 0.026343773128187198 1.5524735588948966 0.0 -5.602139590366555e-06 0.003742698886213265 0.0 0.0
0.0 0.0015806539295709827 0.0 0.6218429508650916 0.0 0.026345535188310357 0.026345535188310332 0.026345535656601925 0.026345535656601915 1.5524735588948966 0.0 -5.602144685390635e-06 0.0037426988862132794 0.0 0.0
0.0 0.0016012228597475577 0.0 0.6226981977167848 0.0 0.026346906361008178 0.026346906361008178 0.02634690636100817 0.026346906726251257 1.5524735588948966 0.0 -5.6021458273749235e-06 0.0037426988862132816 0.0 0.0
0.0 0.0016211663017540786 0.0 0.6235274370537888 0.0 0.02634823578995809 0.026348235789958117 0.026348235790121136 0.026348235790121178 1.5524735588948966 0.0 -5.6021459017846385e-06 0.0037426988862132846 0.0 0.0
0.0 0.0016404601986074621 0.0 0.6243296685957322 0.0 0.02634952185255242 0.026349521852552456 0.026349521852552432 0.026349521770662035 1.5524735588948966 0.0 -5.6021459726693725e-06 0.003742698886213284 0.0 0.0
0.0 0.0016590564358496616 0.0 0.6251028917652188 0.0 0.02635076147523335 0.026350761475233346 0.02635076147523341 0.026350761059722047 1.5524735588948966 0.0 -5.602146041954776e-06 0.003742698886213282 0.0 0.0
0.0 0.0016768828417983955 0.0 0.6258441056961438 0.0 0.026351949597112578 0.026351949597112585 0.026351949597112567 0.02635194959758829 1.5524735588948966 0.0 -5.602146110600364e-06 0.0037426988862132846 0.0 0.0
0.0 0.0016939153592177502 0.0 0.6265523100997534 0.0 0.02635308490616576 0.026353084906165728 0.026353084906165763 0.026353084906165752 1.5524735588948966 0.0 -5.602146173168528e-06 0.0037426988862132846 0.0 0.0
0.0 0.0017101058736593935 0.0 0.6272255043986539 0.0 0.026354164018375148 0.02635416401837513 0.026354164018490916 0.026354164309041868 1.5524735588948966 0.0 -5.602146231107302e-06 0.003742698886213284 0.0 0.0
0.0 0.001725382213438585 0.0 0.6278606877267338 0.0 0.026355182341340072 0.026355182341340037 0.02635518234134008 0.026355182341241616 1.5524735588948966 0.0 -5.602146285010854e-06 0.003742698886213286 0.0 0.0
0.0 0.0017397203213216216 0.0 0.6284568597952613 0.0 0.026356138117731714 0.026356138117731697 0.026356138117731714 0.026356137860229653 1.5524735588948966 0.0 -5.602146331446373e-06 0.0037426988862132833 0.0 0.0
0.0 0.0017530720828580649 0.0 0.6290120200268359 0.0 0.026357028030460965 0.02635702803046092 0.026357028030010107 0.026357027989489478 1.5524735588948966 0.0 -5.602146371628397e-06 0.003742698886213284 0.0 0.0
0.0 0.0017653653263621507 0.0 0.6295231675553465 0.0 0.026357847375425132 0.026357847375485896 0.026357847375485913 0.02635784759733188 1.5524735588948966 0.0 -5.6021464061201805e-06 0.0037426988862132846 0.0 0.0
0.0 0.001776575994605648 0.0 0.6299893020920778 0.0 0.026358594631662974 0.026358594631663033 0.02635859463166298 0.026358594834182028 1.5524735588948966 0.0 -5.602146433435888e-06 0.003742698886213284 0.0 0.0
0.0 0.0017866559731330122 0.0 0.6304084230596289 0.0 0.026359266521697563 0.02635926652169754 0.026359266521356072 0.026359266703648368 1.5524735588948966 0.0 -5.602146454764313e-06 0.003742698886213284 0.0 0.0
0.0 0.0017955330902609497 0.0 0.63077752959189 0.0 0.02635985831489715 0.02635985831489716 0.026359858314897146 0.026359858154197408 1.5524735588948966 0.0 -5.602146470875923e-06 0.0037426988862132846 0.0 0.0
0.0 0.0018031832887594888 0.0 0.6310956214001568 0.0 0.026360368236279037 0.02636036823627902 0.02636036809762823 0.02636036823627903 1.5524735588948966 0.0 -5.602146481825381e-06 0.0037426988862132846 0.0 0.0
0.0 0.0018095584541754127 0.0 0.6313606979070295 0.0 0.026360793107090625 0.026360793107072934 0.02636079312590781 0.026360793222707627 1.5524735588948966 0.0 -5.602146488822972e-06 0.003742698886213284 0.0 0.0
0.0 0.0018145864148232855 0.0 0.6315697582464002 0.0 0.026361128282799188 0.026361128282799174 0.026361128282788172 0.026361128276919023 1.5524735588948966 0.0 -5.602146492831112e-06 0.0037426988862132846 0.0 0.0
0.0 0.0018182431134763093 0.0 0.6317218021295704 0.0 0.02636137201996245 0.026361372019972715 0.026361372019962442 0.02636137201997271 1.5524735588948966 0.0 -5.602146494657263e-06 0.003742698886213284 0.0 0.0
0.0 0.0018204799158126515 0.0 0.6318148098570682 0.0 0.02636152114681836 0.026361521146818376 0.026361521146818372 0.026361521106173066 1.5524735588948395 0.0 -5.599705062239808e-06 0.003742698886213284 0.0 0.0
0.0 0.0018212261519336827 0.0 0.6318458358010249 0.0 0.026361570851166152 0.026361570851166152 0.026361570851166152 0.0263615708783145 1.5524735588948904 0.0 -5.601874782982586e-06 0.003742698886213284 0.0 0.0
