0.0 -0.000906662693384953 0.0 0.4822146807576208 0.0 0.014239874395773428 0.01423987439577339 0.014239874424517572 0.014239874442479148 1.5524735600314536 0.0 -5.602149530097618e-06 0.0037426988862086733 0.0 0.0
0.0 -0.0009467577687720596 0.0 0.4824394430623101 0.0 0.014861090971546944 0.014861090971546947 0.014861090971546946 0.014861090971546795 1.5524735588426977 0.0 -5.602146353959874e-06 0.0037426988861996857 0.0 0.0
0.0 -0.0009868898447618775 0.0 0.48266419789649534 0.0 0.015482809929244137 0.015482809929244142 0.015482809929244138 0.015482809929244291 1.5524735588416785 0.0 -5.602146351231251e-06 0.0037426988861996037 0.0 0.0
0.0 -0.0010270106364715778 0.0 0.4828909458129828 0.0 0.016105032169599066 0.016105032169599066 0.016105032169218617 0.016105032169218974 1.5524735588406338 0.0 -5.602146348372164e-06 0.0037426988861992906 0.0 0.0
0.0 -0.001067162616120108 0.0 0.48311868277546677 0.0 0.016728006126251242 0.016728006126251242 0.01672800612586942 0.016728006125869777 1.5524735588394747 0.0 -5.602146345239896e-06 0.0037426988861990274 0.0 0.0
0.0 -0.0011073330109174818 0.0 0.48334641599046674 0.0 0.017351230120817733 0.01735123012081773 0.01735123012081773 0.01735123012043598 1.5524735588384662 0.0 -5.602146342542084e-06 0.003742698886198902 0.0 0.0
0.0 -0.0011474864791917768 0.0 0.4835771388286781 0.0 0.017975209038859675 0.01797520903885968 0.017975209038859675 0.017975209038472773 1.552473558837249 0.0 -5.602146339184729e-06 0.0037426988861985304 0.0 0.0
0.0 -0.0011876343053947233 0.0 0.4838088582081201 0.0 0.018599439598365106 0.018599439598365106 0.01859943959836511 0.018599439598365106 1.5524735588361875 0.0 -5.602146336311105e-06 0.003742698886198282 0.0 0.0
0.0 -0.0012277892622887896 0.0 0.48404256692222586 0.0 0.01922442347769437 0.019224423477694364 0.019224423477694357 0.019224423478085978 1.5524735588349097 0.0 -5.602146332820487e-06 0.003742698886197951 0.0 0.0
0.0 -0.0012679145198286191 0.0 0.48427827246617927 0.0 0.019849660602236207 0.019849660602235836 0.01984966060223584 0.019849660602631537 1.5524735588337917 0.0 -5.602146329758734e-06 0.003742698886197625 0.0 0.0
0.0 -0.0013080228509053343 0.0 0.48451696763351904 0.0 0.02047565265032613 0.020475652650326127 0.020475652650326137 0.020475652649925853 1.5524735588324476 0.0 -5.602146326052295e-06 0.00374269888619718 0.0 0.0
0.0 -0.001348101482604055 0.0 0.48475765963078016 0.0 0.02110189794324167 0.02110189794324168 0.021101897943241302 0.0211018979432415 1.5524735588312701 0.0 -5.602146322826261e-06 0.0037426988861968104 0.0 0.0
0.0 -0.0013881447728009816 0.0 0.4850013449988397 0.0 0.021728648122174905 0.02172864812217528 0.021728648122174902 0.021728648121766704 1.5524735588299603 0.0 -5.602146319203938e-06 0.003742698886196402 0.0 0.0
0.0 -0.001428152721442372 0.0 0.48524802373797443 0.0 0.022355903186894618 0.022355903186894614 0.0223559031868954 0.022355903186895575 1.5524735588286156 0.0 -5.602146315485479e-06 0.0037426988861959 0.0 0.0
0.0 -0.0014681253285410473 0.0 0.48549769584804664 0.0 0.022983663137615382 0.022983663137615382 0.022983663137615573 0.022983663138033072 1.552473558827236 0.0 -5.602146311667535e-06 0.003742698886195444 0.0 0.0
0.0 -0.0015080385368812061 0.0 0.48575136161776006 0.0 0.023611929578192276 0.023611929578192276 0.023611929578191474 0.023611929577766456 1.5524735588258194 0.0 -5.602146307703501e-06 0.0037426988861948367 0.0 0.0
0.0 -0.0015478979886076898 0.0 0.48600802450610053 0.0 0.024240450866964615 0.024240450866964615 0.024240450866964417 0.024240450866964414 1.5524735588244774 0.0 -5.602146303974954e-06 0.0037426988861943636 0.0 0.0
0.0 -0.001587716456651179 0.0 0.48626867730641815 0.0 0.02486972868262708 0.02486972868262708 0.024869728682627084 0.024869728682626265 1.5524735588228724 0.0 -5.602146299491656e-06 0.003742698886193705 0.0 0.0
0.0 -0.001627414638580322 0.0 0.48653433155035175 0.0 0.025499014516618592 0.025499014516617766 0.025499014516617974 0.025499014516618596 1.5524735588215712 0.0 -5.602146295762232e-06 0.003742698886192992 0.0 0.0
0.0 -0.0016670718367781967 0.0 0.4868039757063455 0.0 0.02612905687707284 0.026129056877072843 0.026129056877072836 0.026129056877524204 1.5524735588198828 0.0 -5.60214629103538e-06 0.003742698886192313 0.0 0.0
0.0 -0.0017073667434760191 0.0 0.48708443940680773 0.0 0.02677136871359925 0.026771368713599253 0.02677136871360013 0.02677136871360037 1.5524735588123981 0.0 -5.602146270392054e-06 0.00374269888618981 0.0 0.0
0.0 -0.0017488732032563618 0.0 0.48738157822855177 0.0 0.027435711117381127 0.027435711117381134 0.02743571111738113 0.02743571111738113 1.5524735587987375 0.0 -5.602146232749051e-06 0.0037426988861851917 0.0 0.0
0.0 -0.001791224404161484 0.0 0.4876984529991651 0.0 0.028118088309172676 0.028118088309172673 0.028118088309172676 0.028118088309171375 1.5524735587857974 0.0 -5.602146196581667e-06 0.0037426988861799008 0.0 0.0
0.0 -0.001834083232727647 0.0 0.4880361277158403 0.0 0.02881425125281229 0.02881425125281229 0.02881425125281264 0.028814251252812294 1.5524735587743463 0.0 -5.602146163985536e-06 0.0037426988861743006 0.0 0.0
0.0 -0.0018770715917749558 0.0 0.4883996562883442 0.0 0.0295207074380719 0.029520707438071902 0.029520707438071895 0.0295207074380719 1.5524735587644256 0.0 -5.602146134488226e-06 0.0037426988861675 0.0 0.0
0.0 -0.0019198764250950018 0.0 0.48878910242547496 0.0 0.03023320622583075 0.03023320622583074 0.03023320622583074 0.030233206225188273 1.5524735587570586 0.0 -5.602146111152432e-06 0.003742698886160572 0.0 0.0
0.0 -0.0019621309198331912 0.0 0.48920752695448827 0.0 0.030947751823096822 0.03094775182309682 0.030947751823096826 0.030947751823782267 1.5524735587524767 0.0 -5.602146093939632e-06 0.003742698886153045 0.0 0.0
0.0 -0.0020035347925133193 0.0 0.489655986377748 0.0 0.03166059526893523 0.03166059526893523 0.03166059526893523 0.03166059526820354 1.5524735587507672 0.0 -5.602146083091737e-06 0.0037426988861453065 0.0 0.0
0.0 -0.0020437268725556723 0.0 0.49013654498139975 0.0 0.032367489129280044 0.032367489129280044 0.032367489129280044 0.032367489128501556 1.5524735587524732 0.0 -5.602146079488888e-06 0.0037426988861375327 0.0 0.0
0.0 -0.0020824606330802913 0.0 0.49064726214929083 0.0 0.03306442959327136 0.03306442959327136 0.03306442959327135 0.03306442959327216 1.552473558757383 0.0 -5.60214608336768e-06 0.0037426988861308974 0.0 0.0
0.0 -0.002119435790680277 0.0 0.4911891943835647 0.0 0.033747667698319814 0.03374766769831981 0.033747667698319814 0.033747667698319814 1.5524735587651202 0.0 -5.6021460926741485e-06 0.003742698886124775 0.0 0.0
0.0 -0.0021544114606874376 0.0 0.49175940452706146 0.0 0.03441294799247417 0.03441294799247417 0.03441294799247417 0.03441294799247249 1.5524735587757252 0.0 -5.6021461089387455e-06 0.003742698886120921 0.0 0.0
0.0 -0.002187226060848123 0.0 0.4923539438909382 0.0 0.03505676353147902 0.035056763531479004 0.03505676353147901 0.03505676353147901 1.5524735587881668 0.0 -5.602146130310368e-06 0.0037426988861196083 0.0 0.0
0.0 -0.002217686820886484 0.0 0.4929678747405147 0.0 0.035674855656235537 0.035674855656235537 0.03567485565623553 0.03567485565623794 1.5524735588023568 0.0 -5.602146157715258e-06 0.003742698886121324 0.0 0.0
0.0 -0.002245680273021675 0.0 0.493595247809379 0.0 0.03626371421561412 0.036263714215614126 0.03626371421561532 0.03626371421369408 1.5524735588171361 0.0 -5.602146189371796e-06 0.003742698886126129 0.0 0.0
0.0 -0.002271141063865344 0.0 0.4942281132540629 0.0 0.036819825850286196 0.036819825850286196 0.036819825850286196 0.03681982585124001 1.5524735588318543 0.0 -5.602146225430164e-06 0.0037426988861341596 0.0 0.0
0.0 -0.002294009482187684 0.0 0.49485752468986155 0.0 0.037339425563668774 0.03733942556366877 0.03733942556366877 0.03733942556366702 1.5524735588459702 0.0 -5.602146265469206e-06 0.0037426988861448663 0.0 0.0
0.0 -0.002314305119293858 0.0 0.4954735242005987 0.0 0.03781949686457777 0.03781949686457777 0.03781949686548702 0.03781949686457777 1.5524735588586285 0.0 -5.6021463075224834e-06 0.003742698886157194 0.0 0.0
0.0 -0.002332016378491325 0.0 0.49606516482411206 0.0 0.038256271548847816 0.038256271548847816 0.03825627154884781 0.03825627154884781 1.5524735588696459 0.0 -5.6021463505092785e-06 0.003742698886170342 0.0 0.0
0.0 -0.0023472534377737644 0.0 0.4966194840305443 0.0 0.03864697835356642 0.03864697835356642 0.03864697835356642 0.03864697835436922 1.5524735588784897 0.0 -5.602146391856359e-06 0.0037426988861830224 0.0 0.0
0.0 -0.0023604045022937096 0.0 0.4971393889965408 0.0 0.038997873031237244 0.038997873031237244 0.03899787303123724 0.03899787303049515 1.5524735588840808 0.0 -5.602146420254299e-06 0.003742698886191748 0.0 0.0
0.0 -0.0023719840180253487 0.0 0.49763472895862787 0.0 0.039319223164115874 0.039319223164115874 0.03931922316411588 0.039319223164116034 1.5524735588871983 0.0 -5.602146436680632e-06 0.003742698886196822 0.0 0.0
0.0 -0.0023822441541181748 0.0 0.49810644799190634 0.0 0.0396147809255268 0.039614780925526796 0.03961478092486576 0.03961478092486576 1.552473558889328 0.0 -5.602146449102241e-06 0.0037426988862006238 0.0 0.0
0.0 -0.002391376192169966 0.0 0.49855649795537893 0.0 0.039887800012202386 0.03988780001220239 0.039887800012202386 0.03988780001282736 1.5524735588908012 0.0 -5.602146458388918e-06 0.0037426988862034292 0.0 0.0
0.0 -0.0023995232992956262 0.0 0.49898883128538035 0.0 0.04014153733051051 0.04014153733051051 0.04014153733051051 0.04014153733051051 1.5524735588918128 0.0 -5.6021464649304065e-06 0.003742698886205408 0.0 0.0
0.0 -0.002406882399216408 0.0 0.49940440329972763 0.0 0.04037899493610075 0.040378994936100754 0.04037899493610075 0.04037899493610181 1.552473558892511 0.0 -5.6021464700174424e-06 0.003742698886206896 0.0 0.0
0.0 -0.0024135726018185842 0.0 0.49980816672347644 0.0 0.04060343133721664 0.04060343133721663 0.04060343133721664 0.04060343133776346 1.5524735588929772 0.0 -5.6021464733092784e-06 0.003742698886207887 0.0 0.0
0.0 -0.0024197186591252366 0.0 0.5002040777405579 0.0 0.040817853401073 0.040817853401073 0.040817853401072995 0.040817853401602544 1.5524735588932854 0.0 -5.602146475391464e-06 0.003742698886208536 0.0 0.0
0.0 -0.0024254396810016758 0.0 0.5005970890760254 0.0 0.041025519635652624 0.041025519635652624 0.04102551963617477 0.041025519635652624 1.5524735588934688 0.0 -5.602146476315274e-06 0.0037426988862088863 0.0 0.0
0.0 -0.0024308420044004547 0.0 0.5009911606613942 0.0 0.041229186870371054 0.041229186870371054 0.041229186870371054 0.04122918686985312 1.5524735588935663 0.0 -5.602146476389748e-06 0.003742698886209021 0.0 0.0
0.0 -0.0024359541524322215 0.0 0.5013942498353753 0.0 0.04143186838556122 0.041431868385561225 0.041431868385561225 0.041431868385559255 1.552473558893583 0.0 -5.6021464749506775e-06 0.003742698886208856 0.0 0.0
0.0 -0.0024409008771022313 0.0 0.5018103127819371 0.0 0.04163657104853823 0.04163657104853823 0.04163657104853823 0.041636571048537734 1.5524735588935206 0.0 -5.602146472470977e-06 0.003742698886208458 0.0 0.0
0.0 -0.0024456738713768016 0.0 0.502247314334922 0.0 0.04184580806458341 0.04184580806458341 0.04184580806458342 0.04184580806514346 1.5524735588933842 0.0 -5.6021464679016795e-06 0.0037426988862077153 0.0 0.0
0.0 -0.0024503441306504693 0.0 0.5027122077968285 0.0 0.0420628411491832 0.042062841149183204 0.042062841149183204 0.0420628411491832 1.5524735588931335 0.0 -5.6021464606053224e-06 0.0037426988862064906 0.0 0.0
0.0 -0.002454933047253663 0.0 0.5032109611716937 0.0 0.04228993026264179 0.04228993026264179 0.04228993026264178 0.042289930262640614 1.552473558892768 0.0 -5.602146449798549e-06 0.0037426988862047056 0.0 0.0
0.0 -0.0024594026147541333 0.0 0.503753536123231 0.0 0.042529841855149755 0.042529841855149755 0.042529841855149755 0.042529841855820635 1.5524735588922252 0.0 -5.60214643226731e-06 0.003742698886201918 0.0 0.0
0.0 -0.0024637261110194227 0.0 0.5043479012328759 0.0 0.042784839094943454 0.042784839094941095 0.04278483909494109 0.042784839094941095 1.5524735588914598 0.0 -5.602146405424921e-06 0.0037426988861978287 0.0 0.0
0.0 -0.002467841472381753 0.0 0.5050050184530094 0.0 0.04305769003516327 0.04305769003516327 0.043057690035163264 0.043057690035163264 1.552473558890353 0.0 -5.602146362284701e-06 0.003742698886191603 0.0 0.0
0.0 -0.0024716426742429566 0.0 0.5057338678964854 0.0 0.043349909334107414 0.043349909334107414 0.043349909334107414 0.043349909334107414 1.5524735588888645 0.0 -5.602146295713294e-06 0.0037426988861826035 0.0 0.0
0.0 -0.002474982708316137 0.0 0.5065474195881471 0.0 0.04366376817714573 0.04366376817714572 0.04366376817714572 0.04366376817621016 1.5524735588867908 0.0 -5.60214618793932e-06 0.0037426988861690358 0.0 0.0
0.0 -0.002477680713381422 0.0 0.5074646227995188 0.0 0.04400304759585875 0.04400304759585875 0.04400304759585875 0.044003047595854515 1.5524735588837117 0.0 -5.602146002217395e-06 0.0037426988861473205 0.0 0.0
0.0 -0.0024794961171854006 0.0 0.5084954804173699 0.0 0.044367763626705706 0.0443677636267036 0.0443677636267036 0.044367763626705706 1.55247355887979 0.0 -5.602145712872925e-06 0.0037426988861165977 0.0 0.0
0.0 -0.0024800692376693656 0.0 0.5096450426035304 0.0 0.04475467379841006 0.04475467379841006 0.04475467379719987 0.0447546737971976 1.5524735588755258 0.0 -5.6021452907340005e-06 0.003742698886077361 0.0 0.0
0.0 -0.002479118206533472 0.0 0.5109143621125343 0.0 0.04516027918550048 0.04516027918550049 0.045160279185500495 0.045160279184215446 1.5524735588711909 0.0 -5.6021447094079645e-06 0.00374269888603023 0.0 0.0
0.0 -0.002476318683245054 0.0 0.5123054957350344 0.0 0.045580832431444104 0.045580832431444104 0.045580832430098896 0.0455808324301014 1.5524735588671128 0.0 -5.602143921261356e-06 0.003742698885975532 0.0 0.0
0.0 -0.0024713887995269092 0.0 0.5138194962254087 0.0 0.04601283461050169 0.04601283461050169 0.04601283461050169 0.04601283461050169 1.5524735588635066 0.0 -5.602142881476883e-06 0.003742698885914302 0.0 0.0
0.0 -0.0024640098569709084 0.0 0.5154574238331325 0.0 0.046452286725547805 0.046452286725547805 0.04645228672554781 0.046452286724138404 1.5524735588607723 0.0 -5.602141533686803e-06 0.0037426988858487633 0.0 0.0
0.0 -0.002453924044494159 0.0 0.5172193310238492 0.0 0.046895688246905556 0.046895688246905556 0.04689568824690557 0.046895688246905556 1.5524735588589764 0.0 -5.602139826497111e-06 0.003742698885780838 0.0 0.0
0.0 -0.0024408848354136137 0.0 0.5191032771810845 0.0 0.04733903536566924 0.04733903536566924 0.04733903536566924 0.047339035365669226 1.552473558858423 0.0 -5.602137731648533e-06 0.003742698885715309 0.0 0.0
0.0 -0.0024246825330539045 0.0 0.5211073141931498 0.0 0.04777882434613288 0.047778824346132856 0.04777882434614055 0.047778824346132856 1.5524735588590137 0.0 -5.6021351994839154e-06 0.0037426988856545033 0.0 0.0
0.0 -0.0024050762528397282 0.0 0.5232285049024342 0.0 0.04821079973686325 0.04821079973686325 0.04821079973686547 0.04821079973686547 1.5524735588609608 0.0 -5.602132205881295e-06 0.003742698885604464 0.0 0.0
0.0 -0.0023819412427085905 0.0 0.5254628931249992 0.0 0.04863195466982121 0.04863195466982118 0.0486319546698212 0.04863195467084018 1.5524735588637484 0.0 -5.602128743455307e-06 0.003742698885565844 0.0 0.0
0.0 -0.002355151261926545 0.0 0.5278035368017906 0.0 0.04903827731745981 0.0490382773174598 0.04903827731825987 0.0490382773174598 1.552473558867488 0.0 -5.602124902195786e-06 0.0037426988855464157 0.0 0.0
0.0 -0.002324648088029848 0.0 0.5302444754238864 0.0 0.04942700764229949 0.04942700764229949 0.04942700764229528 0.04942700764229528 1.5524735588715857 0.0 -5.60212067361027e-06 0.003742698885543814 0.0 0.0
0.0 -0.002290390424848383 0.0 0.5327767588602343 0.0 0.04979463068387873 0.04979463068387873 0.04979463068387874 0.049794630684000064 1.5524735588759762 0.0 -5.602116228742812e-06 0.0037426988855633904 0.0 0.0
0.0 -0.002252368164338927 0.0 0.5353924260247961 0.0 0.050138383198405724 0.05013838319840573 0.05013838319840434 0.05013838319840436 1.5524735588802276 0.0 -5.602111602426392e-06 0.00374269888560184 0.0 0.0
0.0 -0.002210709899597661 0.0 0.5380785106431544 0.0 0.050455743962050915 0.05045574396204907 0.05045574396204908 0.05045574396203662 1.5524735588840965 0.0 -5.602107168730734e-06 0.003742698885659096 0.0 0.0
0.0 -0.0021654904670927047 0.0 0.5408250435562117 0.0 0.05074444659958931 0.05074444659958931 0.050744446599589314 0.05074444659958935 1.552473558887406 0.0 -5.602102903368494e-06 0.0037426988857298155 0.0 0.0
0.0 -0.0021168937052941134 0.0 0.5436190472463062 0.0 0.05100272000140087 0.05100272000140087 0.051002720001400874 0.05100271999863155 1.552473558890041 0.0 -5.602099129675063e-06 0.0037426988858097043 0.0 0.0
0.0 -0.0020651459247776056 0.0 0.546446540158824 0.0 0.051229041488480946 0.05122904148848106 0.05122904148842168 0.051229041492553896 1.552473558892 0.0 -5.602096070894559e-06 0.0037426988858935864 0.0 0.0
0.0 -0.0020072364461583177 0.0 0.5494624207820571 0.0 0.05143341108548559 0.05143341108548559 0.05143341108548539 0.0514334110854736 1.5524735588929481 0.0 -5.602080245810861e-06 0.003742698885914815 0.0 0.0
0.0 -0.001940071996718326 0.0 0.552803687393862 0.0 0.05161879889031851 0.05161879889031851 0.05161879889031809 0.051618798890538324 1.5524735588935594 0.0 -5.602045093169548e-06 0.0037426988859101747 0.0 0.0
0.0 -0.0018640481486654576 0.0 0.5564264623074463 0.0 0.051776132990903855 0.051776132990903855 0.05177613299139259 0.05177613299136337 1.5524735588941894 0.0 -5.602003833557298e-06 0.003742698885955417 0.0 0.0
0.0 -0.001779829572129641 0.0 0.560284822206448 0.0 0.05189933871930739 0.05189933871940293 0.051899338719402936 0.05189933871837397 1.5524735588946212 0.0 -5.601959314805361e-06 0.003742698886033394 0.0 0.0
0.0 -0.0016883004290208139 0.0 0.5643298129370413 0.0 0.05198433690774697 0.05198433690774697 0.05198433691069535 0.05198433686235325 1.5524735588948289 0.0 -5.60191555610419e-06 0.0037426988861195077 0.0 0.0
0.0 -0.0015906635797766383 0.0 0.5685114200968243 0.0 0.05203104735087048 0.0520310473508914 0.05203104734009163 0.0520310473508914 1.5524735588948888 0.0 -5.601876760221979e-06 0.00374269888618374 0.0 0.0
0.0 -0.0014881842612665243 0.0 0.5727816073682487 0.0 0.052040893328861165 0.05204089332886121 0.05204089332816339 0.05204089332886119 1.5524735588948977 0.0 -5.601846209784226e-06 0.003742698886212238 0.0 0.0
0.0 -0.0013823671060218653 0.0 0.5770922897138575 0.0 0.05201854861705603 0.05201854861713732 0.05201854848990409 0.052018548617056036 1.5524735588948964 0.0 -5.6018270167063205e-06 0.003742698886226511 0.0 0.0
0.0 -0.001274699820895865 0.0 0.5813983717051856 0.0 0.05196944179086524 0.05196944179086524 0.051969441785813156 0.05196944178603038 1.552473558894911 0.0 -5.6018204276997695e-06 0.0037426988862734713 0.0 0.0
0.0 -0.001166732488803581 0.0 0.5856567359982947 0.0 0.05190050502231732 0.05190050502217061 0.051900505061325056 0.05190050506132957 1.55247355889497 0.0 -5.60182677438433e-06 0.003742698886328458 0.0 0.0
0.0 -0.0010600279656149826 0.0 0.5898252580361655 0.0 0.051819172128549154 0.051819172128549154 0.05181917212854917 0.051819172126932676 1.5524735588950496 0.0 -5.601845510764948e-06 0.0037426988863671963 0.0 0.0
0.0 -0.0009561066353919969 0.0 0.5938628172891897 0.0 0.051732628402976204 0.0517326284029762 0.051732628375972395 0.051732628401748755 1.5524735588950986 0.0 -5.6018749794057335e-06 0.0037426988863779507 0.0 0.0
0.0 -0.0008564152218943857 0.0 0.59772830821261 0.0 0.05164705904898535 0.05164705904893843 0.05164705904893843 0.05164705902389315 1.552473558895092 0.0 -5.601912814427115e-06 0.0037426988863621478 0.0 0.0
0.0 -0.0007623395617393242 0.0 0.6013816330375532 0.0 0.0515681507942458 0.05156815079424781 0.051568150794245794 0.0515681507942939 1.5524735588950376 0.0 -5.601955637179972e-06 0.0037426988863275197 0.0 0.0
0.0 -0.0006751903426851171 0.0 0.6047797231122672 0.0 0.05149958526406386 0.0514995852640659 0.05149958526411287 0.05149958526406387 1.5524735588949758 0.0 -5.602000408734716e-06 0.0037426988862887633 0.0 0.0
0.0 -0.0005960955904522512 0.0 0.6078825331263593 0.0 0.05144354864989127 0.05144354864989127 0.05144354864989344 0.05144354864984413 1.5524735588949308 0.0 -5.60204278076279e-06 0.003742698886255936 0.0 0.0
0.0 -0.0005261874839896222 0.0 0.6106460353645955 0.0 0.05140097053889545 0.05140097053889546 0.051400970540186296 0.05140097056854368 1.5524735588949072 0.0 -5.602079948438454e-06 0.0037426988862330926 0.0 0.0
0.0 -0.00046648771180527474 0.0 0.6130262245979369 0.0 0.051371280322931104 0.051371280322928335 0.0513712803229311 0.05137128032292833 1.5524735588948988 0.0 -5.6021092222150285e-06 0.003742698886220546 0.0 0.0
0.0 -0.00041784094200639145 0.0 0.614981122418553 0.0 0.05135216028215546 0.05135216028215545 0.05135216028215546 0.05135216031537382 1.552473558894897 0.0 -5.602129269945345e-06 0.003742698886215373 0.0 0.0
0.0 -0.00038113995683558343 0.0 0.6164667498562016 0.0 0.051341289545790564 0.05134128954573307 0.05134128954405053 0.05134128957971157 1.5524735588948966 0.0 -5.602140674697567e-06 0.0037426988862136767 0.0 0.0
0.0 -0.00035106779646871514 0.0 0.6176912306729682 0.0 0.051334751019432474 0.051334751017401765 0.05133475101740178 0.05133475098131501 1.5524735588948966 0.0 -5.602143782890116e-06 0.0037426988862133796 0.0 0.0
0.0 -0.00032178121821678827 0.0 0.6188906667735493 0.0 0.051330672752423874 0.051330672752635385 0.05133067275252963 0.05133067275253847 1.5524735588948966 0.0 -5.602143979000484e-06 0.00374269888621333 0.0 0.0
0.0 -0.0002933693195700244 0.0 0.6200590676915556 0.0 0.05132829505039023 0.05132829505039023 0.05132829505039022 0.05132829505023269 1.5524735588948966 0.0 -5.602144212441495e-06 0.003742698886213301 0.0 0.0
0.0 -0.00026590427221567217 0.0 0.6211934325606172 0.0 0.05132761309174016 0.051327613091595 0.05132761309159499 0.051327613091926204 1.5524735588948966 0.0 -5.602144452123438e-06 0.0037426988862132894 0.0 0.0
0.0 -0.00023946388998829035 0.0 0.6222897639735055 0.0 0.05132836818866055 0.0513283681886601 0.051328368188660475 0.05132837713292873 1.5524735588948966 0.0 -5.602144699882362e-06 0.0037426988862132846 0.0 0.0
0.0 -0.00021410757165012833 0.0 0.6233440682704964 0.0 0.05133006064531712 0.051330060645166466 0.05133006064452879 0.051330060304106764 1.5524735588948966 0.0 -5.602144949064314e-06 0.00374269888621328 0.0 0.0
0.0 -0.00018991313102759516 0.0 0.6243523480442973 0.0 0.051332427051871375 0.05133242705221128 0.051332427051871375 0.05133242702395933 1.5524735588948966 0.0 -5.6021451931932904e-06 0.0037426988862132764 0.0 0.0
0.0 -0.00016697679703511488 0.0 0.6253106021400388 0.0 0.05133546349829815 0.05133546349825033 0.05133546349825031 0.05133546336979097 1.5524735588948966 0.0 -5.60214542615146e-06 0.0037426988862132807 0.0 0.0
0.0 -0.00014537638351852313 0.0 0.6262148331504316 0.0 0.051338913371393895 0.0513389133713939 0.05133891337139389 0.051338913371393895 1.5524735588948966 0.0 -5.602145642399919e-06 0.0037426988862132747 0.0 0.0
0.0 -0.0001251897043032374 0.0 0.6270610436681958 0.0 0.05134252030885831 0.05134252030885831 0.05134252030885831 0.051342520308725735 1.5524735588948966 0.0 -5.602145837310429e-06 0.0037426988862132755 0.0 0.0
0.0 -0.00010648893107663463 0.0 0.6278462328271641 0.0 0.051346279467815406 0.05134627946780886 0.051346279467808856 0.0513462794678023 1.5524735588948966 0.0 -5.602146004878388e-06 0.003742698886213277 0.0 0.0
0.0 -8.939999213338611e-05 0.0 0.6285644026427295 0.0 0.05134993120221632 0.05134993120221632 0.051349931202216315 0.051349931150813335 1.5524735588948966 0.0 -5.602146150329411e-06 0.003742698886213278 0.0 0.0
0.0 -7.395258684817091e-05 0.0 0.6292135562849753 0.0 0.051353222228665854 0.051353222228665854 0.05135322222866985 0.051353222228752944 1.5524735588948966 0.0 -5.602146263949043e-06 0.0037426988862132807 0.0 0.0
0.0 -6.026700136131081e-05 0.0 0.62978869231043 0.0 0.051356144568041585 0.05135614456804157 0.051356144568041585 0.05135614456811512 1.5524735588948966 0.0 -5.6021463521630374e-06 0.0037426988862132816 0.0 0.0
0.0 -4.84578796618406e-05 0.0 0.6302858058166986 0.0 0.05135894183032454 0.05135894183122104 0.05135894183133016 0.05135894183121726 1.5524735588948966 0.0 -5.602146415133426e-06 0.003742698886213283 0.0 0.0
0.0 -3.8560563279215606e-05 0.0 0.6307019034328385 0.0 0.05136110913107874 0.05136110913107874 0.05136110913196775 0.05136110913191596 1.5524735588948966 0.0 -5.602146455851277e-06 0.0037426988862132833 0.0 0.0
0.0 -3.068969620021099e-05 0.0 0.631032980256497 0.0 0.051362890093074876 0.051362890093074876 0.05136289009307487 0.05136289009303515 1.5524735588948966 0.0 -5.60214647948433e-06 0.0037426988862132838 0.0 0.0
0.0 -2.496556456515334e-05 0.0 0.6312740348441868 0.0 0.05136427669802588 0.05136427669802589 0.05136427669779748 0.05136427669802589 1.5524735588948966 0.0 -5.60214649089397e-06 0.003742698886213284 0.0 0.0
0.0 -2.1465982206693147e-05 0.0 0.6314210697886992 0.0 0.0513650124943285 0.0513650124943285 0.0513650124943285 0.0513650124943285 1.5524735588948966 0.0 -5.60214649474761e-06 0.003742698886213284 0.0 0.0
0.0 -2.0281685875396166e-05 0.0 0.6314710749532585 0.0 0.05136534270426055 0.05136534270426055 0.05136534270426055 0.05136534270426055 1.5524735588942402 0.0 -5.601441317536592e-06 0.0037426988862132807 0.0 0.0
