0.0 0.0026834671385292186 0.0 0.6295378036660739 0.0 0.013835183370500222 0.013835183389283192 0.01383518396425396 0.013835183978480495 1.5524735602615294 0.0 -5.602150144399837e-06 0.0037426988862080592 0.0 0.0
0.0 0.0026249121196139295 0.0 0.6270413867494584 0.0 0.01381092549846534 0.013810925498465338 0.013810925498471125 0.013810925504727274 1.5524735588949687 0.0 -5.6021676911366265e-06 0.003742698886199676 0.0 0.0
0.0 0.0025663016546819016 0.0 0.62454495845465 0.0 0.01378742011289534 0.013787420112991474 0.01378742011289534 0.01378742011289534 1.552473558894961 0.0 -5.602167945385004e-06 0.0037426988862004794 0.0 0.0
0.0 0.002507611887289725 0.0 0.6220475186287077 0.0 0.013764663239020307 0.013764663239020309 0.013764663231822233 0.013764663231822231 1.5524735588949536 0.0 -5.602168238489114e-06 0.00374269888620122 0.0 0.0
0.0 0.0024488300445296746 0.0 0.6195500600646905 0.0 0.013743156546506525 0.013743156546506525 0.013743156546506523 0.013743156546513894 1.552473558894943 0.0 -5.6021685018202535e-06 0.003742698886202516 0.0 0.0
0.0 0.0023898952389882367 0.0 0.6170515749792312 0.0 0.013723398513484935 0.013723398513484935 0.01372339853172177 0.013723398513618276 1.5524735588949303 0.0 -5.6021688054156684e-06 0.0037426988862041804 0.0 0.0
0.0 0.002330825885749379 0.0 0.6145520671196705 0.0 0.013705139109903402 0.013705139109903402 0.01370513910974027 0.01370513912015714 1.552473558894922 0.0 -5.602169114251259e-06 0.0037426988862055317 0.0 0.0
0.0 0.00227157238171106 0.0 0.6120525217841265 0.0 0.013689380084007805 0.013689380084007805 0.013689380084007807 0.013689380083762385 1.5524735588949115 0.0 -5.602169392643808e-06 0.003742698886207543 0.0 0.0
0.0 0.002212129084802426 0.0 0.6095519424320325 0.0 0.013675869791298362 0.01367586979132912 0.013675869791650494 0.01367586979132945 1.5524735588949052 0.0 -5.6021697125582436e-06 0.0037426988862091387 0.0 0.0
0.0 0.0021524591647900976 0.0 0.6070503215679715 0.0 0.013665108310371871 0.013665108310371871 0.013665108310371871 0.013665108309775211 1.5524735588949006 0.0 -5.602170038606131e-06 0.0037426988862107493 0.0 0.0
0.0 0.002092549848760552 0.0 0.6045486519851724 0.0 0.013657597319425958 0.01365759731942596 0.013657597319353402 0.013657597319354682 1.552473558894898 0.0 -5.602170332843284e-06 0.0037426988862121597 0.0 0.0
0.0 0.0020323770795114197 0.0 0.6020459333955602 0.0 0.013653335216783968 0.013653335216783972 0.013653335216701576 0.013653335211131394 1.5524735588948968 0.0 -5.602170670615225e-06 0.003742698886212987 0.0 0.0
0.0 0.0019719280840922726 0.0 0.5995431585920454 0.0 0.013652823677072445 0.013652823677072368 0.013652823678024735 0.013652823676204958 1.5524735588948966 0.0 -5.602170975864646e-06 0.0037426988862132846 0.0 0.0
0.0 0.0019111603902113188 0.0 0.597039323539026 0.0 0.013656311402417064 0.013656311402417066 0.013656310874955798 0.013656310875362692 1.5524735588948966 0.0 -5.602171326082631e-06 0.0037426988862133445 0.0 0.0
0.0 0.0018500612249304604 0.0 0.5945354210293633 0.0 0.013664299279201205 0.013664299279201196 0.013664299279633484 0.013664299279633512 1.5524735588948966 0.0 -5.602171642977306e-06 0.0037426988862135457 0.0 0.0
0.0 0.0017886305882572368 0.0 0.5920314510634217 0.0 0.013676788059770826 0.013676788059796633 0.013676788059796626 0.013676788216549165 1.5524735588948966 0.0 -5.602171965255188e-06 0.0037426988862138293 0.0 0.0
0.0 0.0017268316500361274 0.0 0.5895274061460464 0.0 0.013694277669206636 0.013694277669206632 0.013694277669314338 0.013694277683914728 1.5524735588948966 0.0 -5.6021722934434545e-06 0.003742698886214359 0.0 0.0
0.0 0.0016646700523909016 0.0 0.58702428281802 0.0 0.01371701962006499 0.013717019620056605 0.013717019620056595 0.013717019709718328 1.5524735588948966 0.0 -5.6021725857883966e-06 0.0037426988862150545 0.0 0.0
0.0 0.0016021033230891085 0.0 0.5845210770437107 0.0 0.01374526242370962 0.013745262423709622 0.013745262423709626 0.013745262496273298 1.5524735588948966 0.0 -5.602172925100916e-06 0.0037426988862159813 0.0 0.0
0.0 0.0015391186891090306 0.0 0.5820187816160541 0.0 0.013779507735035994 0.01377950773503212 0.013779507735032117 0.013779507794907827 1.5524735588948964 0.0 -5.602173227985799e-06 0.0037426988862172216 0.0 0.0
0.0 0.0014759991950289142 0.0 0.5795284034549605 0.0 0.01381952316745121 0.013819523167451208 0.013819523170476517 0.013819523167454042 1.5524735588948961 0.0 -5.60217306338387e-06 0.0037426988862186085 0.0 0.0
0.0 0.0014130421469621878 0.0 0.5770569708157319 0.0 0.013863569681120548 0.01386356968112055 0.013863569633353463 0.013863569633353464 1.5524735588948957 0.0 -5.602172599024794e-06 0.0037426988862196402 0.0 0.0
0.0 0.0013502490336382259 0.0 0.5746014978258938 0.0 0.013910642266035708 0.013910642266035712 0.013910642266035706 0.013910642224245576 1.5524735588948955 0.0 -5.60217226039715e-06 0.003742698886220445 0.0 0.0
0.0 0.0012876765888938184 0.0 0.5721590098522915 0.0 0.013958985889080944 0.013958985889080951 0.013958985887125039 0.01395898588911873 1.5524735588948952 0.0 -5.602172044884771e-06 0.0037426988862207977 0.0 0.0
0.0 0.0012253150171317698 0.0 0.569724527937509 0.0 0.014007092311761577 0.014007092311723696 0.0140070923117237 0.01400709231377455 1.5524735588948952 0.0 -5.602172035728497e-06 0.003742698886220701 0.0 0.0
0.0 0.0011631658069037021 0.0 0.5672950662051218 0.0 0.014053956565003746 0.014053956565001758 0.014053956565040725 0.014053956565042719 1.5524735588948955 0.0 -5.602172151327388e-06 0.003742698886220305 0.0 0.0
0.0 0.0011012375776454032 0.0 0.5648656494452721 0.0 0.01409782035336773 0.014097820353367726 0.014097820353325734 0.014097820400613656 1.5524735588948957 0.0 -5.602172479313459e-06 0.0037426988862194984 0.0 0.0
0.0 0.0010395558751945567 0.0 0.5624342920699209 0.0 0.014137680354737234 0.014137680354737236 0.014137680354737238 0.014137680354740058 1.5524735588948961 0.0 -5.6021728987483156e-06 0.003742698886218473 0.0 0.0
0.0 0.000978110903875894 0.0 0.5599960151220921 0.0 0.014172028291760475 0.014172028291764347 0.014172028287625416 0.014172028287629299 1.5524735588948964 0.0 -5.602173546315993e-06 0.0037426988862171895 0.0 0.0
0.0 0.0009169466246365274 0.0 0.5575488367612492 0.0 0.01419961081154273 0.014199610811542732 0.01419961073713698 0.014199610737212704 1.5524735588948966 0.0 -5.602174301008901e-06 0.0037426988862158837 0.0 0.0
0.0 0.0008560900719934005 0.0 0.5550877855256334 0.0 0.014218419461725943 0.01421841946182884 0.014218419571700912 0.014218419461828833 1.5524735588948966 0.0 -5.602175309573204e-06 0.0037426988862145523 0.0 0.0
0.0 0.0007955667917051108 0.0 0.5526108758271808 0.0 0.014227451061758097 0.014227451061758094 0.014227451061758089 0.014227451120537983 1.5524735588948966 0.0 -5.60217645042684e-06 0.003742698886213623 0.0 0.0
0.0 0.0007354703478861768 0.0 0.5501151405284171 0.0 0.014224450438806826 0.014224450438827143 0.014224450438806813 0.014224450226847169 1.5524735588948966 0.0 -5.602177783584334e-06 0.003742698886213155 0.0 0.0
0.0 0.0006758631164692058 0.0 0.5475986015371053 0.0 0.014207913980202339 0.014207913980202339 0.014207913980202665 0.014207913995424546 1.552473558894913 0.0 -5.6021792769225215e-06 0.0037426988862063683 0.0 0.0
0.0 0.0006168443036047643 0.0 0.5450592882566083 0.0 0.014175838362453239 0.014175838362453239 0.014175838362458204 0.014175838362528751 1.5524735588950977 0.0 -5.6021809458099966e-06 0.003742698886185283 0.0 0.0
0.0 0.0005585555876983277 0.0 0.5424962341260496 0.0 0.014125971579796878 0.014125971579796882 0.014125971579796897 0.014125971578146325 1.552473558896052 0.0 -5.602182752302896e-06 0.0037426988861425986 0.0 0.0
0.0 0.0005011145897937324 0.0 0.5399074722968024 0.0 0.014056060091347933 0.014056060091347931 0.014056060091347933 0.014056060091347605 1.552473558899391 0.0 -5.602184771439006e-06 0.003742698886069204 0.0 0.0
0.0 0.0004447719895308917 0.0 0.5372950445678819 0.0 0.013963356698162824 0.01396335669816282 0.013963356698161601 0.013963356698162824 1.5524735589090028 0.0 -5.602186787568282e-06 0.0037426988859516185 0.0 0.0
0.0 0.00038971757877174937 0.0 0.534659984956749 0.0 0.013845612678555396 0.013845612678555396 0.013845612678555394 0.01384561267855347 1.552473558932371 0.0 -5.602188875150947e-06 0.0037426988857780868 0.0 0.0
0.0 0.0003362572806570965 0.0 0.5320043465066973 0.0 0.013699330744863882 0.01369933074486388 0.013699330744863862 0.013699330744863882 1.5524735589865093 0.0 -5.602191009871697e-06 0.003742698885521448 0.0 0.0
0.0 0.0002829580759467589 0.0 0.5292472108126238 0.0 0.013517380049765037 0.01351738004976504 0.013517380052866927 0.013517380052843659 1.5524735591211392 0.0 -5.602199313189685e-06 0.003742698885042585 0.0 0.0
0.0 0.00022834267040614016 0.0 0.52632258131469 0.0 0.01329815464367465 0.01329815464367465 0.013298154643674625 0.013298154643674651 1.552473559390387 0.0 -5.6022149596259015e-06 0.0037426988842694806 0.0 0.0
0.0 0.00017232550161183887 0.0 0.5232543299780102 0.0 0.013050694255279705 0.013050694255279702 0.013050694255310602 0.013050694255310602 1.5524735597383066 0.0 -5.602231438862185e-06 0.003742698883433132 0.0 0.0
0.0 0.00011433956384862293 0.0 0.5200592630869014 0.0 0.01278827786405949 0.012788277864059486 0.01278827786405568 0.012788277868118324 1.5524735600216542 0.0 -5.60224843840056e-06 0.003742698882744812 0.0 0.0
0.0 5.343411707241211e-05 0.0 0.5167481364757586 0.0 0.0125274252554423 0.0125274252554423 0.012527425251283938 0.0125274252554423 1.5524735600632005 0.0 -5.60226579680875e-06 0.003742698882437684 0.0 0.0
0.0 -1.1525744638403446e-05 0.0 0.5133316685010103 0.0 0.012287156784851443 0.012287156784851446 0.01228715678485141 0.01228715678485521 1.5524735597893813 0.0 -5.602283041109693e-06 0.0037426988827099486 0.0 0.0
0.0 -8.173169169761137e-05 0.0 0.5098235521523231 0.0 0.012088248309144118 0.012088248309144114 0.01208824831287317 0.01208824831287317 1.552473559340324 0.0 -5.602299723426e-06 0.003742698883613474 0.0 0.0
0.0 -0.00015805138745104437 0.0 0.506252477238615 0.0 0.011952000093441047 0.011952000093441049 0.011952000093438695 0.011952000093411486 1.5524735589978371 0.0 -5.602313323595171e-06 0.0037426988849206633 0.0 0.0
0.0 -0.0002409051822607928 0.0 0.5026611600893437 0.0 0.011898234330637351 0.01189823433063735 0.011898234330715638 0.011898234326724034 1.5524735588975065 0.0 -5.602320470373694e-06 0.0037426988860102452 0.0 0.0
0.0 -0.000329968789014653 0.0 0.49911337180009424 0.0 0.011943555826185354 0.011943555826185353 0.01194355582598227 0.01194355593438229 1.552473558894896 0.0 -5.602315846383098e-06 0.003742698886229248 0.0 0.0
0.0 -0.0004240188779526116 0.0 0.4956919789100725 0.0 0.012098599149093784 0.012098599149091602 0.012098599149091598 0.01209859917536113 1.5524735588947134 0.0 -5.60229624055334e-06 0.0037426988863811395 0.0 0.0
0.0 -0.00052083387624663 0.0 0.49249697282351607 0.0 0.012366024961317048 0.012366024961306952 0.012366024961306947 0.01236602496131705 1.5524735588932044 0.0 -5.602262860528603e-06 0.0037426988866492606 0.0 0.0
0.0 -0.0006174853062303612 0.0 0.4896264980722719 0.0 0.012738239244482027 0.012738239244482025 0.0127382392444821 0.012738239244409569 1.5524735588884617 0.0 -5.602223873791313e-06 0.0037426988868988413 0.0 0.0
0.0 -0.0007104708455434715 0.0 0.48717284362015495 0.0 0.013197886889505746 0.013197886889505748 0.01319788688949077 0.01319788688949077 1.5524735588797751 0.0 -5.602188560033817e-06 0.003742698886982667 0.0 0.0
0.0 -0.0007963413044402803 0.0 0.48519942120890347 0.0 0.01371881496419759 0.013718814964197591 0.013718814964194897 0.01371881496419759 1.5524735588696652 0.0 -5.602164334015576e-06 0.003742698886857358 0.0 0.0
0.0 -0.0008721012927338591 0.0 0.4837317252468595 0.0 0.0142685586631874 0.014268558663187396 0.014268558664167246 0.014268558664162184 1.552473558863199 0.0 -5.602151958197479e-06 0.003742698886612597 0.0 0.0
0.0 -0.0009356963177449522 0.0 0.482749270553502 0.0 0.014812329077976033 0.014812329077976034 0.014812329077975058 0.01481232907797603 1.5524735588641354 0.0 -5.602147534332443e-06 0.0037426988863887354 0.0 0.0
0.0 -0.0009862919864763028 0.0 0.48219150792932336 0.0 0.015318773674054499 0.015318773674054497 0.0153187736740545 0.015318773674054497 1.5524735588714282 0.0 -5.602146548135666e-06 0.0037426988862616357 0.0 0.0
0.0 -0.0010241849072156867 0.0 0.4819638146655162 0.0 0.015760736033771875 0.01576073603377152 0.01576073603377152 0.015760736034149552 1.5524735588811052 0.0 -5.602146461390887e-06 0.003742698886218637 0.0 0.0
0.0 -0.001050754887785577 0.0 0.48195243516398356 0.0 0.01611953055378303 0.016119530553783054 0.016119530553783058 0.01611953055378303 1.5524735588888354 0.0 -5.602146479181386e-06 0.0037426988862128002 0.0 0.0
0.0 -0.001070082246392735 0.0 0.4820669536926369 0.0 0.016421016832167963 0.016421016832167963 0.016421016832167786 0.016421016832167783 1.5524735588918464 0.0 -5.602146487089872e-06 0.003742698886212453 0.0 0.0
0.0 -0.001085364940014572 0.0 0.48228183462587293 0.0 0.016700410103530055 0.016700410103530055 0.016700410103867705 0.0167004101035296 1.5524735588926295 0.0 -5.602146487993783e-06 0.0037426988862113366 0.0 0.0
0.0 -0.001096956696571569 0.0 0.48258008429843796 0.0 0.016956932998706445 0.01695693299870644 0.016956932998706445 0.016956932999139026 1.5524735588932739 0.0 -5.602146486335274e-06 0.0037426988862102758 0.0 0.0
0.0 -0.0011052127323245798 0.0 0.4829476949209124 0.0 0.017190813105729678 0.01719081310573013 0.01719081310573013 0.01719081310621369 1.552473558893768 0.0 -5.602146481645538e-06 0.0037426988862095303 0.0 0.0
0.0 -0.0011105547930870912 0.0 0.48336865437887105 0.0 0.01740252484350518 0.01740252484350518 0.01740252484350518 0.017402524843505657 1.5524735588941343 0.0 -5.602146474994388e-06 0.0037426988862092722 0.0 0.0
0.0 -0.0011132602812918516 0.0 0.48383295229011136 0.0 0.017592552251832202 0.017592552251832202 0.0175925522518322 0.017592552251831754 1.552473558894399 0.0 -5.602146466927648e-06 0.003742698886209359 0.0 0.0
0.0 -0.0011137283741470528 0.0 0.4843285627047513 0.0 0.01776237631475218 0.017762376314752183 0.017762376314751777 0.01776237631432241 1.5524735588945777 0.0 -5.602146459292232e-06 0.003742698886209715 0.0 0.0
0.0 -0.0011121954904064156 0.0 0.4848494651526745 0.0 0.01791323759923856 0.017913237599238557 0.01791323759923822 0.01791323759959666 1.5524735588946972 0.0 -5.602146451784013e-06 0.0037426988862101704 0.0 0.0
0.0 -0.0011089645783630077 0.0 0.4853876348388161 0.0 0.018046623503811015 0.018046623503811015 0.018046623503811015 0.018046623504075706 1.5524735588947742 0.0 -5.6021464458885045e-06 0.003742698886210683 0.0 0.0
0.0 -0.0011042055272409456 0.0 0.4859390556180468 0.0 0.018163527765019633 0.018163527765019637 0.0181635277650195 0.0181635277650195 1.5524735588948242 0.0 -5.602146440868237e-06 0.003742698886211186 0.0 0.0
0.0 -0.0010981250564135853 0.0 0.4864997038501031 0.0 0.018265444194907658 0.018265444194907658 0.018265444194907658 0.018265444194907655 1.5524735588948546 0.0 -5.602146437068668e-06 0.0037426988862116323 0.0 0.0
0.0 -0.0010908633557289043 0.0 0.4870675602196984 0.0 0.01835361977506053 0.018353619775060358 0.018353619775060528 0.018353619775060358 1.552473558894873 0.0 -5.602146433898331e-06 0.0037426988862120144 0.0 0.0
0.0 -0.0010825181427285167 0.0 0.4876416094478266 0.0 0.018429053052817345 0.018429053052817345 0.018429053052816963 0.01842905305281735 1.552473558894884 0.0 -5.6021464310199185e-06 0.003742698886212335 0.0 0.0
0.0 -0.0010731206054100655 0.0 0.4882228405804625 0.0 0.01849249574488224 0.01849249574488224 0.01849249574488224 0.018492495744884825 1.5524735588948904 0.0 -5.602146427556991e-06 0.0037426988862125947 0.0 0.0
0.0 -0.001062725989012588 0.0 0.4888112423748851 0.0 0.01854469796412483 0.018544697964124827 0.018544697964124834 0.01854469796529108 1.5524735588948937 0.0 -5.602146423942086e-06 0.0037426988862128063 0.0 0.0
0.0 -0.0010513102363042463 0.0 0.48940781511979686 0.0 0.01858566131403366 0.01858566131403366 0.018585661315892853 0.01858566131589459 1.5524735588948955 0.0 -5.6021464196608314e-06 0.0037426988862129815 0.0 0.0
0.0 -0.0010388195906792944 0.0 0.4900155559337272 0.0 0.018615640645649426 0.01861564064564943 0.018615640645646532 0.018615640642557812 1.5524735588948964 0.0 -5.602146413572396e-06 0.003742698886213116 0.0 0.0
0.0 -0.001025229994912825 0.0 0.4906354651053887 0.0 0.01863463755769725 0.01863463755769725 0.018634637557697203 0.01863463755769725 1.5524735588948966 0.0 -5.602146406532163e-06 0.0037426988862132144 0.0 0.0
0.0 -0.0010104437314639883 0.0 0.49126855791378526 0.0 0.01864165350609808 0.018641653506098765 0.018641653506098074 0.01864165350609808 1.5524735588948966 0.0 -5.602146398401926e-06 0.0037426988862132742 0.0 0.0
0.0 -0.0009943333834180148 0.0 0.4919178464677405 0.0 0.018635943188252298 0.0186359431882523 0.018635943185465652 0.018635943188249675 1.5524735588948968 0.0 -5.602146387718894e-06 0.0037426988862133284 0.0 0.0
0.0 -0.0009775725531531987 0.0 0.4925553226836792 0.0 0.018617461702863426 0.018617461702863488 0.018617461702863488 0.018617461702863488 1.5524735588949068 0.0 -5.602146395029316e-06 0.003742698886213721 0.0 0.0
0.0 -0.0009610317667634389 0.0 0.49315393379564665 0.0 0.01858916620911226 0.01858916620911226 0.01858916620911226 0.018589166208726113 1.5524735588949519 0.0 -5.602146417233759e-06 0.0037426988862141806 0.0 0.0
0.0 -0.0009447621159580248 0.0 0.49371765097770776 0.0 0.018553063421955493 0.018553063421955493 0.018553063421955493 0.018553063421955493 1.5524735588950433 0.0 -5.6021464340279764e-06 0.003742698886214576 0.0 0.0
0.0 -0.0009287962773666825 0.0 0.4942504491516711 0.0 0.018510910019715773 0.018510910019715776 0.018510910019715773 0.018510910020317805 1.5524735588951701 0.0 -5.602146446717325e-06 0.003742698886214858 0.0 0.0
0.0 -0.0009131541546916568 0.0 0.4947553104457887 0.0 0.018463961001946614 0.018463961001946614 0.018463961001946614 0.01846396100194603 1.5524735588953196 0.0 -5.602146456601609e-06 0.0037426988862150385 0.0 0.0
0.0 -0.0008978075371750884 0.0 0.4952372175657143 0.0 0.01841347457445603 0.018413474574456027 0.01841347457445603 0.01841347457445603 1.5524735588954657 0.0 -5.602146463702313e-06 0.003742698886215137 0.0 0.0
0.0 -0.0008826601959119551 0.0 0.4957001716662711 0.0 0.01835945715196308 0.018359457151963084 0.018359457151330433 0.018359457151331665 1.5524735588956478 0.0 -5.602146469059584e-06 0.003742698886215246 0.0 0.0
0.0 -0.0008676470899874595 0.0 0.4961491629482729 0.0 0.01830266686430738 0.01830266686430738 0.01830266686430679 0.01830266686430679 1.5524735588958216 0.0 -5.602146472746296e-06 0.0037426988862153286 0.0 0.0
0.0 -0.000852714462797508 0.0 0.4965871885302543 0.0 0.018243358560822657 0.018243358560822657 0.018243358560822653 0.018243358560822653 1.5524735588960066 0.0 -5.602146475566345e-06 0.0037426988862154145 0.0 0.0
0.0 -0.0008377236131319766 0.0 0.49701925360331656 0.0 0.018181290221267736 0.018181290221267733 0.018181290221268895 0.018181290221267733 1.5524735588962402 0.0 -5.6021464773713715e-06 0.0037426988862155623 0.0 0.0
0.0 -0.0008225783120748553 0.0 0.4974493593222856 0.0 0.01811646825979463 0.01811646825979463 0.018116468259794634 0.01811646825979463 1.5524735588965104 0.0 -5.6021464784494056e-06 0.0037426988862157527 0.0 0.0
0.0 -0.000807182330715149 0.0 0.49788150684197524 0.0 0.0180488990905846 0.018048899090584603 0.018048899090584603 0.01804889909058578 1.5524735588968217 0.0 -5.602146478839384e-06 0.0037426988862160025 0.0 0.0
0.0 -0.0007914210250710973 0.0 0.49831970106478873 0.0 0.017978339090168563 0.017978339090168566 0.01797833909016795 0.017978339090168566 1.5524735588972107 0.0 -5.602146478600547e-06 0.0037426988862163456 0.0 0.0
0.0 -0.0007751981662263114 0.0 0.49876794314553086 0.0 0.017904794672682176 0.017904794672682176 0.017904794672682176 0.017904794672682186 1.5524735588976593 0.0 -5.602146477574057e-06 0.0037426988862167766 0.0 0.0
0.0 -0.0007583991102001832 0.0 0.4992302379866188 0.0 0.017828022214680786 0.017828022214680786 0.017828022214680786 0.017828022214680786 1.5524735588982166 0.0 -5.602146475698035e-06 0.003742698886217352 0.0 0.0
0.0 -0.0007408795136149981 0.0 0.4997125873202534 0.0 0.01774803133719674 0.017748031337196747 0.017748031337196744 0.017748031337928755 1.5524735588988594 0.0 -5.6021464720543085e-06 0.0037426988862181154 0.0 0.0
0.0 -0.0007225672047981695 0.0 0.5002179920125597 0.0 0.017664826851239022 0.017664826851239025 0.01766482685123974 0.017664826852006706 1.5524735588995977 0.0 -5.602146466965624e-06 0.0037426988862190543 0.0 0.0
0.0 -0.00070330655605853 0.0 0.5007544468780109 0.0 0.017578921660391215 0.01757892166039121 0.017578921660390455 0.017578921660390455 1.5524735589003145 0.0 -5.602146457699067e-06 0.0037426988862202474 0.0 0.0
0.0 -0.0006830622258647956 0.0 0.5013249452875588 0.0 0.017490820650266675 0.017490820650267476 0.017490820650266675 0.017490820650266463 1.5524735589009788 0.0 -5.602146444716561e-06 0.0037426988862216157 0.0 0.0
0.0 -0.0006616857172882244 0.0 0.5019394713903713 0.0 0.017401790044593454 0.017401790044593454 0.017401790044593454 0.017401790044593454 1.5524735589013383 0.0 -5.602146422187383e-06 0.003742698886223223 0.0 0.0
0.0 -0.0006392153490911315 0.0 0.502601003567087 0.0 0.01731333488008173 0.017313334880081726 0.01731333488008262 0.01731333488008173 1.5524735589012741 0.0 -5.6021463905536775e-06 0.0037426988862247325 0.0 0.0
0.0 -0.0006156823093111099 0.0 0.5033105308636883 0.0 0.017226206874093833 0.017226206874093833 0.017226206874091363 0.017226206873092263 1.5524735589009968 0.0 -5.602146349767459e-06 0.0037426988862261533 0.0 0.0
0.0 -0.0005912452028404431 0.0 0.5040660302173448 0.0 0.01714190304475366 0.01714190304475366 0.01714190304475366 0.017141903044757097 1.5524735589003302 0.0 -5.6021463009004485e-06 0.0037426988862270453 0.0 0.0
0.0 -0.0005659465020398226 0.0 0.5048664975917591 0.0 0.017060671827738134 0.017060671827738134 0.017060671827738134 0.01706067182773722 1.5524735588996548 0.0 -5.602146243590284e-06 0.0037426988862277267 0.0 0.0
0.0 -0.000539883924428237 0.0 0.5057109177079391 0.0 0.016983511769847238 0.01698351176984824 0.01698351176984724 0.016983511769848237 1.5524735588988308 0.0 -5.602146176877603e-06 0.003742698886227891 0.0 0.0
0.0 -0.0005131536989543199 0.0 0.506595289411081 0.0 0.01691041645714459 0.01691041645714459 0.016910416457141367 0.01691041645820599 1.5524735588981124 0.0 -5.6021461063291e-06 0.003742698886227768 0.0 0.0
0.0 -0.000485816712987933 0.0 0.50751860491732 0.0 0.016841884361891386 0.016841884361891386 0.016841884361891383 0.01684188436293523 1.5524735588974174 0.0 -5.602146027443589e-06 0.003742698886227255 0.0 0.0
0.0 -0.0004579451382262975 0.0 0.508477863360564 0.0 0.01677791067362582 0.016777910673625815 0.016777910673625815 0.016777910673625815 1.5524735588968372 0.0 -5.6021459448741066e-06 0.003742698886226516 0.0 0.0
0.0 -0.000429563031895701 0.0 0.5094720644520755 0.0 0.016718493788263362 0.016718493788263362 0.016718493788263362 0.01671849378825998 1.5524735588963594 0.0 -5.602145854903161e-06 0.0037426988862256333 0.0 0.0
0.0 -0.00040076662290835314 0.0 0.5104972070371183 0.0 0.016663627291865685 0.01666362729186568 0.016663627291865678 0.016663627291868138 1.5524735588959733 0.0 -5.602145766094214e-06 0.0037426988862245534 0.0 0.0
0.0 -0.00037152472325727463 0.0 0.5115523020696467 0.0 0.016612559467805488 0.016612559467805488 0.01661255946780624 0.01661255946780624 1.552473558895714 0.0 -5.602145671692797e-06 0.0037426988862236913 0.0 0.0
0.0 -0.0003418967317019028 0.0 0.5126333558900713 0.0 0.01656478382636802 0.01656478382636802 0.016564783826369604 0.016564783826367356 1.5524735588955292 0.0 -5.602145581964823e-06 0.003742698886222908 0.0 0.0
0.0 -0.0003118514602284612 0.0 0.5137393794523454 0.0 0.016519548650837518 0.016519548650837518 0.016519548650834843 0.016519548650834843 1.55247355889541 0.0 -5.602145488593255e-06 0.003742698886222368 0.0 0.0
0.0 -0.0002814298925118141 0.0 0.5148663828444691 0.0 0.016476097413842473 0.016476097413842473 0.01647609741384492 0.016476097413842473 1.5524735588953376 0.0 -5.6021454035635596e-06 0.003742698886222043 0.0 0.0
0.0 -0.0002505583682544184 0.0 0.5160143810566258 0.0 0.016433429964764906 0.016433429964764906 0.01643342996425609 0.01643342996425609 1.55247355889531 0.0 -5.602145312966371e-06 0.0037426988862220875 0.0 0.0
0.0 -0.00021922262588718072 0.0 0.5171793954195688 0.0 0.01639003966251216 0.016390039662512162 0.01639003966251216 0.016390039661993327 1.5524735588953422 0.0 -5.602145233934486e-06 0.003742698886222703 0.0 0.0
0.0 -0.00018739711957125514 0.0 0.51835944034618 0.0 0.01634492314932999 0.01634492314932999 0.016344923149329987 0.016344923149898712 1.5524735588954213 0.0 -5.602145159781901e-06 0.0037426988862237806 0.0 0.0
0.0 -0.00015502511544046108 0.0 0.5195515412033562 0.0 0.016296325351070198 0.0162963253510702 0.016296325351070198 0.01629632535174325 1.5524735588956082 0.0 -5.602145096377016e-06 0.003742698886225752 0.0 0.0
0.0 -0.00012205701043542265 0.0 0.5207547126926614 0.0 0.016243244513291764 0.016243244513291764 0.016243244513291018 0.016243244513291764 1.5524735588959173 0.0 -5.6021450355513415e-06 0.0037426988862284886 0.0 0.0
0.0 -8.846577007695164e-05 0.0 0.521963983351304 0.0 0.016183672316518467 0.01618367231651847 0.01618367231651847 0.01618367231651847 1.552473558896529 0.0 -5.602144998118855e-06 0.003742698886232685 0.0 0.0
0.0 -5.415367686207367e-05 0.0 0.5231803684580771 0.0 0.016116610213782214 0.016116610213782214 0.016116610213783248 0.016116610213779605 1.5524735588975427 0.0 -5.602144955703643e-06 0.0037426988862382556 0.0 0.0
0.0 -1.9048559107837235e-05 0.0 0.5244068688790247 0.0 0.01604206301575979 0.01604206301575979 0.01604206301575979 0.01604206301575979 1.5524735588989806 0.0 -5.602144897561933e-06 0.0037426988862448015 0.0 0.0
0.0 1.68905668746936e-05 0.0 0.5256474745261628 0.0 0.015960787249578737 0.015960787249578737 0.015960787249574532 0.015960787249574532 1.5524735589007401 0.0 -5.602144816456356e-06 0.003742698886251828 0.0 0.0
0.0 5.363251309379314e-05 0.0 0.5269031744456103 0.0 0.015873534631834628 0.015873534631834628 0.015873534631834624 0.015873534631834628 1.5524735589027685 0.0 -5.602144726620858e-06 0.0037426988862590727 0.0 0.0
0.0 9.119984818370709e-05 0.0 0.5281779548017299 0.0 0.015781311727204286 0.015781311727204282 0.015781311727204286 0.01578131172720893 1.5524735589048761 0.0 -5.6021446087078546e-06 0.0037426988862663607 0.0 0.0
0.0 0.00012960949858583227 0.0 0.5294748052178888 0.0 0.01568487345942027 0.01568487345942027 0.01568487345941887 0.01568487345941887 1.5524735589070324 0.0 -5.602144465006036e-06 0.0037426988862738026 0.0 0.0
0.0 0.00016888403294183966 0.0 0.5307977118585799 0.0 0.015585226392636894 0.015585226392636882 0.015585226392639772 0.015585226394175238 1.5524735589089813 0.0 -5.602144284317017e-06 0.0037426988862810508 0.0 0.0
0.0 0.0002090091897715932 0.0 0.5321506533930889 0.0 0.01548387716758964 0.01548387716758964 0.015483877167591118 0.01548387716758964 1.552473558910258 0.0 -5.602144059400362e-06 0.0037426988862872363 0.0 0.0
0.0 0.0002500075376534805 0.0 0.5335376159858949 0.0 0.015381832348037285 0.015381832348037285 0.015381832348037285 0.015381832349634849 1.5524735589109981 0.0 -5.602143783154538e-06 0.003742698886292779 0.0 0.0
0.0 0.00029182798497932324 0.0 0.5349625708111188 0.0 0.015281098650113581 0.015281098650113586 0.015281098650112086 0.015281098650112086 1.5524735589105008 0.0 -5.602143444658747e-06 0.003742698886295816 0.0 0.0
0.0 0.00033446191230490006 0.0 0.5364304930791208 0.0 0.015183434355162995 0.015183434355162992 0.015183434355169102 0.015183434353577711 1.5524735589089713 0.0 -5.602143023817147e-06 0.0037426988862964334 0.0 0.0
0.0 0.00037781575562018604 0.0 0.5379443499278842 0.0 0.015091094613214376 0.015091094613214376 0.01509109461167022 0.015091094611670214 1.5524735589063783 0.0 -5.602142525271494e-06 0.0037426988862931504 0.0 0.0
0.0 0.00042180723517537983 0.0 0.5395091015773238 0.0 0.015006837856334459 0.015006837856334457 0.015006837856335798 0.015006837856335803 1.5524735589030196 0.0 -5.602141913259315e-06 0.003742698886285086 0.0 0.0
0.0 0.0004662691265471836 0.0 0.5411277001751252 0.0 0.014933919388690037 0.014933919388690037 0.014933919388692277 0.014933919388692277 1.5524735588995442 0.0 -5.602141192290643e-06 0.0037426988862714933 0.0 0.0
0.0 0.0005110398474369587 0.0 0.5428040944098202 0.0 0.014875846153403528 0.01487584615340418 0.014875846153408062 0.01487584615340418 1.5524735588968013 0.0 -5.602140330891331e-06 0.0037426988862534114 0.0 0.0
0.0 0.0005558063414727981 0.0 0.54453822057295 0.0 0.014836868792814123 0.014836868792814123 0.014836868792814126 0.014836868792228373 1.5524735588952883 0.0 -5.602139368818609e-06 0.003742698886232986 0.0 0.0
0.0 0.0006002003070977776 0.0 0.5463300037129547 0.0 0.014821988060669661 0.014821988060669748 0.014821988060578268 0.014821988060676044 1.552473558894904 0.0 -5.6021382972196945e-06 0.0037426988862165177 0.0 0.0
0.0 0.0006437019687529524 0.0 0.5481753564813502 0.0 0.014836948411337427 0.014836948411337416 0.014836948411337415 0.014836948402899248 1.5524735588948966 0.0 -5.602137186103932e-06 0.0037426988862129073 0.0 0.0
0.0 0.000685676906830256 0.0 0.5500661866274913 0.0 0.014887737902594584 0.014887737902593175 0.014887737926161859 0.01488773792693974 1.552473558894894 0.0 -5.602136135469144e-06 0.0037426988862083715 0.0 0.0
0.0 0.0007253264545939359 0.0 0.5519913822967848 0.0 0.014981590034458304 0.014981590034458526 0.01498159003446967 0.014981590022542207 1.5524735588948682 0.0 -5.602135251410041e-06 0.0037426988861956217 0.0 0.0
0.0 0.0007618406610408253 0.0 0.5539378385523055 0.0 0.015125234928808505 0.015125234928808505 0.015125234935523053 0.015125234935428424 1.5524735588947427 0.0 -5.602134626993939e-06 0.0037426988861706204 0.0 0.0
0.0 0.0007947098585374895 0.0 0.5558935069587763 0.0 0.015321653826339108 0.015321653826339104 0.015321653826342837 0.0153216538263428 1.5524735588943603 0.0 -5.602134274367225e-06 0.0037426988861321963 0.0 0.0
0.0 0.000823336769956858 0.0 0.5578373627174316 0.0 0.015572063227774957 0.015572063227772806 0.01557206322777496 0.015572063227772803 1.5524735588934764 0.0 -5.602134438755914e-06 0.0037426988860822514 0.0 0.0
0.0 0.0008472346086623649 0.0 0.5597484035129631 0.0 0.015876179423722585 0.015876179423722592 0.015876179423723664 0.015876179423723668 1.552473558891791 0.0 -5.602135108014618e-06 0.0037426988860252792 0.0 0.0
0.0 0.0008660128168684908 0.0 0.5616096281838125 0.0 0.016233725115468334 0.016233725115468337 0.016233725115465763 0.016233725115468334 1.5524735588889202 0.0 -5.602136132625478e-06 0.0037426988859651073 0.0 0.0
0.0 0.0008793672699955408 0.0 0.5634030577657901 0.0 0.016642921174521867 0.016642921174521867 0.016642921174767022 0.016642921174523727 1.552473558884552 0.0 -5.602137454293847e-06 0.003742698885909319 0.0 0.0
0.0 0.0008870716574002592 0.0 0.5651147107011192 0.0 0.017102244924394543 0.01710224492439454 0.01710224492439392 0.017102244924393918 1.5524735588783007 0.0 -5.602138895066115e-06 0.003742698885861688 0.0 0.0
0.0 0.0008890639153674216 0.0 0.5667336250363862 0.0 0.01760892831050243 0.017608928310502432 0.01760892831050243 0.017608928311470446 1.5524735588700285 0.0 -5.602140320771424e-06 0.003742698885827394 0.0 0.0
0.0 0.0008854206814719104 0.0 0.568253844009059 0.0 0.018159961259575225 0.018159961259574125 0.01815996125957413 0.018159961259574135 1.5524735588596457 0.0 -5.602141604519214e-06 0.0037426988858072514 0.0 0.0
0.0 0.0008762723499207704 0.0 0.569672407976102 0.0 0.018752588545125758 0.018752588545125758 0.01875258854512576 0.01875258854512697 1.5524735588470446 0.0 -5.602142695175329e-06 0.0037426988858004226 0.0 0.0
0.0 0.0008619545454894007 0.0 0.5709933668104383 0.0 0.019383566091315994 0.019383566091315998 0.01938356609131599 0.019383566092680597 1.552473558832427 0.0 -5.6021435405270655e-06 0.0037426988858032164 0.0 0.0
0.0 0.0008428807069996153 0.0 0.5722247677926331 0.0 0.02004990627503166 0.02004990627503166 0.02004990627503166 0.020049906275031663 1.5524735588158782 0.0 -5.602144158652092e-06 0.003742698885811497 0.0 0.0
0.0 0.0008196270315662669 0.0 0.573380663683323 0.0 0.020748381055958536 0.020748381055958536 0.020748381054567624 0.020748381054563367 1.5524735587977705 0.0 -5.60214456994472e-06 0.0037426988858197782 0.0 0.0
0.0 0.0007928772296701035 0.0 0.5744811014798535 0.0 0.021476272088421303 0.02147627208842261 0.0214762720884226 0.021476272088422607 1.552473558778159 0.0 -5.602144802392285e-06 0.0037426988858213013 0.0 0.0
0.0 0.0007634777700298983 0.0 0.5755521336598808 0.0 0.022230620615022983 0.02223062061502298 0.02223062061502557 0.022230620615022977 1.552473558757541 0.0 -5.602144878621495e-06 0.003742698885809931 0.0 0.0
0.0 0.0007324010497570006 0.0 0.5766258106853137 0.0 0.023008727534687006 0.023008727534687006 0.02300872753328133 0.023008727533277484 1.5524735587361538 0.0 -5.602144799920877e-06 0.0037426988857775217 0.0 0.0
0.0 0.000700806281683211 0.0 0.5777411887860695 0.0 0.023807654932194777 0.023807654932194777 0.023807654932194777 0.023807654932198944 1.552473558714643 0.0 -5.602144524562193e-06 0.0037426988857132775 0.0 0.0
0.0 0.0006701556264488927 0.0 0.5789453489866746 0.0 0.02462297750112377 0.02462297750112377 0.024622977501123775 0.02462297750112377 1.552473558695 0.0 -5.6021439292856006e-06 0.003742698885602302 0.0 0.0
0.0 0.0006420258891028695 0.0 0.5802893772130762 0.0 0.025450026307147777 0.02545002630715678 0.025450026307147766 0.025450026307147773 1.552473558678368 0.0 -5.6021427505141104e-06 0.0037426988854254843 0.0 0.0
0.0 0.0006183648404001536 0.0 0.5818314026324302 0.0 0.026281393232155937 0.026281393232155937 0.02628139323215592 0.026281393230383608 1.552473558668592 0.0 -5.602140379460336e-06 0.0037426988851593877 0.0 0.0
0.0 0.0005998601349988487 0.0 0.583780597656247 0.0 0.02717667379737847 0.027176673797386027 0.027176673797374692 0.027176673797374696 1.5524735585834886 0.0 -5.602131512508835e-06 0.0037426988842496627 0.0 0.0
0.0 0.0005881403882069423 0.0 0.5863303998435182 0.0 0.028177435264523567 0.028177435264523567 0.028177435262207503 0.028177435262203194 1.5524735583966078 0.0 -5.602103371951102e-06 0.003742698881984564 0.0 0.0
0.0 0.0005858656604540239 0.0 0.5894893135924836 0.0 0.02925018561999666 0.029250185619996656 0.02925018561999665 0.029250185617593065 1.5524735582181688 0.0 -5.602044979631923e-06 0.0037426988786761267 0.0 0.0
0.0 0.0005940681282582805 0.0 0.5932187285641896 0.0 0.030368108336852512 0.030368108336852506 0.0303681083368525 0.030368108339149356 1.55247355807168 0.0 -5.601947309456838e-06 0.00374269887464853 0.0 0.0
0.0 0.0006120882124035228 0.0 0.5974378837355943 0.0 0.03151357089022706 0.031513570890227 0.031513570890227 0.03151357089022701 1.5524735579571738 0.0 -5.601814568757582e-06 0.003742698870422405 0.0 0.0
0.0 0.0006376381317360437 0.0 0.6020318435208729 0.0 0.03267988784505354 0.03267988784505354 0.03267988784505355 0.03267988784505349 1.5524735578519089 0.0 -5.601669395074415e-06 0.0037426988664493377 0.0 0.0
0.0 0.0006670326774275758 0.0 0.6068565216790747 0.0 0.033869828682596186 0.03386982868259277 0.033869828682592765 0.033869828682592834 1.5524735577242177 0.0 -5.601550597225187e-06 0.0037426988630671577 0.0 0.0
0.0 0.0006956195743281801 0.0 0.6117497180956855 0.0 0.035093385103617536 0.035093385103617536 0.03509338510358129 0.03509338510554389 1.5524735575377346 0.0 -5.601497259897538e-06 0.0037426988604975565 0.0 0.0
0.0 0.0007182936079431394 0.0 0.6165342094733299 0.0 0.036361774968140595 0.03636177496814059 0.036361774968140595 0.036361774968131894 1.5524735572672168 0.0 -5.60153396113707e-06 0.003742698859185809 0.0 0.0
0.0 0.0007299341189419248 0.0 0.6210267967699941 0.0 0.037684456257154775 0.037684456257154775 0.037684456257154775 0.03768445625716001 1.5524735568921904 0.0 -5.601653772701797e-06 0.0037426988596702656 0.0 0.0
0.0 0.0007261017923332055 0.0 0.6250444193611275 0.0 0.039061635650767895 0.0390616356507679 0.03906163565076789 0.03906163565396026 1.5524735564400256 0.0 -5.601818853843162e-06 0.003742698862608669 0.0 0.0
0.0 0.0007036926704140926 0.0 0.628422205311997 0.0 0.04048129696046518 0.04048129696046518 0.040481296960465186 0.04048129696050148 1.5524735559961218 0.0 -5.601973733882081e-06 0.0037426988679928343 0.0 0.0
0.0 0.0006615666228350249 0.0 0.6310335073836636 0.0 0.0419172329123613 0.04191723291236131 0.04191723291236131 0.04191723291236711 1.5524735557143219 0.0 -5.6020774261684395e-06 0.0037426988747237475 0.0 0.0
0.0 0.0006009067292171154 0.0 0.6328078934073258 0.0 0.04333007406579327 0.04333007406579324 0.04333007406579324 0.04333007406579785 1.552473555764247 0.0 -5.602124804150232e-06 0.003742698880859135 0.0 0.0
0.0 0.0005254836091092935 0.0 0.6337550894382493 0.0 0.04467157771931004 0.04467157771931003 0.04467157771930647 0.04467157771930925 1.5524735562205607 0.0 -5.6021381864007494e-06 0.003742698884697575 0.0 0.0
0.0 0.0004411623757092391 0.0 0.6339688607833274 0.0 0.045892635345723985 0.045892635345723985 0.04589263534572398 0.045892635345723985 1.5524735569676182 0.0 -5.602141339926397e-06 0.0037426988860367136 0.0 0.0
0.0 0.00035522009053149284 0.0 0.6336169190500777 0.0 0.0469492575866684 0.046949257586668416 0.0469492575879439 0.0469492575879427 1.552473557763636 0.0 -5.602143476521644e-06 0.0037426988862349748 0.0 0.0
0.0 0.0002755910383416624 0.0 0.6329278284953311 0.0 0.04780855458668434 0.04780855458668866 0.04780855458668434 0.0478085545866872 1.5524735583794111 0.0 -5.602145227611504e-06 0.0037426988864145993 0.0 0.0
0.0 0.00020964245827242205 0.0 0.6321469596550144 0.0 0.048450916024952065 0.04845091602495206 0.048450916024952065 0.0484509160249539 1.5524735587282854 0.0 -5.602146243093907e-06 0.003742698886371992 0.0 0.0
0.0 0.00016386924275331907 0.0 0.6315085562217254 0.0 0.04886496546640356 0.04886496546640354 0.048864965466403544 0.04886496546640592 1.5524735588653538 0.0 -5.6021465044207325e-06 0.003742698886258878 0.0 0.0
0.0 0.00013134166709175026 0.0 0.6310102125704709 0.0 0.04914446564405944 0.04914446564405944 0.04914446564405944 0.049144465643342815 1.5524735588886553 0.0 -5.60214651168944e-06 0.0037426988862261624 0.0 0.0
0.0 0.0001014685303558563 0.0 0.6305193768627132 0.0 0.04939022191337874 0.04939022191337874 0.04939022191337874 0.04939022191337943 1.5524735588911247 0.0 -5.602146516539992e-06 0.0037426988862230438 0.0 0.0
0.0 7.411943563140402e-05 0.0 0.6300390087412043 0.0 0.049604989539415466 0.049604989539417214 0.04960498953941547 0.04960498953941787 1.5524735588926752 0.0 -5.6021465182547796e-06 0.003742698886220482 0.0 0.0
0.0 4.914972715326065e-05 0.0 0.6295760465181343 0.0 0.049793030388703786 0.04979303038870377 0.049793030388112634 0.04979303038870318 1.5524735588935799 0.0 -5.6021465168238936e-06 0.003742698886218446 0.0 0.0
0.0 2.6338423965255482e-05 0.0 0.6291304452226265 0.0 0.04995734491397268 0.049957344913972676 0.04995734491397268 0.04995734491397268 1.5524735588941232 0.0 -5.602146514816676e-06 0.003742698886216955 0.0 0.0
0.0 5.457414336790936e-06 0.0 0.6287041492184724 0.0 0.05010168688890673 0.05010168688890674 0.050101686888906725 0.050101686888411504 1.552473558894433 0.0 -5.60214651221071e-06 0.0037426988862158898 0.0 0.0
0.0 -1.3780812211645768e-05 0.0 0.6282951092098017 0.0 0.05022930359655315 0.05022930359655314 0.05022930359655315 0.050229303596101664 1.5524735588946117 0.0 -5.60214650997851e-06 0.003742698886215168 0.0 0.0
0.0 -3.162129384094567e-05 0.0 0.6279022799370072 0.0 0.05034319388613131 0.0503431938861313 0.0503431938861313 0.05034319388613054 1.552473558894715 0.0 -5.602146507992804e-06 0.003742698886214674 0.0 0.0
0.0 -4.843499700311134e-05 0.0 0.6275186181558461 0.0 0.05044609694811121 0.0504460969481112 0.05044609694773518 0.0504460969481105 1.552473558894775 0.0 -5.602146507000752e-06 0.0037426988862143697 0.0 0.0
0.0 -6.453913154292868e-05 0.0 0.6271400777405984 0.0 0.05054100682048932 0.05054100682048932 0.050541006820489315 0.05054100682083726 1.5524735588948082 0.0 -5.602146506489204e-06 0.003742698886214185 0.0 0.0
0.0 -8.024941867916883e-05 0.0 0.626759626689738 0.0 0.050629912580698995 0.05062991258069778 0.05062991258069779 0.05062991258102152 1.5524735588948284 0.0 -5.602146506798606e-06 0.0037426988862140857 0.0 0.0
0.0 -9.597216638738622e-05 0.0 0.6263672283880419 0.0 0.05071504853266119 0.0507150485326612 0.05071504853266119 0.05071504853266119 1.552473558894839 0.0 -5.602146508383072e-06 0.003742698886214067 0.0 0.0
0.0 -0.00011201032295602742 0.0 0.6259548580404292 0.0 0.05079790207405234 0.05079790207405234 0.05079790207433572 0.05079790207433572 1.5524735588948448 0.0 -5.602146511324639e-06 0.003742698886214105 0.0 0.0
0.0 -0.0001287574234369779 0.0 0.6255114862381311 0.0 0.050880205830490806 0.050880205830491784 0.050880205830491784 0.050880205830228765 1.552473558894846 0.0 -5.602146516786545e-06 0.003742698886214222 0.0 0.0
0.0 -0.00014653898471889628 0.0 0.6250251020215545 0.0 0.05096244063427724 0.05096244063427639 0.05096244063427639 0.05096244063427671 1.552473558894846 0.0 -5.602146526516677e-06 0.0037426988862144144 0.0 0.0
0.0 -0.00016568052369368895 0.0 0.6244836944311084 0.0 0.05104508731870218 0.05104508731870282 0.05104508731870282 0.05104508731852992 1.5524735588948448 0.0 -5.60214654337071e-06 0.003742698886214701 0.0 0.0
0.0 -0.00018648765354650144 0.0 0.6238722703789946 0.0 0.051127371717268694 0.051127371717268694 0.051127371717268694 0.051127371717268694 1.5524735588948455 0.0 -5.602146573734858e-06 0.0037426988862150823 0.0 0.0
0.0 -0.00020921074223063257 0.0 0.6231758480201673 0.0 0.051207769550672536 0.051207769550672536 0.051207769550672536 0.05120776955054998 1.55247355889485 0.0 -5.602146627745149e-06 0.0037426988862155177 0.0 0.0
0.0 -0.0002339896672346643 0.0 0.6223794679950763 0.0 0.051283256313129605 0.051283256313129605 0.051283256313129605 0.05128325631263839 1.5524735588948602 0.0 -5.602146722550546e-06 0.0037426988862158685 0.0 0.0
0.0 -0.0002608538155755399 0.0 0.6214681934297116 0.0 0.05134930727195911 0.05134930727195911 0.05134930727195911 0.051349307273210076 1.5524735588948753 0.0 -5.602146886318831e-06 0.003742698886215885 0.0 0.0
0.0 -0.00028871434515003076 0.0 0.6204621537678141 0.0 0.051397703255339725 0.051397703255339725 0.051397703255358085 0.05139770325233081 1.5524735588948906 0.0 -5.6021470784865484e-06 0.003742698886214998 0.0 0.0
0.0 -0.00031636659358201297 0.0 0.6193954375239189 0.0 0.05142324798632547 0.051423247986325644 0.051423247994510514 0.05142324798621703 1.5524735588948961 0.0 -5.60214723566844e-06 0.00374269888621383 0.0 0.0
0.0 -0.00034340276427119785 0.0 0.6182750954377698 0.0 0.051422702208004004 0.05142270220800414 0.051422702208004094 0.05142270220800411 1.5524735588948966 0.0 -5.602147400290465e-06 0.0037426988862132803 0.0 0.0
0.0 -0.0003694590215452943 0.0 0.6171101600881851 0.0 0.05139408004372502 0.05139408004373495 0.05139408004372501 0.051394080043734955 1.5524735588948995 0.0 -5.6021475584157365e-06 0.003742698886212097 0.0 0.0
0.0 -0.00039411628450978386 0.0 0.6159096752967698 0.0 0.05133464551259856 0.051334645512598566 0.05133464551259027 0.051334645512590274 1.5524735588949468 0.0 -5.602147700727923e-06 0.0037426988862077747 0.0 0.0
0.0 -0.0004169441879876041 0.0 0.6146846779673132 0.0 0.05124216591440784 0.051242165914407854 0.05124216591440785 0.05124216591440785 1.5524735588951895 0.0 -5.6021478102782585e-06 0.0037426988861992945 0.0 0.0
0.0 -0.0004374954403639864 0.0 0.6134491946269629 0.0 0.0511151634730873 0.051115163473088115 0.051115163473088115 0.051115163473088115 1.5524735588959435 0.0 -5.602147866032208e-06 0.003742698886186292 0.0 0.0
0.0 -0.00045530433500579737 0.0 0.612217255550576 0.0 0.050951910375330076 0.050951910375330076 0.050951910375330076 0.05095191037533326 1.5524735588977767 0.0 -5.602147863833523e-06 0.003742698886168689 0.0 0.0
0.0 -0.0004700397129535257 0.0 0.611001868238956 0.0 0.050752177430896515 0.050752177430898604 0.05075217743089861 0.050752177430896515 1.552473558901412 0.0 -5.602147810379191e-06 0.0037426988861479138 0.0 0.0
0.0 -0.0004812911128951337 0.0 0.6098170517242962 0.0 0.050514986940155715 0.05051498694015812 0.05051498694143972 0.050514986941442123 1.5524735589080076 0.0 -5.602147710404182e-06 0.0037426988861250714 0.0 0.0
0.0 -0.0004887585639385457 0.0 0.6086768025534246 0.0 0.05024086143248198 0.050240861432481985 0.05024086143110521 0.050240861432481985 1.5524735589186154 0.0 -5.602147578374179e-06 0.0037426988861032785 0.0 0.0
0.0 -0.0004921902096986033 0.0 0.6075931166957858 0.0 0.04993032022552743 0.04993032022552743 0.04993032022552743 0.0499303202255342 1.552473558934595 0.0 -5.602147439836031e-06 0.003742698886084588 0.0 0.0
0.0 -0.0004914375534120585 0.0 0.606575978300985 0.0 0.04958462954742321 0.049584629547420545 0.049584629547420545 0.049584629545999126 1.552473558956985 0.0 -5.602147317508573e-06 0.0037426988860713084 0.0 0.0
0.0 -0.00048637615561677165 0.0 0.6056343712293613 0.0 0.049205054019605836 0.049205054019605836 0.049205054019605836 0.049205054019608424 1.5524735589870202 0.0 -5.6021472281963565e-06 0.00374269888606466 0.0 0.0
0.0 -0.00047703869305343603 0.0 0.6047722704029158 0.0 0.04879335032263536 0.048793350322637825 0.04879335032263536 0.04879335032263554 1.552473559025326 0.0 -5.602147189758643e-06 0.0037426988860644887 0.0 0.0
0.0 -0.0004635059568332512 0.0 0.6039916501660646 0.0 0.048351271928665555 0.048351271928665555 0.048351271928665555 0.048351271928667436 1.5524735590726493 0.0 -5.602147206079942e-06 0.0037426988860700134 0.0 0.0
0.0 -0.00044606396882266463 0.0 0.6032874753473022 0.0 0.047881061158481605 0.04788106115847949 0.047881061158481605 0.047881061159616066 1.5524735591286027 0.0 -5.602147278567025e-06 0.003742698886078384 0.0 0.0
0.0 -0.00042494914802763576 0.0 0.6026537254762121 0.0 0.04738395858450187 0.047383958584501874 0.04738395858450187 0.047383958584500604 1.552473559195381 0.0 -5.602147404557664e-06 0.0037426988860878017 0.0 0.0
0.0 -0.0004006215588990478 0.0 0.6020773668191645 0.0 0.046861943659104184 0.04686194365910239 0.046861943659101346 0.04686194365910239 1.5524735592717378 0.0 -5.602147576668145e-06 0.003742698886095187 0.0 0.0
0.0 -0.000373696893897617 0.0 0.6015373708279055 0.0 0.04631648293727626 0.04631648293727626 0.04631648293727456 0.04631648293727456 1.5524735593590715 0.0 -5.602147794156387e-06 0.0037426988860965018 0.0 0.0
0.0 -0.00034209272117299584 0.0 0.600969460761263 0.0 0.04569796517254489 0.04569796517254488 0.04569796517254488 0.04569796517254488 1.5524735596883563 0.0 -5.602148688213586e-06 0.00374269888604258 0.0 0.0
0.0 -0.00030342429100080576 0.0 0.6003432647624721 0.0 0.04496383477189977 0.04496383477189976 0.04496383477189977 0.04496383477189853 1.5524735605297795 0.0 -5.602150972834008e-06 0.0037426988859119797 0.0 0.0
0.0 -0.00025790042559688844 0.0 0.5996836251543847 0.0 0.0441251333411529 0.04412513334115291 0.0441251333411529 0.044125133341151535 1.5524735618105918 0.0 -5.602154422390902e-06 0.0037426988857597048 0.0 0.0
0.0 -0.00020603291009204942 0.0 0.5990073594667381 0.0 0.043194390086979347 0.043194390086979347 0.043194390088126366 0.04319439008812781 1.5524735635619917 0.0 -5.602159118092352e-06 0.0037426988855994363 0.0 0.0
0.0 -0.00014842262667493812 0.0 0.5983252947400076 0.0 0.04218337446347621 0.04218337446347621 0.04218337446347621 0.042183374463476205 1.5524735658047981 0.0 -5.602165116680096e-06 0.003742698885438497 0.0 0.0
0.0 -8.589409301646656e-05 0.0 0.5976412447489124 0.0 0.0411045946724071 0.04110459467240709 0.041104594672407097 0.041104594672407097 1.5524735684895257 0.0 -5.602172290452422e-06 0.003742698885278915 0.0 0.0
0.0 -1.9530807390120714e-05 0.0 0.5969490166331536 0.0 0.03997079282994541 0.03997079282994542 0.039970792829945416 0.039970792828762806 1.552473571520768 0.0 -5.60218039434458e-06 0.0037426988851063923 0.0 0.0
0.0 4.9420981447554484e-05 0.0 0.5962364120508561 0.0 0.03879495135740694 0.038794951357406925 0.03879495135740533 0.03879495135740694 1.5524735747469605 0.0 -5.602189030703133e-06 0.0037426988849073826 0.0 0.0
0.0 0.0001195282175562747 0.0 0.5954842268921432 0.0 0.037590291382735994 0.037590291382736 0.03759029138273599 0.037590291382735994 1.5524735779612655 0.0 -5.602197660387084e-06 0.0037426988846559 0.0 0.0
0.0 0.00018935784890410245 0.0 0.5946732570440847 0.0 0.03637003397034194 0.03637003397034194 0.03637003397034194 0.036370033970341935 1.552473580925447 0.0 -5.602205659601148e-06 0.0037426988843428334 0.0 0.0
0.0 0.0002574343578839197 0.0 0.5937832943583202 0.0 0.03514764853143586 0.03514764853143586 0.03514764853143334 0.035147648531438674 1.5524735833556929 0.0 -5.602212293583756e-06 0.0037426988839537774 0.0 0.0
0.0 0.0003222454013944269 0.0 0.5927941231902868 0.0 0.03393710448810807 0.033937104488108084 0.03393710448810808 0.03393710448810808 1.5524735849360867 0.0 -5.602216755293625e-06 0.003742698883482048 0.0 0.0
0.0 0.0003824894963375338 0.0 0.5916935339541514 0.0 0.03275213422392652 0.032752134223926505 0.032752134223926505 0.032752134225777184 1.5524735854377893 0.0 -5.602218463828091e-06 0.003742698882968043 0.0 0.0
0.0 0.00043701513996632105 0.0 0.5904763153384557 0.0 0.0316067314559691 0.0316067314559691 0.0316067314580025 0.03160673145799868 1.552473584667577 0.0 -5.602216925089211e-06 0.0037426988824751637 0.0 0.0
0.0 0.0004849354380751719 0.0 0.5891482592100844 0.0 0.030514907826590408 0.030514907826590384 0.030514907826590394 0.030514907824383028 1.5524735825779648 0.0 -5.602211989442422e-06 0.0037426988821108033 0.0 0.0
0.0 0.000525701749752227 0.0 0.5877261756067903 0.0 0.029489692948259108 0.029489692948259125 0.029489692948254712 0.02948969295061053 1.5524735793710474 0.0 -5.6022041089476465e-06 0.003742698881980702 0.0 0.0
0.0 0.0005590612322339864 0.0 0.5862368886980753 0.0 0.028543382634469493 0.028543382634472068 0.02854338263447207 0.028543382634472068 1.5524735753865384 0.0 -5.602194044191947e-06 0.0037426988821607954 0.0 0.0
0.0 0.0005852380112857685 0.0 0.5847232460138967 0.0 0.027687048455850415 0.027687048455850412 0.027687048455850415 0.027687048455850415 1.5524735711152315 0.0 -5.602182864525173e-06 0.003742698882690951 0.0 0.0
0.0 0.0006047350991212545 0.0 0.5832351195913152 0.0 0.026930273054197106 0.0269302730541971 0.0269302730541971 0.0269302730541971 1.5524735670837093 0.0 -5.602171852726889e-06 0.0037426988834776656 0.0 0.0
0.0 0.0006183641132391357 0.0 0.5818314028028446 0.0 0.02628140312165432 0.02628140312165432 0.026281403121654324 0.02628140312165432 1.552473563720108 0.0 -5.602162147999597e-06 0.0037426988843726806 0.0 0.0
0.0 0.0006279631725700613 0.0 0.580469667887974 0.0 0.025701366154900002 0.025701366154900006 0.025701366154900002 0.02570136615710395 1.5524735622164656 0.0 -5.602157822308961e-06 0.0037426988847941265 0.0 0.0
0.0 0.0006351262539157003 0.0 0.5790805616919208 0.0 0.02514554185795489 0.02514554185795489 0.025145541857944414 0.025145541857950697 1.5524735618904597 0.0 -5.602157165150649e-06 0.0037426988848267 0.0 0.0
0.0 0.0006404947572162005 0.0 0.5776831271474414 0.0 0.02461145812766041 0.02461145812766041 0.024611458127660413 0.024611458125408214 1.5524735616224454 0.0 -5.60215652808459e-06 0.00374269888488788 0.0 0.0
0.0 0.0006447226929718049 0.0 0.5762954144222524 0.0 0.024096143382332978 0.024096143382332985 0.02409614338233298 0.02409614338233298 1.552473561416624 0.0 -5.602155919545834e-06 0.0037426988849678217 0.0 0.0
0.0 0.0006482757720109375 0.0 0.5749314537907176 0.0 0.023597869753485334 0.023597869753485334 0.023597869753485334 0.0235978697512934 1.5524735612442437 0.0 -5.602155297219178e-06 0.0037426988850619214 0.0 0.0
0.0 0.0006515900014864482 0.0 0.5736032786983016 0.0 0.02311465618385542 0.023114656183855425 0.02311465618385141 0.02311465618599042 1.552473561107703 0.0 -5.60215469473856e-06 0.0037426988851619446 0.0 0.0
0.0 0.0006550716888397667 0.0 0.5723209257603509 0.0 0.02264426837812671 0.022644268378126713 0.02264426837812671 0.02264426837605814 1.5524735610095388 0.0 -5.602154148731166e-06 0.0037426988852623374 0.0 0.0
0.0 0.0006589925985375325 0.0 0.5710934088174747 0.0 0.022185970596988663 0.02218597059698866 0.02218597059698866 0.022185970596993645 1.5524735609219542 0.0 -5.602153607413174e-06 0.003742698885366132 0.0 0.0
0.0 0.0006635891480581419 0.0 0.5699267483407042 0.0 0.02173852229189455 0.021738522291894557 0.021738522291894557 0.02173852229189003 1.5524735608535352 0.0 -5.6021531244633974e-06 0.0037426988854659953 0.0 0.0
0.0 0.0006690609272227001 0.0 0.5688269573043075 0.0 0.02130118295270821 0.02130118295270822 0.02130118295270886 0.02130118295451762 1.5524735607954137 0.0 -5.6021526856189944e-06 0.003742698885563138 0.0 0.0
0.0 0.0006755650529708217 0.0 0.5677990446472903 0.0 0.02087346051424485 0.020873460514244848 0.02087346051424132 0.020873460515939586 1.5524735607433091 0.0 -5.602152291027058e-06 0.003742698885656345 0.0 0.0
0.0 0.0006831496410283593 0.0 0.5668450109470275 0.0 0.020455358166947723 0.02045535816694475 0.020455358166944753 0.020455358166944753 1.55247356068878 0.0 -5.602151930636069e-06 0.00374269888574305 0.0 0.0
0.0 0.000691886863048069 0.0 0.5659678570692358 0.0 0.020046880721107434 0.020046880721107437 0.020046880721106063 0.020046880719637433 1.5524735606318827 0.0 -5.6021516002454635e-06 0.0037426988858238093 0.0 0.0
0.0 0.0007018248334581556 0.0 0.5651695835916049 0.0 0.019648031383389303 0.019648031383389306 0.019648031383389306 0.019648031383390562 1.5524735605727384 0.0 -5.602151300303076e-06 0.003742698885897216 0.0 0.0
0.0 0.0007128417798635682 0.0 0.5644481749459903 0.0 0.019259807066871543 0.019259807066871543 0.019259807066871543 0.01925980706687269 1.5524735604950777 0.0 -5.602150988255916e-06 0.003742698885961667 0.0 0.0
0.0 0.0007249249280011528 0.0 0.5638046239260234 0.0 0.018882709467557143 0.018882709467560595 0.018882709467559197 0.01888270946755854 1.552473560407828 0.0 -5.602150677305651e-06 0.003742698886018636 0.0 0.0
0.0 0.000738007747678628 0.0 0.5632369262069824 0.0 0.018516985425558977 0.018516985425558977 0.018516985425558977 0.018516985425557887 1.5524735603157949 0.0 -5.602150377594012e-06 0.0037426988860660973 0.0 0.0
0.0 0.0007519019366028214 0.0 0.5627410618957078 0.0 0.018163878687916885 0.018163878687916885 0.018163878687059765 0.018163878687916853 1.5524735602049082 0.0 -5.602150046183785e-06 0.0037426988861048063 0.0 0.0
0.0 0.0007665466054764426 0.0 0.5623160232086536 0.0 0.017823887751796483 0.017823887751796486 0.017823887751796483 0.017823887752535253 1.5524735600884845 0.0 -5.6021497121608296e-06 0.0037426988861362547 0.0 0.0
0.0 0.0007817478085730956 0.0 0.5619567937117318 0.0 0.017498004742336523 0.017498004742336523 0.01749800474233711 0.01749800474233711 1.5524735599618253 0.0 -5.6021493602583506e-06 0.0037426988861602247 0.0 0.0
0.0 0.0007972266551108909 0.0 0.5616563488985797 0.0 0.01718771865517904 0.017187718655179044 0.017187718655179044 0.017187718655705553 1.5524735598223922 0.0 -5.602148980314617e-06 0.0037426988861776903 0.0 0.0
0.0 0.000812404281403135 0.0 0.5613936677162729 0.0 0.016893995989183456 0.016893995989183456 0.016893995989183022 0.016893995989183223 1.5524735596813384 0.0 -5.602148600468062e-06 0.0037426988861877426 0.0 0.0
0.0 0.0008268547851958351 0.0 0.5611487556339497 0.0 0.016616054600538648 0.016616054600538645 0.016616054600538246 0.016616054600538648 1.5524735595593957 0.0 -5.602148273681734e-06 0.0037426988861929285 0.0 0.0
0.0 0.0008402781960128428 0.0 0.5609076161046811 0.0 0.016353371956285428 0.01635337195628543 0.016353371956285428 0.016353371956285428 1.55247355945247 0.0 -5.602147987870854e-06 0.0037426988861956 0.0 0.0
0.0 0.0008525444311224277 0.0 0.5606602687270044 0.0 0.01610443180711629 0.016104431807116282 0.016104431807116286 0.016104431807116692 1.5524735593669066 0.0 -5.6021477596439105e-06 0.0037426988861967315 0.0 0.0
0.0 0.0008634865795542842 0.0 0.5603967256040031 0.0 0.015868217953073475 0.01586821795307347 0.015868217953073475 0.015868217953073707 1.5524735592957375 0.0 -5.6021475704823e-06 0.00374269888619659 0.0 0.0
0.0 0.0008730396009087783 0.0 0.5601119965349908 0.0 0.015643972256209865 0.015643972256209865 0.015643972256209865 0.015643972256209865 1.5524735592353553 0.0 -5.602147410681024e-06 0.0037426988861959396 0.0 0.0
0.0 0.0008811936991497861 0.0 0.5598011025617305 0.0 0.015430186477588448 0.015430186477588448 0.01543018647813239 0.01543018647813137 1.5524735591884884 0.0 -5.602147287792782e-06 0.003742698886194647 0.0 0.0
0.0 0.00088785977701093 0.0 0.5594580531946374 0.0 0.015226100871665411 0.015226100871665413 0.015226100871665413 0.015226100871665814 1.552473559149045 0.0 -5.6021471861267305e-06 0.0037426988861926688 0.0 0.0
0.0 0.0008929784360309676 0.0 0.5590788547741214 0.0 0.015031208943837585 0.015031208943837587 0.015031208943837587 0.015031208943836971 1.5524735591148933 0.0 -5.602147100430112e-06 0.0037426988861903564 0.0 0.0
0.0 0.0008964662203115269 0.0 0.5586585133516672 0.0 0.014845002600276101 0.014845002600276097 0.014845002599552954 0.0148450026002761 1.5524735590854548 0.0 -5.602147030266815e-06 0.0037426988861874446 0.0 0.0
0.0 0.0008982396739371713 0.0 0.5581920349789024 0.0 0.014666973746218837 0.014666973746218837 0.014666973746218837 0.014666973746219579 1.552473559060185 0.0 -5.602146975681227e-06 0.0037426988861840676 0.0 0.0
0.0 0.0008980935667244822 0.0 0.5576724101398037 0.0 0.014497611225335974 0.014497611225335974 0.014497611225335154 0.014497611225335055 1.5524735590352552 0.0 -5.602146929475253e-06 0.0037426988861802577 0.0 0.0
0.0 0.0008958226678493062 0.0 0.5570926293182462 0.0 0.014337403889221034 0.014337403889221034 0.014337403889221034 0.014337403889221938 1.5524735590112488 0.0 -5.60214689728618e-06 0.0037426988861761937 0.0 0.0
0.0 0.0008911537287682463 0.0 0.556446664548967 0.0 0.014188092375709522 0.014188092375709524 0.014188092375708531 0.014188092375708533 1.5524735589856424 0.0 -5.60214687756415e-06 0.003742698886172946 0.0 0.0
0.0 0.0008837101407248496 0.0 0.5557264760466805 0.0 0.014052164235121734 0.014052164235121735 0.01405216423512281 0.014052164235122813 1.5524735589591991 0.0 -5.602146882590735e-06 0.003742698886171354 0.0 0.0
0.0 0.000873102521873832 0.0 0.5549250168197233 0.0 0.013932608700618748 0.013932608700618748 0.013932608699388062 0.013932608700619901 1.55247355893449 0.0 -5.6021469313561115e-06 0.0037426988861727385 0.0 0.0
0.0 0.0008588479264305226 0.0 0.5540382070143074 0.0 0.013834670151801317 0.013834670151801317 0.013834670153075105 0.013834670153073915 1.5524735589131728 0.0 -5.602147039652122e-06 0.0037426988861796818 0.0 0.0
0.0 0.0008404435045054919 0.0 0.5530649489049959 0.0 0.01376484797736839 0.01376484797736839 0.01376484797736839 0.013764847977370171 1.5524735588997065 0.0 -5.602147228837779e-06 0.0037426988861925833 0.0 0.0
0.0 0.0008174018445409187 0.0 0.5520101202653028 0.0 0.013731401439609842 0.013731401439609844 0.013731401439609842 0.013731401439608344 1.552473558895152 0.0 -5.6021474945760966e-06 0.0037426988862077227 0.0 0.0
0.0 0.0007902105977868726 0.0 0.5509176176219749 0.0 0.013742152255323777 0.013742152255323775 0.013742152255323768 0.013742152255323775 1.5524735588948966 0.0 -5.6021476514145475e-06 0.003742698886213363 0.0 0.0
0.0 0.0007601023255789239 0.0 0.5498394522393187 0.0 0.0137974338416612 0.0137974338416612 0.013797433835496439 0.013797433835496378 1.5524735588948935 0.0 -5.602147599299697e-06 0.0037426988862152444 0.0 0.0
0.0 0.0007278994396238348 0.0 0.5488006763067509 0.0 0.013894285824803952 0.013894285824803952 0.01389428582480395 0.013894285824803952 1.5524735588948662 0.0 -5.60214745277393e-06 0.0037426988862188427 0.0 0.0
0.0 0.0006943168383440894 0.0 0.5478203477760791 0.0 0.0140292381532047 0.014029238153204698 0.01402923815320561 0.01402923815320469 1.5524735588947807 0.0 -5.602147259292743e-06 0.0037426988862229002 0.0 0.0
0.0 0.0006600524937146236 0.0 0.5469145349756347 0.0 0.014198065839272836 0.014198065839272833 0.014198065839273048 0.014198065839044786 1.5524735588946112 0.0 -5.602147054870199e-06 0.003742698886226144 0.0 0.0
0.0 0.0006256416192666261 0.0 0.5460933007539346 0.0 0.01439678431475564 0.01439678431475564 0.01439678431475564 0.01439678431475508 1.5524735588943466 0.0 -5.602146874373775e-06 0.0037426988862279513 0.0 0.0
0.0 0.0005915472568285301 0.0 0.5453637070932025 0.0 0.014621404201149836 0.014621404201149834 0.014621404201149437 0.014621404201148843 1.5524735588939944 0.0 -5.60214673099015e-06 0.0037426988862280957 0.0 0.0
0.0 0.0005581602765545982 0.0 0.5447298151094839 0.0 0.014867931309260661 0.014867931309260155 0.014867931309260658 0.014867931308721246 1.5524735588935807 0.0 -5.6021466279067614e-06 0.0037426988862267595 0.0 0.0
0.0 0.0005256719599990527 0.0 0.5441896729438183 0.0 0.01513311194129699 0.015133111941296993 0.015133111941296453 0.0151331119412973 1.5524735588931244 0.0 -5.602146562454791e-06 0.003742698886224598 0.0 0.0
0.0 0.0004942920037664883 0.0 0.5437413324847229 0.0 0.015413442362737832 0.015413442362737834 0.015413442362737829 0.015413442362183411 1.5524735588926692 0.0 -5.602146523456258e-06 0.0037426988862219643 0.0 0.0
0.0 0.0004640602152774576 0.0 0.5433788294757049 0.0 0.015706412574470027 0.01570641257447003 0.015706412574469558 0.015706412574971376 1.5524735588922214 0.0 -5.602146502669699e-06 0.003742698886219424 0.0 0.0
0.0 0.00043488898500484074 0.0 0.5430931875513112 0.0 0.016010257881471496 0.0160102578814715 0.016010257881471097 0.016010257881041486 1.5524735588917788 0.0 -5.602146492514862e-06 0.003742698886217299 0.0 0.0
0.0 0.00040669070345429007 0.0 0.5428754303462403 0.0 0.01632321358702008 0.01632321358702008 0.01632321358702008 0.01632321358701991 1.5524735588913607 0.0 -5.602146487700193e-06 0.003742698886215646 0.0 0.0
0.0 0.00037922064480182174 0.0 0.5427115725564401 0.0 0.016644007053204537 0.016644007053204533 0.01664400705348206 0.01664400705348197 1.552473558890962 0.0 -5.60214648538075e-06 0.0037426988862145553 0.0 0.0
0.0 0.0003521844801780326 0.0 0.5425886141763049 0.0 0.0169723673964706 0.0169723673964706 0.0169723673964708 0.016972367396470803 1.5524735588905414 0.0 -5.602146483872104e-06 0.003742698886213872 0.0 0.0
0.0 0.00032525253916302157 0.0 0.5424905618292957 0.0 0.017307518846519387 0.017307518846519383 0.017307518846696374 0.01730751884669654 1.5524735588901293 0.0 -5.602146482674184e-06 0.0037426988862135253 0.0 0.0
0.0 0.0002979068470490695 0.0 0.5423974022461577 0.0 0.0176499294080959 0.017649929408095896 0.017649929408265444 0.017649929408265413 1.552473558889657 0.0 -5.602146481399516e-06 0.003742698886213454 0.0 0.0
0.0 0.00026970308942655025 0.0 0.5422891371479094 0.0 0.017999066934991148 0.017999066934991145 0.01799906693499114 0.017999066934991145 1.5524735588891811 0.0 -5.602146480166537e-06 0.0037426988862136646 0.0 0.0
0.0 0.00024013042236581793 0.0 0.542143763930665 0.0 0.01835464611120804 0.018354646111208045 0.01835464611146114 0.01835464611146122 1.5524735588886893 0.0 -5.602146479075165e-06 0.003742698886214354 0.0 0.0
0.0 0.00020852801638355234 0.0 0.5419322817170921 0.0 0.01871612035904929 0.018716120359049293 0.01871612035904962 0.01871612035904962 1.5524735588882028 0.0 -5.6021464790093765e-06 0.003742698886216163 0.0 0.0
0.0 0.0001740678177611601 0.0 0.541628641777646 0.0 0.019086198400406245 0.01908619840040624 0.019086198400406245 0.01908619840040689 1.5524735588874694 0.0 -5.6021464824562144e-06 0.0037426988862200557 0.0 0.0
0.0 0.00013627134682034605 0.0 0.5412198066308663 0.0 0.019467109728784123 0.019467109728784123 0.01946710972878412 0.01946710972878412 1.5524735588864758 0.0 -5.60214649629392e-06 0.0037426988862267773 0.0 0.0
0.0 9.532424291801075e-05 0.0 0.5407028278769428 0.0 0.019855349006271228 0.019855349006271228 0.019855349006270995 0.019855349006974048 1.5524735588857128 0.0 -5.602146531572053e-06 0.0037426988862361635 0.0 0.0
0.0 5.144035620296027e-05 0.0 0.540079739821496 0.0 0.020248669100896795 0.020248669100896795 0.020248669100896795 0.020248669100898776 1.5524735588851184 0.0 -5.602146598527423e-06 0.0037426988862478234 0.0 0.0
0.0 4.883139886694738e-06 0.0 0.5393515914717338 0.0 0.02064382112559988 0.02064382112559988 0.020643821125599877 0.02064382112559988 1.5524735588848253 0.0 -5.602146711214391e-06 0.0037426988862613365 0.0 0.0
0.0 -4.409821429638644e-05 0.0 0.5385234105043427 0.0 0.021039062834206982 0.02103906283420781 0.021039062834207808 0.021039062833321187 1.5524735588847045 0.0 -5.6021468767960665e-06 0.0037426988862759823 0.0 0.0
0.0 -9.521204240200153e-05 0.0 0.5376012286321628 0.0 0.021432403545639734 0.02143240354563974 0.02143240354563974 0.02143240354563974 1.5524735588847882 0.0 -5.602147100208923e-06 0.0037426988862908246 0.0 0.0
0.0 -0.0001481313388754248 0.0 0.536594070938918 0.0 0.021822357466031575 0.02182235746603157 0.021822357466033244 0.021822357466031568 1.5524735588850236 0.0 -5.602147373160179e-06 0.0037426988863048104 0.0 0.0
0.0 -0.0002025475132934052 0.0 0.5355109587607478 0.0 0.02220768883841428 0.022207688838414275 0.022207688838414275 0.022207688838414275 1.5524735588853797 0.0 -5.602147686594526e-06 0.003742698886317309 0.0 0.0
0.0 -0.0002581591059835591 0.0 0.5343629027683766 0.0 0.02258791522615765 0.022587915226157655 0.022587915226157655 0.022587915226157648 1.5524735588857757 0.0 -5.602148016447267e-06 0.003742698886327794 0.0 0.0
0.0 -0.0003147255446598067 0.0 0.533159905848732 0.0 0.02296305266480969 0.022963052664809695 0.02296305266480969 0.02296305266401709 1.552473558886161 0.0 -5.602148347498423e-06 0.0037426988863364426 0.0 0.0
0.0 -0.0003719581425964883 0.0 0.5319139714660358 0.0 0.023333120396479327 0.023333120396479324 0.02333312039648073 0.02333312039573544 1.5524735588865355 0.0 -5.602148645713125e-06 0.003742698886342631 0.0 0.0
0.0 -0.00042958662813677374 0.0 0.5306370993369302 0.0 0.02369838770122591 0.02369838770122591 0.02369838770122591 0.023698387701936274 1.5524735588868772 0.0 -5.602148887562963e-06 0.003742698886346452 0.0 0.0
0.0 -0.0004873959748494029 0.0 0.5293412779354327 0.0 0.024059873973220864 0.02405987397322213 0.02405987397322086 0.024059873973217905 1.5524735588871241 0.0 -5.602149053263427e-06 0.003742698886348416 0.0 0.0
0.0 -0.0005451159110869847 0.0 0.5280385069783742 0.0 0.024417848492290586 0.024417848492290582 0.024417848492289354 0.024417848491635027 1.5524735588873446 0.0 -5.602149129040578e-06 0.0037426988863480375 0.0 0.0
0.0 -0.0006025738827192148 0.0 0.5267397709035805 0.0 0.024773579085523245 0.024773579085522027 0.02477357908552202 0.024773579085519148 1.552473558887457 0.0 -5.602149116071961e-06 0.003742698886346322 0.0 0.0
0.0 -0.0006594939759461194 0.0 0.5254580659690026 0.0 0.02512758667471805 0.025127586674718046 0.02512758667537796 0.02512758667537797 1.5524735588875258 0.0 -5.602148999044251e-06 0.0037426988863423416 0.0 0.0
0.0 -0.0007157149209523432 0.0 0.5242023835305151 0.0 0.025480635805707738 0.025480635805707738 0.025480635805709008 0.025480635805709 1.5524735588875314 0.0 -5.602148817335642e-06 0.0037426988863371795 0.0 0.0
0.0 -0.0007709664460630761 0.0 0.5229847233049812 0.0 0.02583299575783457 0.025832995757834574 0.02583299575783457 0.025832995757834567 1.5524735588875147 0.0 -5.602148561195092e-06 0.003742698886329991 0.0 0.0
0.0 -0.0008250688663844857 0.0 0.5218140803958745 0.0 0.026185181038893477 0.026185181038893477 0.026185181038892103 0.026185181038160123 1.552473558887455 0.0 -5.6021482695220355e-06 0.003742698886321635 0.0 0.0
0.0 -0.0008787528304182525 0.0 0.5206783613979914 0.0 0.02654317330972686 0.026543173309726862 0.02654317331050357 0.026543173310500698 1.5524735588868719 0.0 -5.602148073824521e-06 0.003742698886319197 0.0 0.0
0.0 -0.0009328564999622128 0.0 0.5195594786681252 0.0 0.026912444538186833 0.02691244453818682 0.02691244453818979 0.026912444537367023 1.552473558885719 0.0 -5.6021479875832e-06 0.003742698886323215 0.0 0.0
0.0 -0.0009872934418817185 0.0 0.5184564544020981 0.0 0.02729149289362617 0.02729149289362617 0.02729149289362617 0.02729149289362617 1.5524735588845997 0.0 -5.602147909425332e-06 0.0037426988863264324 0.0 0.0
0.0 -0.001041862578968111 0.0 0.5173723156990406 0.0 0.02767857292401199 0.027678572924011987 0.027678572924011987 0.02767857292311677 1.552473558883576 0.0 -5.6021478188176965e-06 0.0037426988863278727 0.0 0.0
0.0 -0.0010964831201238216 0.0 0.5163050882147131 0.0 0.02807193115742423 0.02807193115742423 0.028071931157420797 0.028071931157420797 1.5524735588826877 0.0 -5.602147741704854e-06 0.0037426988863285826 0.0 0.0
0.0 -0.0011510629899699697 0.0 0.5152547906869118 0.0 0.02847031740586753 0.028470317405866263 0.02847031740586927 0.028470317405869274 1.5524735588819039 0.0 -5.602147667597314e-06 0.003742698886328446 0.0 0.0
0.0 -0.0012055029823490881 0.0 0.5142194525188791 0.0 0.028871728160062133 0.02887172816006213 0.028871728161009927 0.028871728161009927 1.5524735588813474 0.0 -5.602147605616343e-06 0.0037426988863275166 0.0 0.0
0.0 -0.0012596926068061615 0.0 0.513199096195975 0.0 0.02927466319504471 0.029274663195044712 0.029274663195044712 0.029274663195041763 1.5524735588809768 0.0 -5.6021475460820915e-06 0.0037426988863257194 0.0 0.0
0.0 -0.0013135694873242958 0.0 0.5121917436263319 0.0 0.029677619076001673 0.029677619076001673 0.029677619075998102 0.0296776190759952 1.552473558880807 0.0 -5.602147497288288e-06 0.003742698886323526 0.0 0.0
0.0 -0.0013670584749743274 0.0 0.5111944239244289 0.0 0.03007859069143287 0.030078590691432868 0.030078590691432868 0.030078590690483565 1.552473558880915 0.0 -5.602147462639126e-06 0.0037426988863209078 0.0 0.0
0.0 -0.0014200250220663473 0.0 0.5102081598643254 0.0 0.0304760794177179 0.030476079417717895 0.030476079417717895 0.030476079417717898 1.5524735588812313 0.0 -5.602147425282923e-06 0.0037426988863173286 0.0 0.0
0.0 -0.0014724308098035147 0.0 0.5092299730654476 0.0 0.030868580218613325 0.030868580218613325 0.03086858021861332 0.03086858021861682 1.5524735588817475 0.0 -5.602147400856199e-06 0.0037426988863136813 0.0 0.0
0.0 -0.0015241709898874331 0.0 0.5082588894720518 0.0 0.03125434122611605 0.03125434122611605 0.03125434122611605 0.031254341227033564 1.5524735588824803 0.0 -5.602147381147311e-06 0.0037426988863094365 0.0 0.0
0.0 -0.0015751294296798733 0.0 0.5072959281106559 0.0 0.03163211385567572 0.03163211385567572 0.03163211385567572 0.03163211385567572 1.5524735588833418 0.0 -5.602147358275303e-06 0.0037426988863045085 0.0 0.0
0.0 -0.0016252621682625648 0.0 0.5063391071418436 0.0 0.03200064471089652 0.03200064471089652 0.03200064471089652 0.03200064471089747 1.5524735588843095 0.0 -5.6021473433774646e-06 0.003742698886299533 0.0 0.0
0.0 -0.0016743978277737625 0.0 0.505389456834747 0.0 0.032357935093903493 0.0323579350939035 0.032357935093900975 0.0323579350939035 1.552473558885436 0.0 -5.6021473253940725e-06 0.0037426988862936297 0.0 0.0
0.0 -0.0017224571057525993 0.0 0.5044479887208562 0.0 0.032703236494544714 0.032703236494544714 0.032703236494544714 0.03270323649536925 1.552473558886551 0.0 -5.602147304100997e-06 0.0037426988862874844 0.0 0.0
0.0 -0.00176925734004818 0.0 0.5035177261516571 0.0 0.03303505349784609 0.0330350534978461 0.0330350534978461 0.0330350534978461 1.5524735588877028 0.0 -5.602147272905749e-06 0.0037426988862805763 0.0 0.0
0.0 -0.0018147248703338846 0.0 0.5025986841175518 0.0 0.033352385952365574 0.03335238595236557 0.033352385952365574 0.033352385951611115 1.5524735588888159 0.0 -5.60214724250319e-06 0.003742698886273705 0.0 0.0
0.0 -0.00185866575016614 0.0 0.5016958790522339 0.0 0.03365424172472076 0.03365424172472076 0.03365424172472076 0.033654241724008785 1.5524735588898677 0.0 -5.60214719682709e-06 0.003742698886266343 0.0 0.0
0.0 -0.0019006608986522407 0.0 0.5008183547772838 0.0 0.033937884831751065 0.033937884831751065 0.03393788483241218 0.03393788483241218 1.552473558890938 0.0 -5.602147126499258e-06 0.003742698886257786 0.0 0.0
0.0 -0.0019404753856366109 0.0 0.4999751176386802 0.0 0.034203079668616444 0.034203079668616444 0.034203079668616444 0.03420307966861817 1.5524735588918441 0.0 -5.602147037333488e-06 0.003742698886249402 0.0 0.0
0.0 -0.0019783967215555634 0.0 0.49916411834076607 0.0 0.034453073517448675 0.03445307351744867 0.034453073517448675 0.034453073516310134 1.5524735588924654 0.0 -5.6021469620251035e-06 0.0037426988862431163 0.0 0.0
0.0 -0.002014681228890282 0.0 0.4983823185417189 0.0 0.03469036194448299 0.03469036194448299 0.03469036194448299 0.03469036194448299 1.5524735588929075 0.0 -5.6021469006955856e-06 0.0037426988862383774 0.0 0.0
0.0 -0.0020495427577955703 0.0 0.497627683935922 0.0 0.03491719208305981 0.03491719208305981 0.03491719208305981 0.03491719208306112 1.552473558893223 0.0 -5.6021468490818896e-06 0.0037426988862347393 0.0 0.0
0.0 -0.0020832801030374283 0.0 0.49689617214523213 0.0 0.035136307933651606 0.035136307933651606 0.035136307933651606 0.035136307933652834 1.5524735588934286 0.0 -5.602146809166167e-06 0.0037426988862321754 0.0 0.0
0.0 -0.002116166513534524 0.0 0.49618175520440394 0.0 0.03534945013912114 0.03534945013912115 0.03534945013912115 0.03534945013912294 1.5524735588935732 0.0 -5.6021467821689574e-06 0.0037426988862303994 0.0 0.0
0.0 -0.002148463953896533 0.0 0.4954803982304367 0.0 0.035558862624761635 0.035558862624761635 0.035558862624761635 0.0355588626247605 1.552473558893655 0.0 -5.6021467629042645e-06 0.0037426988862292662 0.0 0.0
0.0 -0.0021804952761130146 0.0 0.49478705855646044 0.0 0.035767287787863006 0.035767287787863006 0.0357672877873917 0.035767287787862125 1.5524735588936702 0.0 -5.602146751868201e-06 0.003742698886228811 0.0 0.0
0.0 -0.002212467199566931 0.0 0.4940977125422168 0.0 0.035976219440151405 0.035976219440151405 0.03597621944015252 0.03597621944062842 1.55247355889365 0.0 -5.602146746943515e-06 0.0037426988862287558 0.0 0.0
0.0 -0.002244708218396363 0.0 0.49340632097972975 0.0 0.03618814833821218 0.03618814833821011 0.03618814833821011 0.03618814833821126 1.552473558893568 0.0 -5.602146750828608e-06 0.0037426988862293595 0.0 0.0
0.0 -0.002277461882135395 0.0 0.49270885273356363 0.0 0.03640506836914744 0.03640506836914744 0.03640506836914555 0.03640506836914555 1.5524735588934286 0.0 -5.602146760790498e-06 0.00374269888623048 0.0 0.0
0.0 -0.002311026985534701 0.0 0.4920012654255938 0.0 0.036629723533736634 0.036629723533736634 0.036629723533736634 0.036629723533736634 1.5524735588931964 0.0 -5.602146777323467e-06 0.0037426988862323306 0.0 0.0
0.0 -0.0023456230209135585 0.0 0.491280528209099 0.0 0.036864109323093204 0.036864109323093204 0.036864109323093204 0.03686410932309321 1.5524735588928678 0.0 -5.6021467996303485e-06 0.0037426988862348737 0.0 0.0
0.0 -0.0023815247257798753 0.0 0.4905435989946502 0.0 0.03711097134136363 0.03711097134136475 0.03711097134136475 0.03711097134136363 1.5524735588923817 0.0 -5.6021468285376806e-06 0.0037426988862384034 0.0 0.0
0.0 -0.002418945950299637 0.0 0.48978844347666045 0.0 0.0373725567208612 0.03737255672086119 0.0373725567208612 0.0373725567208612 1.5524735588917014 0.0 -5.60214686321405e-06 0.00374269888624301 0.0 0.0
0.0 -0.0024581445055308427 0.0 0.4890150091890746 0.0 0.037652365989182666 0.037652365989182666 0.037652365989182666 0.037652365989870054 1.552473558890679 0.0 -5.602146900053227e-06 0.003742698886249077 0.0 0.0
0.0 -0.0024992748428443413 0.0 0.48822525548590123 0.0 0.03795315276882052 0.03795315276882052 0.03795315276882052 0.03795315276807902 1.5524735588892153 0.0 -5.602146934322954e-06 0.003742698886256563 0.0 0.0
0.0 -0.0025424801293265596 0.0 0.4874231348034799 0.0 0.0382781739623713 0.038278173962372285 0.03827817396316807 0.03827817396317107 1.552473558887078 0.0 -5.60214695979264e-06 0.003742698886265596 0.0 0.0
0.0 -0.0025878257181737255 0.0 0.48661659698530724 0.0 0.03863094292751765 0.038630942927517654 0.03863094292751765 0.03863094292751554 1.5524735588839356 0.0 -5.602146964190343e-06 0.0037426988862758097 0.0 0.0
0.0 -0.0026353288481612415 0.0 0.485815592452318 0.0 0.03901497622547163 0.03901497622547162 0.03901497622547163 0.03901497622546777 1.5524735588793313 0.0 -5.602146940143943e-06 0.0037426988862865824 0.0 0.0
0.0 -0.002684743304821881 0.0 0.4850311206326957 0.0 0.039430541533633796 0.039430541533635566 0.039430541532692855 0.039430541533633415 1.552473558873295 0.0 -5.60214688649841e-06 0.0037426988862958384 0.0 0.0
0.0 -0.0027357563441891435 0.0 0.48427618527959393 0.0 0.039877659696368785 0.039877659696364934 0.03987765969733015 0.03987765969733015 1.5524735588655654 0.0 -5.602146802823756e-06 0.0037426988863019438 0.0 0.0
0.0 -0.002788096205922024 0.0 0.48355980023425305 0.0 0.040355595034395245 0.04035559503439524 0.040355595034395245 0.04035559503439713 1.552473558856053 0.0 -5.602146704715301e-06 0.003742698886304609 0.0 0.0
0.0 -0.0028413580707264325 0.0 0.48289498798755465 0.0 0.040863118203455236 0.04086311820345524 0.04086311820345524 0.040863118203451725 1.5524735588447378 0.0 -5.602146593268589e-06 0.003742698886301821 0.0 0.0
0.0 -0.0028953607649672064 0.0 0.4822877577672579 0.0 0.041399738748986135 0.04139973874898614 0.04139973874898756 0.04139973874899091 1.5524735588311667 0.0 -5.602146485739269e-06 0.0037426988862954333 0.0 0.0
0.0 -0.0029497348109059664 0.0 0.48174813869327093 0.0 0.041963722443214224 0.04196372244321424 0.04196372244321537 0.041963722443218485 1.5524735588157623 0.0 -5.602146383023615e-06 0.0037426988862840917 0.0 0.0
0.0 -0.0030042437897353762 0.0 0.4812821512357287 0.0 0.042553828718307006 0.042553828718307006 0.04255382871830614 0.042553828718307006 1.5524735587982688 0.0 -5.602146291079207e-06 0.00374269888626961 0.0 0.0
0.0 -0.003058680982096069 0.0 0.48089381903497935 0.0 0.0431685637624414 0.0431685637624414 0.0431685637624414 0.04316856376244382 1.5524735587788414 0.0 -5.60214621012657e-06 0.00374269888625353 0.0 0.0
0.0 -0.0031128268957323494 0.0 0.4805861729377546 0.0 0.043805932085477776 0.04380593208547617 0.043805932085478144 0.04380593208547815 1.5524735587579843 0.0 -5.60214613840873e-06 0.0037426988862370924 0.0 0.0
0.0 -0.0031665356986547615 0.0 0.480362228800331 0.0 0.044464938345838805 0.04446493834583881 0.044464938345838596 0.044464938345838805 1.5524735587350071 0.0 -5.602146070034849e-06 0.0037426988862218694 0.0 0.0
0.0 -0.0032197081847055247 0.0 0.4802200160258804 0.0 0.0451435790368057 0.0451435790368057 0.045143579036805694 0.045143579036540024 1.5524735587109828 0.0 -5.602146004053937e-06 0.0037426988862098833 0.0 0.0
0.0 -0.0032722819779330355 0.0 0.4801575565224877 0.0 0.04584035072440358 0.04584035072440358 0.04584035072440359 0.04584035072440358 1.5524735586856793 0.0 -5.602145936504807e-06 0.0037426988862018814 0.0 0.0
0.0 -0.003324237174648929 0.0 0.4801718681618568 0.0 0.04655399840934585 0.04655399840934586 0.04655399840934585 0.04655399840934585 1.5524735586589973 0.0 -5.602145865371031e-06 0.00374269888619846 0.0 0.0
0.0 -0.003375607627768286 0.0 0.48025697169735854 0.0 0.0472830122450887 0.0472830122450887 0.0472830122450887 0.04728301224508868 1.5524735586314737 0.0 -5.6021457916838375e-06 0.003742698886194616 0.0 0.0
0.0 -0.0034264937197284436 0.0 0.4804048835567868 0.0 0.04802612921444479 0.048026129214444796 0.04802612921444479 0.04802612921444526 1.5524735586030127 0.0 -5.602145715090413e-06 0.00374269888618765 0.0 0.0
0.0 -0.0034770751352254303 0.0 0.4806066086374114 0.0 0.04878283480812569 0.04878283480812569 0.04878283480812633 0.04878283480812645 1.5524735585725713 0.0 -5.602145632646913e-06 0.0037426988861784445 0.0 0.0
0.0 -0.0035274763142640452 0.0 0.48085316307853965 0.0 0.049551864408160375 0.049551864408160375 0.04955186440816037 0.049551864408160555 1.5524735585414695 0.0 -5.602145547891036e-06 0.0037426988861680335 0.0 0.0
0.0 -0.003577973170313896 0.0 0.4811315506221264 0.0 0.0503326970906255 0.05033269709062551 0.05033269709110032 0.050332697090623726 1.5524735585085083 0.0 -5.602145458057956e-06 0.0037426988861583837 0.0 0.0
