0.0 -0.002698323173604047 0.0 0.481616150959946 0.0 0.03848968519959234 0.03848968517080132 0.03848968521374975 0.038489685212283714 1.5524735751152126 0.0 -5.60218861033916e-06 0.0037426988823343102 0.0 0.0
0.0 -0.002687350937297039 0.0 0.48161738763866496 0.0 0.03834037941081916 0.038340379410819164 0.03834037941081916 0.03834037941081915 1.552473558899645 0.0 -5.6021465080480105e-06 0.0037426988862131914 0.0 0.0
0.0 -0.0026752154015935456 0.0 0.4816198572903323 0.0 0.03817560455897617 0.03817560455897617 0.03817560455897617 0.0381756045589762 1.5524735589020198 0.0 -5.6021465143901934e-06 0.003742698886213138 0.0 0.0
0.0 -0.0026620174336504203 0.0 0.4816215477601924 0.0 0.03799607587950794 0.03799607587950795 0.03799607587950127 0.03799607587950127 1.5524735589050607 0.0 -5.602146522510367e-06 0.003742698886213081 0.0 0.0
0.0 -0.0026477882214729622 0.0 0.4816234480942505 0.0 0.037802545089186845 0.037802545089186845 0.037802545089186845 0.03780254508918686 1.5524735589088117 0.0 -5.602146532527813e-06 0.0037426988862130028 0.0 0.0
0.0 -0.00263254618017579 0.0 0.4816255545449363 0.0 0.037595262226157014 0.03759526222615701 0.03759526222615701 0.03759526222615701 1.5524735589134837 0.0 -5.602146545003555e-06 0.003742698886212911 0.0 0.0
0.0 -0.002616364970018039 0.0 0.48162785212192816 0.0 0.03737522744089896 0.03737522744089895 0.03737522744089896 0.03737522744089896 1.5524735589188803 0.0 -5.6021465594147e-06 0.0037426988862128007 0.0 0.0
0.0 -0.0025992630061608397 0.0 0.481630337077646 0.0 0.03714269077179136 0.037142690771791366 0.03714269077178218 0.03714269077178219 1.5524735589253327 0.0 -5.602146576645218e-06 0.0037426988862126875 0.0 0.0
0.0 -0.0025813139488216463 0.0 0.48163299442184776 0.0 0.03689865236901371 0.036898652369013706 0.03689865236901371 0.03689865236901371 1.5524735589324998 0.0 -5.602146595784953e-06 0.0037426988862125643 0.0 0.0
0.0 -0.0025625362131897287 0.0 0.4816358204069081 0.0 0.0366433622711604 0.0366433622711604 0.03664336227117061 0.0366433622711604 1.5524735589408118 0.0 -5.602146617979893e-06 0.003742698886212384 0.0 0.0
0.0 -0.0025430034594543347 0.0 0.4816388000425273 0.0 0.03637782062808103 0.03637782062808102 0.03637782062808102 0.03637782062808102 1.552473558949755 0.0 -5.602146641860897e-06 0.0037426988862122343 0.0 0.0
0.0 -0.0025227284605966113 0.0 0.48164292612229775 0.0 0.03610252911937083 0.03610252911937082 0.036102529119370855 0.036102529119383886 1.5524735589596423 0.0 -5.602146668262311e-06 0.003742698886212063 0.0 0.0
0.0 -0.0025017721040276612 0.0 0.48164719086232394 0.0 0.035817986216922636 0.035817986216922636 0.03581798621693611 0.035817986216922636 1.5524735589704723 0.0 -5.6021466971819465e-06 0.003742698886211879 0.0 0.0
0.0 -0.0024801896349044457 0.0 0.4816515830198647 0.0 0.03552494203328069 0.03552494203328069 0.03552494203328068 0.03552494203328066 1.5524735589819312 0.0 -5.602146727780727e-06 0.0037426988862116605 0.0 0.0
0.0 -0.0024580178834415307 0.0 0.4816560950998611 0.0 0.035223896644264965 0.035223896644264965 0.03522389664426496 0.035223896644264986 1.5524735589942207 0.0 -5.6021467605993515e-06 0.0037426988862114667 0.0 0.0
0.0 -0.0024352880375670964 0.0 0.4816617161482754 0.0 0.0349156017657874 0.0349156017657874 0.0349156017657874 0.0349156017657874 1.5524735590069307 0.0 -5.60214679453865e-06 0.0037426988862112516 0.0 0.0
0.0 -0.0024120793996860084 0.0 0.48166743463358086 0.0 0.03460080590713851 0.03460080590713857 0.03460080590713857 0.03460080590713857 1.552473559019903 0.0 -5.602146829178304e-06 0.0037426988862110577 0.0 0.0
0.0 -0.0023883863278029794 0.0 0.4816742470969664 0.0 0.03427976071091127 0.034279760710911274 0.03427976071091127 0.03427976071091127 1.5524735590338148 0.0 -5.602146866325445e-06 0.00374269888621084 0.0 0.0
0.0 -0.002364282481981473 0.0 0.4816821385481199 0.0 0.033953466325284905 0.03395346632528491 0.033953466325284905 0.033953466325284905 1.5524735590472905 0.0 -5.602146902310199e-06 0.00374269888621062 0.0 0.0
0.0 -0.0023398103347483873 0.0 0.481690104950755 0.0 0.033622171186776725 0.033622171186776725 0.03362217118675555 0.03362217118675559 1.5524735590615206 0.0 -5.602146940310121e-06 0.0037426988862104085 0.0 0.0
0.0 -0.0023137120243632 0.0 0.4816993976818859 0.0 0.033269124449113514 0.03326912444911352 0.03326912444911352 0.033269124449137544 1.5524735591160201 0.0 -5.602147085835579e-06 0.0037426988862095468 0.0 0.0
0.0 -0.00228485859229968 0.0 0.48171124188534764 0.0 0.032879325497500014 0.03287932549750002 0.032879325497500014 0.032879325497470614 1.5524735592336272 0.0 -5.60214739986245e-06 0.003742698886207606 0.0 0.0
0.0 -0.0022535375443652494 0.0 0.48172358826431905 0.0 0.032456021552448894 0.032456021552448894 0.032456021552448894 0.032456021552448894 1.552473559382326 0.0 -5.602147796912431e-06 0.0037426988862052863 0.0 0.0
0.0 -0.002219976991814824 0.0 0.4817383811826897 0.0 0.03200296638092961 0.03200296638092961 0.032002966380929615 0.03200296638092961 1.5524735595590715 0.0 -5.602148268833021e-06 0.003742698886202598 0.0 0.0
0.0 -0.0021844588027041434 0.0 0.4817545678856884 0.0 0.031523658903360015 0.03152365890336002 0.031523658903360015 0.03152365890339909 1.5524735597618027 0.0 -5.602148810125294e-06 0.0037426988861996692 0.0 0.0
0.0 -0.0021472832593275068 0.0 0.4817710918707236 0.0 0.031021848068363438 0.031021848068363427 0.03102184806836343 0.03102184806840344 1.5524735599835582 0.0 -5.602149402213764e-06 0.0037426988861965437 0.0 0.0
0.0 -0.0021086841147621195 0.0 0.4817889009602789 0.0 0.030501035997308627 0.030501035997308627 0.030501035997308627 0.030501035997308464 1.552473560219102 0.0 -5.6021500310799235e-06 0.003742698886193326 0.0 0.0
0.0 -0.002068967293498876 0.0 0.4818059421112225 0.0 0.029964719995026548 0.029964719995026534 0.029964719995026545 0.029964719995068105 1.5524735604601971 0.0 -5.6021506747739085e-06 0.003742698886190362 0.0 0.0
0.0 -0.0020283665478246582 0.0 0.48182316314512846 0.0 0.029416402174234378 0.02941640217423439 0.02941640217423439 0.029416402174276476 1.552473560697168 0.0 -5.602151307442857e-06 0.0037426988861874884 0.0 0.0
0.0 -0.0019871821591859484 0.0 0.481839507560537 0.0 0.028859831469203918 0.02885983146920392 0.028859831469163287 0.028859831469163287 1.5524735609157756 0.0 -5.602151891060545e-06 0.00374269888618503 0.0 0.0
0.0 -0.0019456775801964606 0.0 0.4818539263492188 0.0 0.028298256758231426 0.02829825675823142 0.028298256758231426 0.02829825675826863 1.552473561111666 0.0 -5.602152414032908e-06 0.003742698886183115 0.0 0.0
0.0 -0.0019041715058639459 0.0 0.48186535926118756 0.0 0.027735676996669217 0.027735676996669217 0.02773567699666922 0.027735676996700997 1.552473561262055 0.0 -5.602152815575369e-06 0.0037426988861818476 0.0 0.0
0.0 -0.001862897689794412 0.0 0.4818747541187876 0.0 0.02717559431003356 0.02717559431003355 0.02717559431006156 0.02717559431003355 1.5524735613638474 0.0 -5.602153087245356e-06 0.003742698886181469 0.0 0.0
0.0 -0.0018221195845405963 0.0 0.48188106191501556 0.0 0.026621257577332656 0.026621257577332646 0.026621257577332646 0.026621257577354923 1.5524735614130258 0.0 -5.602153218614092e-06 0.0037426988861817626 0.0 0.0
0.0 -0.0017821558858569831 0.0 0.48188322239990544 0.0 0.02607666576011579 0.026076665760115803 0.026076665760115796 0.026076665760115796 1.552473561389995 0.0 -5.602153157154759e-06 0.0037426988861829695 0.0 0.0
0.0 -0.0017432035194252862 0.0 0.4818821908907369 0.0 0.025544820943934197 0.0255448209439342 0.025544820943934197 0.025544820943925732 1.552473561309792 0.0 -5.602152943029569e-06 0.0037426988861846634 0.0 0.0
0.0 -0.0017055995959014848 0.0 0.48187690339037437 0.0 0.02502997212534349 0.025029972125343494 0.025029972125343115 0.02502997212534312 1.5524735611513885 0.0 -5.6021525201623e-06 0.003742698886187396 0.0 0.0
0.0 -0.0016695651003085668 0.0 0.4818673149279444 0.0 0.024535119811922485 0.024535119811922485 0.024535119811922475 0.024535119811914616 1.5524735609428517 0.0 -5.6021519634048545e-06 0.0037426988861905142 0.0 0.0
0.0 -0.0016353465584452913 0.0 0.4818553661198106 0.0 0.024064267802658405 0.024064267802658405 0.024064267802658405 0.024064267802658405 1.5524735606782702 0.0 -5.60215125706139e-06 0.0037426988861939737 0.0 0.0
0.0 -0.0016032074276638184 0.0 0.48184000795949844 0.0 0.02362066503837012 0.023620665038370157 0.023620665038370157 0.023620665038370157 1.5524735603852158 0.0 -5.602150474625785e-06 0.003742698886197598 0.0 0.0
0.0 -0.0015717482043428577 0.0 0.48182152526851013 0.0 0.023185309226205104 0.023185309226205104 0.023185309226205104 0.023185309226205104 1.5524735603567992 0.0 -5.602150398776771e-06 0.0037426988861982476 0.0 0.0
0.0 -0.0015395509287675164 0.0 0.4818002066104778 0.0 0.022738947478566612 0.022738947478566616 0.022738947478566616 0.022738947478566616 1.5524735606015176 0.0 -5.602151052162258e-06 0.0037426988861961443 0.0 0.0
0.0 -0.001506818126453084 0.0 0.4817760107558931 0.0 0.022284329663459695 0.0222843296634597 0.022284329663459702 0.0222843296634597 1.5524735608400333 0.0 -5.602151688965068e-06 0.003742698886194259 0.0 0.0
0.0 -0.0014736801899376934 0.0 0.4817518973477239 0.0 0.02182421098582242 0.02182421098582242 0.02182421098582242 0.021824210985822424 1.5524735610618414 0.0 -5.602152281189872e-06 0.003742698886192878 0.0 0.0
0.0 -0.0014403524550452272 0.0 0.4817288179559826 0.0 0.021361843498304254 0.021361843498304188 0.02136184349830419 0.021361843498304195 1.5524735612458729 0.0 -5.6021527724651224e-06 0.00374269888619189 0.0 0.0
0.0 -0.0014069893728333258 0.0 0.4817087319340802 0.0 0.020899980818289133 0.020899980818289133 0.020899980818289133 0.020899980818289133 1.55247356138977 0.0 -5.602153156676654e-06 0.0037426988861915035 0.0 0.0
0.0 -0.001373793507731823 0.0 0.48169159805875184 0.0 0.020441373341343896 0.020441373341343896 0.020441373341343896 0.020441373341343896 1.5524735614836556 0.0 -5.602153407328584e-06 0.0037426988861915854 0.0 0.0
0.0 -0.001340956138394044 0.0 0.4816793681886515 0.0 0.01998927472585609 0.019989274725856085 0.01998927472585609 0.01998927472585609 1.5524735615076057 0.0 -5.6021534712660766e-06 0.0037426988861921865 0.0 0.0
0.0 -0.001308613302789229 0.0 0.48167400542527367 0.0 0.0195461885776261 0.019546188577626102 0.0195461885776261 0.019546188577624943 1.5524735614726142 0.0 -5.602153377868608e-06 0.0037426988861933453 0.0 0.0
0.0 -0.0012770284513449796 0.0 0.4816744607618352 0.0 0.019115363746054076 0.01911536374605409 0.019115363746054083 0.019115363746063267 1.552473561359556 0.0 -5.602153076032272e-06 0.0037426988861950167 0.0 0.0
0.0 -0.0012463560373868296 0.0 0.48168269355176974 0.0 0.018699553879990283 0.018699553879990314 0.01869955387999029 0.01869955387999029 1.552473561182172 0.0 -5.6021526024511045e-06 0.0037426988861969787 0.0 0.0
0.0 -0.0012168354565854878 0.0 0.4816986550772581 0.0 0.018302009463953814 0.01830200946395381 0.01830200946395381 0.01830200946395388 1.5524735609374813 0.0 -5.602151949198701e-06 0.0037426988861993513 0.0 0.0
0.0 -0.0011886989783672223 0.0 0.4817203072855745 0.0 0.01792522772411038 0.017925227724110333 0.017925227724110336 0.017925227724157052 1.5524735606541202 0.0 -5.602151192666019e-06 0.0037426988862018164 0.0 0.0
0.0 -0.0011621435273814558 0.0 0.48174860549428195 0.0 0.017572210730699457 0.01757221073069946 0.01757221073069946 0.017572210730699457 1.5524735603392734 0.0 -5.602150352053715e-06 0.0037426988862043803 0.0 0.0
0.0 -0.0011374566166656727 0.0 0.4817815004085077 0.0 0.017246205803084162 0.017246205803084162 0.017246205803084162 0.017246205803084225 1.552473560011398 0.0 -5.6021494766374054e-06 0.003742698886206756 0.0 0.0
0.0 -0.0011148464592585072 0.0 0.48181795426399404 0.0 0.016949711780768536 0.01694971178076854 0.016949711780840766 0.01694971178076854 1.5524735597041381 0.0 -5.602148656240243e-06 0.0037426988862088507 0.0 0.0
0.0 -0.0010946246244541004 0.0 0.4818549174766611 0.0 0.016685974367124826 0.01668597436712483 0.016685974367124826 0.01668597436712483 1.5524735594295507 0.0 -5.602147923054339e-06 0.0037426988862105147 0.0 0.0
0.0 -0.0010770177385452417 0.0 0.4818913485349026 0.0 0.01645774241690646 0.01645774241690646 0.016457742416906458 0.016457742416906528 1.5524735592098307 0.0 -5.60214733635286e-06 0.003742698886211727 0.0 0.0
0.0 -0.0010623189551669508 0.0 0.4819242016017645 0.0 0.016268011585907474 0.01626801158590747 0.016268011585907533 0.016268011585907467 1.5524735590520147 0.0 -5.602146914937591e-06 0.0037426988862125665 0.0 0.0
0.0 -0.001050754897411682 0.0 0.48195243516539954 0.0 0.016119530685426594 0.016119530685426597 0.016119530685426594 0.016119530685426646 1.5524735589560752 0.0 -5.60214665874235e-06 0.003742698886213014 0.0 0.0
0.0 -0.0010412150186947214 0.0 0.4819772706213025 0.0 0.01599754909670381 0.01599754909670381 0.015997549096703766 0.01599754909670381 1.5524735589235898 0.0 -5.602146571992811e-06 0.0037426988862131667 0.0 0.0
0.0 -0.0010323324442420097 0.0 0.4820029677061686 0.0 0.015884820556465562 0.015884820556465604 0.015884820556465607 0.015884820556515043 1.55247355891632 0.0 -5.602146552579569e-06 0.003742698886213202 0.0 0.0
0.0 -0.0010240278682358153 0.0 0.4820305379509651 0.0 0.01578059650938025 0.0157805965093803 0.015780596509380296 0.015780596509380296 1.5524735589108956 0.0 -5.602146538093131e-06 0.0037426988862132317 0.0 0.0
0.0 -0.00101624604537371 0.0 0.48205999259839755 0.0 0.015684126841402107 0.01568412684140216 0.01568412684140216 0.01568412684140216 1.5524735589068803 0.0 -5.602146527371023e-06 0.003742698886213253 0.0 0.0
0.0 -0.0010089076731526923 0.0 0.48209234317987 0.0 0.015594663042257017 0.015594663042257019 0.015594663042257017 0.015594663042257076 1.5524735589039296 0.0 -5.602146519491193e-06 0.0037426988862132742 0.0 0.0
0.0 -0.0010019999785918655 0.0 0.4821265969018285 0.0 0.015511703432280463 0.015511703432280463 0.015511703432280463 0.015511703432280463 1.5524735589016945 0.0 -5.6021465135222066e-06 0.00374269888621328 0.0 0.0
0.0 -0.000995443659220628 0.0 0.4821637652957032 0.0 0.01543449950167673 0.015434499501676729 0.015434499501676796 0.015434499501676796 1.55247355890008 0.0 -5.602146509210455e-06 0.003742698886213291 0.0 0.0
0.0 -0.0009891891119342968 0.0 0.4822028630630814 0.0 0.015362049495816323 0.015362049495816321 0.015362049495816252 0.015362049495816254 1.5524735588989786 0.0 -5.602146506269271e-06 0.0037426988862132955 0.0 0.0
0.0 -0.0009831995065514576 0.0 0.48224389769910836 0.0 0.015293853338768487 0.015293853338768485 0.015293853338768485 0.015293853338844724 1.5524735588981478 0.0 -5.602146504050325e-06 0.003742698886213303 0.0 0.0
0.0 -0.000977419597831577 0.0 0.4822868804465079 0.0 0.015229160917391436 0.015229160917391434 0.015229160917391509 0.015229160917391434 1.5524735588975656 0.0 -5.602146502495302e-06 0.0037426988862133 0.0 0.0
0.0 -0.0009717516682345172 0.0 0.48233282658427357 0.0 0.01516697368424598 0.01516697368424598 0.01516697368424606 0.015166973684246052 1.5524735588972054 0.0 -5.602146501532645e-06 0.0037426988862133068 0.0 0.0
0.0 -0.000966177302659521 0.0 0.48238173985999844 0.0 0.015107041601309441 0.015107041601309441 0.015107041601309441 0.015107041601399553 1.5524735588969134 0.0 -5.602146500752201e-06 0.003742698886213308 0.0 0.0
0.0 -0.0009606412558833965 0.0 0.4824336315163828 0.0 0.015048614555592922 0.01504861455559292 0.015048614555593011 0.015048614555592912 1.5524735588967404 0.0 -5.602146500289666e-06 0.003742698886213312 0.0 0.0
0.0 -0.0009550458103671914 0.0 0.48248951683245095 0.0 0.014990693999722214 0.014990693999722218 0.014990693999722216 0.014990693999722216 1.5524735588966982 0.0 -5.602146500176163e-06 0.0037426988862133146 0.0 0.0
0.0 -0.000949330078721346 0.0 0.4825504035920398 0.0 0.014932781461718782 0.014932781461718886 0.014932781461718886 0.01493278146160778 1.5524735588967185 0.0 -5.602146500228075e-06 0.0037426988862133237 0.0 0.0
0.0 -0.0009434147584909339 0.0 0.48261730332658387 0.0 0.01487412843192746 0.014874128431927461 0.01487412843192746 0.014874128432049168 1.552473558896836 0.0 -5.6021465005387754e-06 0.0037426988862133354 0.0 0.0
0.0 -0.0009372389622857437 0.0 0.482691223819938 0.0 0.014814236438654371 0.014814236438654375 0.014814236438654373 0.014814236438386244 1.55247355889703 0.0 -5.602146501052578e-06 0.0037426988862133497 0.0 0.0
0.0 -0.0009306993304295382 0.0 0.4827741768922331 0.0 0.014752358575622647 0.014752358575622649 0.014752358575622649 0.01475235857562267 1.552473558897357 0.0 -5.602146501916951e-06 0.0037426988862133757 0.0 0.0
0.0 -0.0009237293333826523 0.0 0.48286816686845213 0.0 0.014688248012294012 0.014688248012294012 0.014688248012294012 0.014688248012463356 1.5524735588977674 0.0 -5.60214650299786e-06 0.0037426988862134117 0.0 0.0
0.0 -0.0009162071963991395 0.0 0.4829752093163217 0.0 0.014620907805379346 0.014620907805379163 0.014620907805379163 0.014620907804995207 1.5524735588984369 0.0 -5.6021465047579296e-06 0.0037426988862134685 0.0 0.0
0.0 -0.0009083042972435379 0.0 0.48309427396650884 0.0 0.014552336651475857 0.014552336651475853 0.014552336651475855 0.014552336651475655 1.552473558898756 0.0 -5.602146505573043e-06 0.0037426988862135266 0.0 0.0
0.0 -0.0009002344860440904 0.0 0.4832233265134379 0.0 0.01448478168296319 0.014484781682963188 0.014484781682963188 0.01448478168319279 1.552473558898585 0.0 -5.602146505073861e-06 0.0037426988862135635 0.0 0.0
0.0 -0.000892021820107688 0.0 0.48336136666841567 0.0 0.01441824129734013 0.014418241297340133 0.01441824129734036 0.014418241297340132 1.552473558898418 0.0 -5.602146504580036e-06 0.0037426988862135978 0.0 0.0
0.0 -0.000883679072342704 0.0 0.483509387224991 0.0 0.014353217173218129 0.014353217173218125 0.014353217173218127 0.014353217173217882 1.5524735588981535 0.0 -5.602146503807563e-06 0.0037426988862136355 0.0 0.0
0.0 -0.0008751878276900183 0.0 0.48366739193073877 0.0 0.014289459273242417 0.014289459273242416 0.014289459273241897 0.014289459273241817 1.5524735588979492 0.0 -5.602146503180329e-06 0.003742698886213672 0.0 0.0
0.0 -0.0008665905584492027 0.0 0.4838343767493967 0.0 0.014227216031542722 0.014227216031542719 0.014227216031251785 0.014227216031251513 1.5524735588977077 0.0 -5.602146502445962e-06 0.0037426988862137014 0.0 0.0
0.0 -0.0008579240947636575 0.0 0.4840103341857949 0.0 0.014166987522977527 0.014166987522977815 0.014166987522977527 0.014166987523282548 1.5524735588973946 0.0 -5.602146501504544e-06 0.0037426988862137227 0.0 0.0
0.0 -0.0008491643794215298 0.0 0.4841962645286465 0.0 0.014108775351941638 0.014108775351941636 0.014108775351941638 0.014108775351941936 1.5524735588971055 0.0 -5.602146500594541e-06 0.0037426988862137456 0.0 0.0
0.0 -0.0008403114124205842 0.0 0.4843921677779506 0.0 0.014052579518061256 0.01405257951806126 0.01405257951806157 0.014052579518061378 1.5524735588968397 0.0 -5.602146499722359e-06 0.0037426988862137647 0.0 0.0
0.0 -0.00083145013836791 0.0 0.4845960358611519 0.0 0.013998896889638582 0.013998896889638903 0.013998896889638582 0.013998896889638904 1.5524735588965353 0.0 -5.602146498758484e-06 0.0037426988862137604 0.0 0.0
0.0 -0.0008225805572691697 0.0 0.48480786877824184 0.0 0.013947727466730347 0.013947727466730349 0.01394772746708656 0.013947727466730208 1.5524735588962657 0.0 -5.602146497869003e-06 0.003742698886213755 0.0 0.0
0.0 -0.0008137210842012699 0.0 0.485027662781661 0.0 0.013899321287272075 0.013899321287272075 0.013899321287272073 0.013899321287272075 1.552473558896006 0.0 -5.602146496984768e-06 0.0037426988862137404 0.0 0.0
0.0 -0.0008048901342399458 0.0 0.4852554141238213 0.0 0.013853928388638151 0.01385392838863815 0.013853928388638151 0.013853928389012404 1.552473558895764 0.0 -5.602146496126007e-06 0.003742698886213716 0.0 0.0
0.0 -0.0007961358218480071 0.0 0.48548912222731816 0.0 0.013811545564155085 0.013811545564155085 0.01381154556415473 0.01381154556415473 1.552473558895563 0.0 -5.602146495412458e-06 0.0037426988862136862 0.0 0.0
0.0 -0.0007874581470220225 0.0 0.4857287870921513 0.0 0.01377217281353279 0.013772172813532792 0.013772172813532792 0.013772172813532792 1.552473558895398 0.0 -5.6021464947811825e-06 0.00374269888621365 0.0 0.0
0.0 -0.0007788939399153117 0.0 0.4859744012231684 0.0 0.013736310212255808 0.013736310212255808 0.013736310212256169 0.013736310212255983 1.552473558895245 0.0 -5.602146494167156e-06 0.0037426988862136047 0.0 0.0
0.0 -0.0007704728999084275 0.0 0.48622396779054333 0.0 0.013703704515677 0.013703704515677 0.013703704515677359 0.013703704515294615 1.5524735588951368 0.0 -5.602146493731117e-06 0.0037426988862135583 0.0 0.0
0.0 -0.0007622134420784451 0.0 0.4864774830466922 0.0 0.01367460576108891 0.01367460576108891 0.01367460576146655 0.013674605761089264 1.5524735588950502 0.0 -5.602146493345801e-06 0.0037426988862135097 0.0 0.0
0.0 -0.0007541396236517225 0.0 0.4867339467029134 0.0 0.013649012345433113 0.013649012345433456 0.013649012345433113 0.013649012345801728 1.5524735588949894 0.0 -5.602146493061591e-06 0.0037426988862134646 0.0 0.0
0.0 -0.0007463179741617153 0.0 0.4869913544342228 0.0 0.013627171099135735 0.013627171099135737 0.013627171099135407 0.013627171099485942 1.552473558894946 0.0 -5.602146492902695e-06 0.0037426988862134165 0.0 0.0
0.0 -0.0007389593665090392 0.0 0.48724170018340807 0.0 0.013609319231563295 0.013609319231562996 0.013609319231880647 0.013609319231562996 1.552473558894919 0.0 -5.602146493098764e-06 0.0037426988862133683 0.0 0.0
0.0 -0.0007322562585171208 0.0 0.4874769816408286 0.0 0.013595443914428094 0.013595443914428094 0.013595443914428094 0.013595443914428094 1.5524735588949048 0.0 -5.602146493569864e-06 0.0037426988862133293 0.0 0.0
0.0 -0.0007261109326477704 0.0 0.4876982140854842 0.0 0.01358454660018599 0.01358454660018599 0.01358454660018578 0.013584546600409003 1.5524735588948997 0.0 -5.6021464939515705e-06 0.0037426988862133094 0.0 0.0
0.0 -0.0007204143870611752 0.0 0.4879084058786388 0.0 0.01357613202426575 0.013576132024265589 0.013576132024265494 0.013576132024265655 1.5524735588948977 0.0 -5.6021464942085205e-06 0.003742698886213298 0.0 0.0
0.0 -0.0007150576199184046 0.0 0.4881105653815569 0.0 0.013569704921690514 0.013569704921690514 0.013569704921690514 0.013569704921690514 1.552473558894897 0.0 -5.602146494373173e-06 0.003742698886213292 0.0 0.0
0.0 -0.0007099741016856533 0.0 0.488306696919223 0.0 0.013565018461883639 0.013565018461883639 0.013565018461883615 0.013565018461883615 1.5524735588948968 0.0 -5.602146494485086e-06 0.003742698886213288 0.0 0.0
0.0 -0.0007050788877522092 0.0 0.4884988085641961 0.0 0.013561575776453911 0.013561575776453911 0.013561575776535757 0.013561575776535818 1.5524735588948966 0.0 -5.6021464945543056e-06 0.0037426988862132864 0.0 0.0
0.0 -0.0007002757492060128 0.0 0.488690901471296 0.0 0.013559383279778202 0.013559383279778202 0.0135593832797785 0.013559383279459814 1.5524735588948966 0.0 -5.602146494553823e-06 0.003742698886213285 0.0 0.0
0.0 -0.0006955165715910274 0.0 0.48888497621793303 0.0 0.013558444178581878 0.013558444178581878 0.013558444178581878 0.013558444178584018 1.5524735588948966 0.0 -5.602146494518963e-06 0.0037426988862132846 0.0 0.0
0.0 -0.0006907107681462207 0.0 0.48908403741779655 0.0 0.013558513243623628 0.013558513243628167 0.013558513248493618 0.013558513248489085 1.5524735588948966 0.0 -5.6021464944274836e-06 0.003742698886213284 0.0 0.0
0.0 -0.0006857861671873046 0.0 0.4892910859370011 0.0 0.013559595296673051 0.013559595296673043 0.013559595281014076 0.013559595296673239 1.5524735588948966 0.0 -5.602146494266242e-06 0.0037426988862132846 0.0 0.0
0.0 -0.0006806705970304754 0.0 0.4895091226416616 0.0 0.013561695131360286 0.01356169513136035 0.013561695131360352 0.013561695123169815 1.5524735588948966 0.0 -5.6021464940118496e-06 0.003742698886213284 0.0 0.0
0.0 -0.0006753287161467932 0.0 0.48974114090274323 0.0 0.013565317643052502 0.013565317643052502 0.013565317637996632 0.01356531764305724 1.5524735588948966 0.0 -5.602146493627455e-06 0.0037426988862132838 0.0 0.0
0.0 -0.000669669937774774 0.0 0.48999014533393564 0.0 0.013570217602058999 0.013570217602059004 0.013570217602058983 0.013570217606230927 1.5524735588948966 0.0 -5.6021464930565955e-06 0.0037426988862132838 0.0 0.0
0.0 -0.000663682977613183 0.0 0.490258129017499 0.0 0.013576898296625905 0.013576898296625912 0.013576898296629105 0.013576898293214642 1.5524735588948966 0.0 -5.602146492263737e-06 0.0037426988862132825 0.0 0.0
0.0 -0.0006572772489012153 0.0 0.49054809656712167 0.0 0.013585114492721016 0.013585114492721014 0.013585114492721014 0.013585114492708973 1.5524735588948966 0.0 -5.602146491107582e-06 0.0037426988862132816 0.0 0.0
0.0 -0.0006503749378043464 0.0 0.4908640453900477 0.0 0.013595122646582875 0.013595122646582875 0.013595122646582877 0.01359512264356175 1.5524735588948966 0.0 -5.602146489354923e-06 0.0037426988862132794 0.0 0.0
0.0 -0.0006429279298662859 0.0 0.4912079760636855 0.0 0.013606925962191452 0.013606925962188642 0.013606925962191443 0.013606925962188638 1.5524735588948966 0.0 -5.602146486912301e-06 0.0037426988862132764 0.0 0.0
0.0 -0.0006348456383253076 0.0 0.4915828932017216 0.0 0.013620279214710193 0.013620279214710193 0.013620279214725662 0.013620279214725676 1.5524735588948966 0.0 -5.602146483408586e-06 0.003742698886213272 0.0 0.0
0.0 -0.0006260318342707283 0.0 0.4919927979589721 0.0 0.013635188817581627 0.013635188817581627 0.01363518881758161 0.013635188817599115 1.5524735588948966 0.0 -5.602146478249267e-06 0.003742698886213266 0.0 0.0
0.0 -0.0006153629587668213 0.0 0.49248669323916117 0.0 0.01365248345759142 0.013652483457591413 0.013652483457591397 0.0136524834575875 1.5524735588948966 0.0 -5.602146459218331e-06 0.003742698886213249 0.0 0.0
0.0 -0.0006018173239416914 0.0 0.493108584249985 0.0 0.013672733766091105 0.013672733766091101 0.01367273376609111 0.013672733766091147 1.5524735588948966 0.0 -5.6021464042922716e-06 0.0037426988862132075 0.0 0.0
0.0 -0.0005854062140978923 0.0 0.49385647790911225 0.0 0.013695436462492395 0.013695436462415039 0.013695436462415039 0.013695436454929072 1.5524735588948966 0.0 -5.6021463043120854e-06 0.003742698886213146 0.0 0.0
0.0 -0.0005661578399899005 0.0 0.4947253915107887 0.0 0.013719333337168804 0.0137193333371688 0.013719333337168908 0.01371933332727454 1.5524735588948966 0.0 -5.6021461460313695e-06 0.0037426988862130765 0.0 0.0
0.0 -0.0005440466557720742 0.0 0.4957133394677393 0.0 0.01374342103381578 0.013743421033815956 0.01374342103382795 0.013743421020646126 1.5524735588948966 0.0 -5.602145909126244e-06 0.003742698886213012 0.0 0.0
0.0 -0.0005191377023560929 0.0 0.4968153315790841 0.0 0.01376694141718669 0.013766941417186691 0.01376694141717111 0.013766941417186686 1.5524735588948966 0.0 -5.6021455835257355e-06 0.003742698886212957 0.0 0.0
0.0 -0.00049141671818534 0.0 0.4980273891753344 0.0 0.013788387854183437 0.01378838785418344 0.01378838785418345 0.013788387854161761 1.5524735588948966 0.0 -5.602145153771441e-06 0.003742698886212962 0.0 0.0
0.0 -0.00046090062971154596 0.0 0.4993465226329502 0.0 0.013807005417710709 0.0138070054177107 0.013807005417741243 0.013807005417741245 1.5524735588948966 0.0 -5.602144601928899e-06 0.0037426988862129962 0.0 0.0
0.0 -0.00042763042063660137 0.0 0.500768742039783 0.0 0.013822037580495886 0.013822037580495895 0.0138220375804959 0.013822037580495888 1.5524735588948966 0.0 -5.602143920407206e-06 0.0037426988862130778 0.0 0.0
0.0 -0.0003916711318405535 0.0 0.5022890571950341 0.0 0.013832726190886453 0.013832726190880622 0.013832726190886461 0.013832726273801436 1.5524735588948966 0.0 -5.602143109416868e-06 0.0037426988862131663 0.0 0.0
0.0 -0.0003530821621124967 0.0 0.5039034744389363 0.0 0.013838564855193611 0.013838564855193579 0.013838564690713005 0.013838564884774258 1.5524735588948966 0.0 -5.602142157518592e-06 0.003742698886213251 0.0 0.0
0.0 -0.00031189885296053886 0.0 0.5056090004004024 0.0 0.013839048523990628 0.0138390485239906 0.013839048523990633 0.013839048523990618 1.5524735588948966 0.0 -5.602141048769388e-06 0.003742698886213275 0.0 0.0
0.0 -0.00026824713267683105 0.0 0.5073996370950725 0.0 0.013833917650594958 0.013833917650594418 0.013833917669807912 0.01383391766980791 1.5524735588948966 0.0 -5.6021398209651315e-06 0.0037426988862137183 0.0 0.0
0.0 -0.00022223600309538512 0.0 0.5092723761614089 0.0 0.0138236674923752 0.013823667492375204 0.013823667492384674 0.013823667502496884 1.5524735588948981 0.0 -5.602138438361216e-06 0.003742698886215053 0.0 0.0
0.0 -0.0001739857503695902 0.0 0.51122221615616 0.0 0.013808290007147683 0.013808290007147683 0.01380829001361488 0.01380829001370573 1.5524735588949072 0.0 -5.602136938089871e-06 0.003742698886217439 0.0 0.0
0.0 -0.00012360537635052276 0.0 0.5132461487178601 0.0 0.013788280472709823 0.013788280472709824 0.01378828047271434 0.013788280467892357 1.552473558894929 0.0 -5.602135291288664e-06 0.00374269888622076 0.0 0.0
0.0 -7.128882745118161e-05 0.0 0.5153391574130909 0.0 0.013764631011334622 0.013764631011376805 0.013764631011380507 0.013764631011376803 1.5524735588949614 0.0 -5.602133550210496e-06 0.003742698886224422 0.0 0.0
0.0 -1.7139463377453934e-05 0.0 0.5174992304211979 0.0 0.013738088536035769 0.013738088536035727 0.013738088536035729 0.013738088536075277 1.552473558895001 0.0 -5.602131653245721e-06 0.0037426988862282293 0.0 0.0
0.0 3.857510913897663e-05 0.0 0.5197213363188178 0.0 0.01371064533039931 0.013710645330399307 0.013710645330399309 0.013710645326848165 1.5524735588950165 0.0 -5.60212968998119e-06 0.0037426988862302927 0.0 0.0
0.0 9.568500085557699e-05 0.0 0.5220014589607349 0.0 0.013683295128476849 0.013683295128480485 0.013683295128480483 0.013683295128480483 1.5524735588950151 0.0 -5.602127652433685e-06 0.003742698886231224 0.0 0.0
0.0 0.0001647020395889554 0.0 0.5247667701838162 0.0 0.013653472155788327 0.013653472155782847 0.01365347215578824 0.013653472155782848 1.5524735588950627 0.0 -5.602105283312142e-06 0.00374269888624491 0.0 0.0
0.0 0.000254415724676248 0.0 0.5283773998620013 0.0 0.013620003422927369 0.013620003422927372 0.013620003422927372 0.013620003422918282 1.5524735588951535 0.0 -5.602025174912463e-06 0.0037426988862822473 0.0 0.0
0.0 0.00036207044643055895 0.0 0.5327332479026433 0.0 0.013587479291822002 0.013587479291822004 0.013587479291806367 0.013587479291821492 1.55247355889511 0.0 -5.601884998223493e-06 0.003742698886310396 0.0 0.0
0.0 0.0004848624804950321 0.0 0.537732213639726 0.0 0.013560486917373042 0.013560486917373044 0.013560486917373042 0.013560486918828395 1.5524735588949738 0.0 -5.601682943836271e-06 0.003742698886305015 0.0 0.0
0.0 0.0006201170112436705 0.0 0.5432722227348851 0.0 0.013541863179011543 0.01354186317906076 0.013541863179060767 0.013541863231604088 1.5524735588948928 0.0 -5.601429272378393e-06 0.003742698886271085 0.0 0.0
0.0 0.0007652144704396838 0.0 0.5492512121774056 0.0 0.01353369489332405 0.013533694893324033 0.013533694893324039 0.013533694893324042 1.5524735588948901 0.0 -5.601145121785921e-06 0.0037426988862298695 0.0 0.0
0.0 0.0009176089516895906 0.0 0.5555671340095042 0.0 0.01353706809772152 0.013537068097721443 0.013537068097721315 0.013537070300157137 1.5524735588949015 0.0 -5.600859597924731e-06 0.003742698886213147 0.0 0.0
0.0 0.0010748890973109307 0.0 0.5621189630709915 0.0 0.013551572461674316 0.013551572461674244 0.013551572461674143 0.01355157246167422 1.5524735588949021 0.0 -5.60060481218897e-06 0.0037426988862099956 0.0 0.0
0.0 0.0012346634538541901 0.0 0.5688026920970157 0.0 0.013575539339057967 0.013575539339057871 0.013575539339057995 0.01357553933755661 1.5524735588949021 0.0 -5.600415888066964e-06 0.0037426988862021074 0.0 0.0
0.0 0.0013946552088825279 0.0 0.5755183186281134 0.0 0.013607058825704716 0.013607058825704742 0.013607058168219173 0.013607058825088935 1.5524735588949015 0.0 -5.600315664653101e-06 0.0037426988861922078 0.0 0.0
0.0 0.0015526130955573223 0.0 0.5821638545868315 0.0 0.013643216452720392 0.01364321645272042 0.013643216452720399 0.013643216453004155 1.5524735588949006 0.0 -5.600322695850001e-06 0.0037426988861850425 0.0 0.0
0.0 0.0017062674274569284 0.0 0.5886373080236528 0.0 0.013681348774398935 0.01368134877510173 0.01368134877510173 0.013681348775101741 1.5524735588948997 0.0 -5.6004400665234605e-06 0.003742698886182762 0.0 0.0
0.0 0.0018533853461392387 0.0 0.5948366943650093 0.0 0.013718291671748255 0.013718291671748269 0.0137182916721952 0.01371829143811262 1.5524735588948995 0.0 -5.600655411270884e-06 0.0037426988861864923 0.0 0.0
0.0 0.001991665970159802 0.0 0.6006610104658514 0.0 0.01375213274643588 0.013752132746224013 0.01375213274622405 0.01375213274622403 1.552473558894899 0.0 -5.600940752868758e-06 0.00374269888619328 0.0 0.0
0.0 0.0021187843601138505 0.0 0.6060082528190103 0.0 0.013780958347709869 0.013780958347709874 0.013780958347709869 0.01378095834770987 1.5524735588948988 0.0 -5.6012587525653245e-06 0.0037426988862009946 0.0 0.0
0.0 0.002232347556320885 0.0 0.6107773994178617 0.0 0.013804106564971186 0.01380410656497117 0.013804106564517927 0.013804105842283693 1.5524735588948981 0.0 -5.601565662502276e-06 0.00374269888620698 0.0 0.0
0.0 0.002329896070711856 0.0 0.6148654239735953 0.0 0.013821161715960121 0.013821161715960182 0.013821161463931362 0.013821161715254162 1.5524735588948977 0.0 -5.601823207144143e-06 0.0037426988862108122 0.0 0.0
0.0 0.0024089505144897316 0.0 0.6181722824134042 0.0 0.013832963949849451 0.013832963949849475 0.013832963949849475 0.013832963949849468 1.552473558894897 0.0 -5.60200431157277e-06 0.003742698886212553 0.0 0.0
0.0 0.0024669536895724456 0.0 0.6205939334356212 0.0 0.013840096670439827 0.013840096670439847 0.0138400966704398 0.01384009646864237 1.5524735588948968 0.0 -5.602104675762056e-06 0.0037426988862131446 0.0 0.0
0.0 0.002501407801630314 0.0 0.6220303295643266 0.0 0.013843649497621659 0.013843649497621681 0.013843649497188523 0.013843649497621676 1.5524735588948966 0.0 -5.60214122867093e-06 0.003742698886213276 0.0 0.0
0.0 0.0025228540770434542 0.0 0.6229235799177318 0.0 0.013845581537367079 0.013845581537367107 0.01384558153761749 0.013845581537617458 1.5524735588948966 0.0 -5.60214569963508e-06 0.0037426988862132846 0.0 0.0
0.0 0.0025435064629695074 0.0 0.6237838207097002 0.0 0.013847460660517539 0.0138474606605175 0.013847460660517515 0.013847460660467605 1.5524735588948966 0.0 -5.602145806998e-06 0.0037426988862132846 0.0 0.0
0.0 0.002563335260995901 0.0 0.6246090551445282 0.0 0.013849033587174129 0.013849033587303888 0.013849033656192831 0.013849033656408575 1.5524735588948966 0.0 -5.60214590917917e-06 0.0037426988862132846 0.0 0.0
0.0 0.0025822979988127984 0.0 0.6253982791859074 0.0 0.01385054887066403 0.01385054887066402 0.013850548870512038 0.013850548810007466 1.5524735588948966 0.0 -5.6021460023956685e-06 0.003742698886213284 0.0 0.0
0.0 0.0026003890342726358 0.0 0.6261504962927045 0.0 0.013851754539120461 0.013851754538608686 0.01385175490177265 0.013851754901772649 1.5524735588948966 0.0 -5.602146086487387e-06 0.0037426988862132846 0.0 0.0
0.0 0.0026175658950627926 0.0 0.6268647024286433 0.0 0.013852899564213036 0.013852899564213034 0.01385289956413545 0.013852899909499325 1.5524735588948966 0.0 -5.60214616146488e-06 0.0037426988862132825 0.0 0.0
0.0 0.0026337564095089156 0.0 0.6275378967276315 0.0 0.013853978690629301 0.01385397869062923 0.013853978943159715 0.013853979017262754 1.5524735588948966 0.0 -5.602146230583799e-06 0.003742698886213284 0.0 0.0
0.0 0.0026489789926792636 0.0 0.6281700829372019 0.0 0.013854741990643104 0.013854742142319954 0.013854742142319937 0.013854742673978326 1.5524735588948966 0.0 -5.602146288540516e-06 0.003742698886213284 0.0 0.0
0.0 0.002663172757198088 0.0 0.6287602532735216 0.0 0.013855688256451813 0.013855688256451755 0.01385568825645181 0.013855688543020035 1.5524735588948966 0.0 -5.6021463376363606e-06 0.0037426988862132846 0.0 0.0
0.0 0.002676302361531142 0.0 0.6293054143656382 0.0 0.013856312221655894 0.01385631222165591 0.013856312221655917 0.013856312221783056 1.5524735588948966 0.0 -5.602146380079239e-06 0.0037426988862132855 0.0 0.0
0.0 0.0026883493906058823 0.0 0.6298055624659596 0.0 0.013856863824815657 0.013856863824815597 0.0138568638253061 0.013856864348324073 1.5524735588948966 0.0 -5.602146413401955e-06 0.0037426988862132846 0.0 0.0
0.0 0.002699223257656547 0.0 0.63025769296082 0.0 0.013857588765989215 0.013857588765989165 0.013857588766195611 0.013857588732082942 1.5524735588948966 0.0 -5.602146440449108e-06 0.003742698886213284 0.0 0.0
0.0 0.002708984850069209 0.0 0.6306628136340601 0.0 0.013857988155208747 0.013857988155083007 0.013857988154664045 0.013857988155208723 1.5524735588948966 0.0 -5.602146459861421e-06 0.003742698886213284 0.0 0.0
0.0 0.0027175251660048498 0.0 0.6310179161244391 0.0 0.01385855741308254 0.01385855741310239 0.013858557413082546 0.013858557412939884 1.5524735588948966 0.0 -5.602146474351855e-06 0.003742698886213284 0.0 0.0
0.0 0.002724881035617429 0.0 0.6313230079271049 0.0 0.013858796756043951 0.013858796756043979 0.013858796755183787 0.01385879555736601 1.5524735588948966 0.0 -5.6021464838890435e-06 0.003742698886213284 0.0 0.0
0.0 0.0027309434570687518 0.0 0.6315750806808059 0.0 0.013859200490123258 0.01385920049012327 0.013859200613534807 0.013859200602898001 1.5524735588948966 0.0 -5.602146490007881e-06 0.003742698886213284 0.0 0.0
0.0 0.0027357252032866168 0.0 0.6317731415919909 0.0 0.013859268013112836 0.013859268013112823 0.013859268013102721 0.013859268013081091 1.5524735588948966 0.0 -5.602146493321434e-06 0.003742698886213284 0.0 0.0
0.0 0.0027391894441155208 0.0 0.6319171831655184 0.0 0.013859498905781632 0.013859498905781647 0.013859498905715542 0.013859498976297254 1.5524735588948966 0.0 -5.602146494794738e-06 0.003742698886213284 0.0 0.0
0.0 0.002741281967960115 0.0 0.6320041915413502 0.0 0.013859638420466691 0.013859638420426736 0.013859638420426739 0.013859638420426736 1.5524735588948528 0.0 -5.60000900081708e-06 0.003742698886213284 0.0 0.0
0.0 0.0027419800318988466 0.0 0.6320332147924332 0.0 0.013859684936770434 0.013859684936770426 0.013859684936770427 0.013859684922529253 1.5524735588948917 0.0 -5.601908633804126e-06 0.003742698886213284 0.0 0.0
