0.0 -0.0008658585662070939 0.0 0.4820209198921134 0.0 0.013619206205434777 0.013619206205302454 0.01361920622685835 0.01361920604257168 1.5524735604678441 0.0 -5.602150695265567e-06 0.0037426988862075744 0.0 0.0
0.0 -0.0008636214117409945 0.0 0.4821139322181899 0.0 0.013619352210318342 0.013619352210318337 0.013619352210318363 0.013619352210318349 1.552473558894848 0.0 -5.600296390039647e-06 0.003742698886213284 0.0 0.0
0.0 -0.0008599827341965251 0.0 0.4822659868443737 0.0 0.013619845996443785 0.013619845996443794 0.013619845996444075 0.013619845996443789 1.5524735588948966 0.0 -5.602146495058234e-06 0.003742698886213284 0.0 0.0
0.0 -0.0008549547735494537 0.0 0.482475047183707 0.0 0.013620181137075494 0.013620181137075492 0.013620181137075513 0.013620181137075499 1.5524735588948966 0.0 -5.602146494260215e-06 0.003742698886213284 0.0 0.0
0.0 -0.0008485980232133466 0.0 0.4827401199429362 0.0 0.01362085611429059 0.013620856114290576 0.013620856114243341 0.013620856112664973 1.5524735588948966 0.0 -5.602146492502321e-06 0.003742698886213284 0.0 0.0
0.0 -0.0008409478247172775 0.0 0.4830582117510934 0.0 0.013621366040735196 0.013621366040742216 0.013621366040845942 0.013621366040742225 1.5524735588948966 0.0 -5.602146489418093e-06 0.003742698886213284 0.0 0.0
0.0 -0.0008320891226717913 0.0 0.4834273145356156 0.0 0.013622207785117706 0.01362220778511767 0.013622207789150187 0.013622207785043382 1.5524735588948966 0.0 -5.602146484565659e-06 0.003742698886213284 0.0 0.0
0.0 -0.0008220275592287951 0.0 0.4838464317553688 0.0 0.013623129662639568 0.013623129662639568 0.013623129751684894 0.013623129757566393 1.5524735588948966 0.0 -5.602146477378704e-06 0.003742698886213284 0.0 0.0
0.0 -0.0008108353060709919 0.0 0.48431256254423677 0.0 0.013624126999604523 0.013624126999604518 0.013624126991929445 0.013624126999707532 1.5524735588948966 0.0 -5.6021464677904946e-06 0.0037426988862132838 0.0 0.0
0.0 -0.0007985420625774996 0.0 0.48482371007238034 0.0 0.013624946413462142 0.013624946413462112 0.013624946393784008 0.013624946413443893 1.5524735588948966 0.0 -5.602146455404244e-06 0.0037426988862132846 0.0 0.0
0.0 -0.0007852087161309368 0.0 0.485378866555942 0.0 0.013626086419098765 0.013626086419087422 0.013626086406852719 0.01362608640698328 1.5524735588948966 0.0 -5.602146439625309e-06 0.003742698886213284 0.0 0.0
0.0 -0.000770889023337046 0.0 0.48597503487638616 0.0 0.013627292159212245 0.01362729215921223 0.013627292159055083 0.013627292173577926 1.5524735588948966 0.0 -5.602146421040844e-06 0.003742698886213284 0.0 0.0
0.0 -0.0007556310986546965 0.0 0.4866102144562995 0.0 0.013628560492421019 0.013628560492421024 0.013628560492264961 0.01362856032580137 1.5524735588948966 0.0 -5.602146399318933e-06 0.003742698886213284 0.0 0.0
0.0 -0.0007394405842318919 0.0 0.4872834087545457 0.0 0.013629639698569358 0.013629639698601311 0.013629639698365656 0.013629639446990282 1.5524735588948966 0.0 -5.602146373807644e-06 0.003742698886213284 0.0 0.0
0.0 -0.0007224080668300425 0.0 0.4879916131574493 0.0 0.013630774954047735 0.013630774954012307 0.013630774954047777 0.013630774916154059 1.5524735588948966 0.0 -5.60214634599616e-06 0.003742698886213286 0.0 0.0
0.0 -0.0007045816609057996 0.0 0.4887328270875945 0.0 0.013631963218938429 0.013631963218938439 0.013631963260749672 0.013631962983137924 1.5524735588948966 0.0 -5.6021463155264866e-06 0.003742698886213283 0.0 0.0
0.0 -0.000685967008607486 0.0 0.4895060540038476 0.0 0.013632952649971369 0.013632952650052942 0.013632952650386875 0.013632952737573947 1.5524735588948966 0.0 -5.602146281620672e-06 0.0037426988862132864 0.0 0.0
0.0 -0.000666636281622563 0.0 0.49030829304011264 0.0 0.013633738187263569 0.01363373818726351 0.01363373908982318 0.013633739090050043 1.5524735588948966 0.0 -5.6021462467587056e-06 0.0037426988862132846 0.0 0.0
0.0 -0.0006466560094848177 0.0 0.49113753987139863 0.0 0.01363456778215438 0.013634567782154331 0.01363456801983586 0.013634568019389575 1.5524735588948966 0.0 -5.6021462104437655e-06 0.0037426988862132846 0.0 0.0
0.0 -0.0006260318343403702 0.0 0.49199279795657047 0.0 0.013635188814991817 0.013635188819754748 0.01363518881779576 0.013635188817795602 1.5524735588948966 0.0 -5.602146171671351e-06 0.0037426988862132846 0.0 0.0
0.0 -0.0005988272631700617 0.0 0.4931201420598016 0.0 0.013635745873486935 0.013635745873677028 0.013635745670076698 0.01363574587367705 1.5524735588948966 0.0 -5.6021455145175e-06 0.003742698886213288 0.0 0.0
0.0 -0.0005597001031493689 0.0 0.49473865038266146 0.0 0.013635589941537966 0.013635589941537987 0.013635589941398652 0.013635589941537978 1.5524735588948966 0.0 -5.60214230852362e-06 0.0037426988862132925 0.0 0.0
0.0 -0.0005097329298634553 0.0 0.49680330992383326 0.0 0.013634649017879516 0.013634649017879542 0.013634649017879537 0.013634649004076802 1.5524735588948966 0.0 -5.602135327728375e-06 0.0037426988862133384 0.0 0.0
0.0 -0.0004499290162903956 0.0 0.49927011921477493 0.0 0.013632102372449533 0.013632102372444119 0.013632102372444128 0.013632102372395132 1.5524735588948966 0.0 -5.602123520403027e-06 0.003742698886213555 0.0 0.0
0.0 -0.00038132846546743977 0.0 0.502095069297172 0.0 0.013627629422782984 0.013627629422782998 0.01362762942282546 0.013627629419067226 1.5524735588948961 0.0 -5.60210651771933e-06 0.0037426988862142496 0.0 0.0
0.0 -0.0003050563248879316 0.0 0.5052321431472845 0.0 0.013621406414637102 0.01362140641463711 0.013621406460202 0.013621406460201997 1.5524735588948957 0.0 -5.602084868963086e-06 0.0037426988862154552 0.0 0.0
0.0 -0.00022221358457131146 0.0 0.5086363240349107 0.0 0.01361361129740612 0.013613611297408873 0.013613611297408871 0.013613611297406122 1.5524735588948952 0.0 -5.602059728326597e-06 0.0037426988862172294 0.0 0.0
0.0 -0.0001338474779180681 0.0 0.5122655923502782 0.0 0.013604676728419885 0.01360467672837858 0.013604676728378576 0.013604676728378576 1.5524735588948948 0.0 -5.602032504671658e-06 0.0037426988862190253 0.0 0.0
0.0 -4.114393940184073e-05 0.0 0.5160729233028115 0.0 0.013595277465373699 0.013595277465376808 0.013595277465376802 0.013595277511843244 1.5524735588948946 0.0 -5.60200591050828e-06 0.003742698886220345 0.0 0.0
0.0 5.475208026296727e-05 0.0 0.5200152820067894 0.0 0.013586844828529591 0.013586844828529598 0.01358684483325339 0.013586844778339581 1.5524735588948944 0.0 -5.6019817479487776e-06 0.0037426988862195817 0.0 0.0
0.0 0.0001526787038811263 0.0 0.5240466439601253 0.0 0.01358005509908035 0.01358005509908036 0.013580055099080352 0.013580055099015815 1.5524735588948948 0.0 -5.601962701507239e-06 0.0037426988862178812 0.0 0.0
0.0 0.00025145415042064124 0.0 0.5281239667786244 0.0 0.013576839701603234 0.013576839701603245 0.01357683958346583 0.01357683970160324 1.5524735588948964 0.0 -5.6019501393258345e-06 0.003742698886214716 0.0 0.0
0.0 0.00034995901464540636 0.0 0.5322022299885576 0.0 0.013577626357346127 0.013577626354882907 0.0135776263577032 0.013577626738686146 1.5524735588948975 0.0 -5.601945739799028e-06 0.0037426988862132287 0.0 0.0
0.0 0.0004470002311975199 0.0 0.5362363981175181 0.0 0.013583843506569321 0.013583843506569299 0.013583843506569326 0.013583843504966471 1.5524735588948975 0.0 -5.6019501112457224e-06 0.0037426988862131203 0.0 0.0
0.0 0.0005414399793010003 0.0 0.540181446929075 0.0 0.013596168939063768 0.013596168939063716 0.013596168938498335 0.013596168334570675 1.5524735588948972 0.0 -5.6019630003244055e-06 0.003742698886212284 0.0 0.0
0.0 0.0006322197408054056 0.0 0.5439933637100648 0.0 0.013614531654979231 0.013614531654878909 0.013614531654778625 0.013614531999851166 1.552473558894897 0.0 -5.601983111621485e-06 0.003742698886211106 0.0 0.0
0.0 0.0007182385249394679 0.0 0.5476271317078982 0.0 0.013639110232368187 0.013639110232368168 0.013639110232278007 0.013639110280493888 1.5524735588948968 0.0 -5.6020087508369995e-06 0.003742698886209478 0.0 0.0
0.0 0.0007984690011381238 0.0 0.551037749154154 0.0 0.013669082012555102 0.01366908203737269 0.013669082012408162 0.0136690820373727 1.5524735588948964 0.0 -5.602037434543204e-06 0.003742698886208058 0.0 0.0
0.0 0.0008719447261305171 0.0 0.5541812220611286 0.0 0.013703126312954917 0.013703126312968009 0.013703126312968 0.013703126414092054 1.552473558894896 0.0 -5.602066284402839e-06 0.003742698886207474 0.0 0.0
0.0 0.0009376879723679235 0.0 0.5570115633621221 0.0 0.013739419176835476 0.01373941917683548 0.01373941917682783 0.013739419098631899 1.552473558894896 0.0 -5.602092833720545e-06 0.003742698886207815 0.0 0.0
0.0 0.0009991205054835379 0.0 0.5596718104915333 0.0 0.013778439827812747 0.01377843982781277 0.013778439827817955 0.013778439822282015 1.5524735588948955 0.0 -5.602103946671096e-06 0.0037426988862076533 0.0 0.0
0.0 0.0010601989960400337 0.0 0.5623280039101385 0.0 0.013820954609412909 0.013820954609404162 0.013820954609404138 0.013820954609404147 1.5524735588948952 0.0 -5.602103579636833e-06 0.003742698886206545 0.0 0.0
0.0 0.0011208895938042208 0.0 0.5649741644641229 0.0 0.013865453658692512 0.013865453658692517 0.013865453658692524 0.013865453658688538 1.5524735588948948 0.0 -5.602103595626612e-06 0.0037426988862058657 0.0 0.0
0.0 0.0011811896338637482 0.0 0.5676033238612523 0.0 0.013909675410020042 0.013909675410020047 0.013909675410020014 0.013909675410020033 1.552473558894895 0.0 -5.602104063972739e-06 0.003742698886206048 0.0 0.0
0.0 0.0012410524903722746 0.0 0.5702104956472376 0.0 0.013952611694798275 0.013952611694798306 0.013952611694798278 0.01395261169479829 1.552473558894895 0.0 -5.602104853804097e-06 0.003742698886206548 0.0 0.0
0.0 0.0013004570833760184 0.0 0.5727887077826934 0.0 0.013992251003015993 0.013992251003020723 0.013992251003020715 0.013992250936823207 1.5524735588948955 0.0 -5.602106080407505e-06 0.0037426988862076472 0.0 0.0
0.0 0.001359308672603444 0.0 0.5753309732367577 0.0 0.014027581927735342 0.014027581927666607 0.014027581854352676 0.01402758192766661 1.552473558894896 0.0 -5.602107721420789e-06 0.0037426988862089483 0.0 0.0
0.0 0.0014175734050552492 0.0 0.5778313127619499 0.0 0.014057094615906165 0.01405709461589824 0.014057094615824637 0.014057094615906164 1.5524735588948964 0.0 -5.60210968295615e-06 0.003742698886210368 0.0 0.0
0.0 0.0014751990128472042 0.0 0.5802837433636118 0.0 0.014079529296170248 0.014079529296170257 0.014079529296170252 0.014079529296277099 1.5524735588948966 0.0 -5.602111928185613e-06 0.0037426988862116982 0.0 0.0
0.0 0.0015320114531478261 0.0 0.5826802664801896 0.0 0.014094623091759633 0.014094623091599468 0.014094623091599482 0.014094623061963601 1.5524735588948968 0.0 -5.602114521015081e-06 0.003742698886212629 0.0 0.0
0.0 0.0015879344008163264 0.0 0.5850138988276335 0.0 0.014101114453514533 0.014101114453514507 0.014101114453353441 0.014101114905946234 1.5524735588948968 0.0 -5.60211734083255e-06 0.0037426988862132035 0.0 0.0
0.0 0.0016428050972919132 0.0 0.5872786349253483 0.0 0.014099244159695792 0.014099244159695809 0.014099244159684707 0.014099244159754677 1.5524735588948966 0.0 -5.602120276069379e-06 0.003742698886213456 0.0 0.0
0.0 0.0016964863300508403 0.0 0.5894664837064948 0.0 0.0140882489261141 0.014088248926113673 0.014088248910108311 0.01408824892609824 1.5524735588948981 0.0 -5.602123350414935e-06 0.0037426988862164466 0.0 0.0
0.0 0.0017487303960163282 0.0 0.5915694316181461 0.0 0.01406886613862909 0.014068866138629088 0.014068866138629206 0.014068866138629088 1.5524735588949221 0.0 -5.6021264798103345e-06 0.003742698886221873 0.0 0.0
0.0 0.0017993929517235731 0.0 0.5935814769268101 0.0 0.014041086188091944 0.014041086188091984 0.014041086188095329 0.014041086188095327 1.5524735588950132 0.0 -5.6021295100042324e-06 0.0037426988862291825 0.0 0.0
0.0 0.0018482078790903842 0.0 0.595494602332585 0.0 0.014005896393092625 0.014005896393092626 0.014005896393091001 0.014005896393092626 1.552473558895204 0.0 -5.602132443094745e-06 0.003742698886236202 0.0 0.0
0.0 0.0018949755894797113 0.0 0.5973027948595381 0.0 0.013964037245563863 0.013964037245564468 0.013964037245564468 0.013964037245564468 1.55247355889552 0.0 -5.602135151933816e-06 0.0037426988862422172 0.0 0.0
0.0 0.0019394115496435891 0.0 0.5989980334601159 0.0 0.013916746105679029 0.01391674610567903 0.013916746105679029 0.01391674610567903 1.552473558895922 0.0 -5.602137636101898e-06 0.0037426988862457994 0.0 0.0
0.0 0.001981260925785885 0.0 0.6005742939159604 0.0 0.01386551357831159 0.013865513578311593 0.013865513578311983 0.013865513578311593 1.5524735588963223 0.0 -5.602139806157514e-06 0.003742698886246375 0.0 0.0
0.0 0.0020202632419114197 0.0 0.6020245554682315 0.0 0.013811578627139817 0.013811578627139815 0.013811578627139815 0.01381157862713919 1.5524735588966652 0.0 -5.602141657235851e-06 0.0037426988862444594 0.0 0.0
0.0 0.002056017832235895 0.0 0.60333977804287 0.0 0.013757427197381628 0.013757427197381628 0.013757427196600579 0.013757427196599847 1.552473558896713 0.0 -5.602143194942115e-06 0.0037426988862392777 0.0 0.0
0.0 0.002088490531478511 0.0 0.6045269224364743 0.0 0.013705820927467947 0.013705820927467947 0.013705820927467211 0.01370582092746721 1.552473558896412 0.0 -5.602144287469379e-06 0.0037426988862326372 0.0 0.0
0.0 0.0021179614069582265 0.0 0.6056029673244647 0.0 0.01365853734308022 0.0136585373430809 0.013658537343808452 0.013658537343080899 1.552473558895977 0.0 -5.602144994080566e-06 0.0037426988862267196 0.0 0.0
0.0 0.0021448026013902227 0.0 0.6065849101207018 0.0 0.013616103780282591 0.01361610378028259 0.013616103780280383 0.013616103780926958 1.5524735588956051 0.0 -5.60214544713139e-06 0.0037426988862223516 0.0 0.0
0.0 0.0021693749732104427 0.0 0.6074877551565194 0.0 0.013578544292241413 0.013578544292241413 0.013578544292243182 0.013578544292241413 1.552473558895336 0.0 -5.602145741413289e-06 0.0037426988862193323 0.0 0.0
0.0 0.002192105910388847 0.0 0.6083285110878451 0.0 0.013545636101161312 0.01354563610116131 0.013545636101161735 0.013545636101161312 1.552473558895158 0.0 -5.602145924981059e-06 0.003742698886217331 0.0 0.0
0.0 0.0022133746864343227 0.0 0.6091221859931565 0.0 0.013517153222586438 0.013517153222586438 0.013517153222586753 0.013517153222586438 1.5524735588950445 0.0 -5.602146039861361e-06 0.003742698886216002 0.0 0.0
0.0 0.0022335974050065903 0.0 0.6098837954459178 0.0 0.013492369596490014 0.013492369596490012 0.013492369596489813 0.013492369596490453 1.552473558894982 0.0 -5.602146107113763e-06 0.0037426988862151907 0.0 0.0
0.0 0.002253201454060189 0.0 0.610630348101755 0.0 0.013471062445344375 0.013471062445344422 0.013471062445344269 0.01347106244534427 1.5524735588949437 0.0 -5.602146135143714e-06 0.0037426988862146464 0.0 0.0
0.0 0.0022725476920194138 0.0 0.6113768482913156 0.0 0.013453255822286106 0.013453255822286106 0.013453255822286106 0.01345325582228539 1.5524735588949197 0.0 -5.602146133532092e-06 0.003742698886214244 0.0 0.0
0.0 0.002291996977307357 0.0 0.612138300345172 0.0 0.013438973780460302 0.0134389737804603 0.013438973780463484 0.013438973780463484 1.5524735588949061 0.0 -5.602146101843699e-06 0.0037426988862139313 0.0 0.0
0.0 0.0023119030375638745 0.0 0.6129316979285007 0.0 0.01342899369284523 0.013428993692845228 0.013428993692846789 0.013428993694512897 1.5524735588948988 0.0 -5.602146029391381e-06 0.003742698886213636 0.0 0.0
0.0 0.0023325474287462767 0.0 0.6137710338403831 0.0 0.013424088120861141 0.013424088120861145 0.013424088126017619 0.013424088126071784 1.5524735588948968 0.0 -5.602145908981231e-06 0.0037426988862133874 0.0 0.0
0.0 0.002354191803109289 0.0 0.6146732830079848 0.0 0.013426284622333069 0.013426284622333065 0.013426284622333072 0.013426284665069914 1.5524735588948966 0.0 -5.602145708570569e-06 0.003742698886213281 0.0 0.0
0.0 0.002377007226128412 0.0 0.6156524157447447 0.0 0.013437855991570602 0.013437855991570604 0.013437856030489904 0.013437856030489895 1.5524735588948966 0.0 -5.60214539842502e-06 0.0037426988862132088 0.0 0.0
0.0 0.0024009749703744797 0.0 0.6167213683471009 0.0 0.013463323782500144 0.013463323782500146 0.013463323782465314 0.013463323782500144 1.5524735588948966 0.0 -5.602144928283218e-06 0.0037426988862128453 0.0 0.0
0.0 0.0024259913637916823 0.0 0.6178910690388154 0.0 0.013507706340803982 0.013507706340803977 0.013507706340586604 0.013507706340804176 1.5524735588948952 0.0 -5.602144234764591e-06 0.003742698886211656 0.0 0.0
0.0 0.002451653939556014 0.0 0.6191684036655594 0.0 0.013578766079844644 0.013578766079844545 0.013578766079844543 0.013578766079961682 1.5524735588948877 0.0 -5.602143258940163e-06 0.0037426988862082457 0.0 0.0
0.0 0.002477220452415888 0.0 0.6205522257832407 0.0 0.013686252867292255 0.01368625286729219 0.013686252867297329 0.013686252867297325 1.55247355889485 0.0 -5.602142003986674e-06 0.0037426988861996597 0.0 0.0
0.0 0.0025014078015192084 0.0 0.6220303295594191 0.0 0.013843649497982186 0.013843649497982217 0.01384364949798552 0.013843649494427368 1.5524735588946832 0.0 -5.602140601468831e-06 0.003742698886179793 0.0 0.0
0.0 0.0025246215231384825 0.0 0.6237620603610312 0.0 0.014097969588268512 0.01409796958826854 0.014097969588289487 0.014097969586183675 1.552473558893442 0.0 -5.6021352956655925e-06 0.00374269888609265 0.0 0.0
0.0 0.0025426679979509343 0.0 0.6257734403694725 0.0 0.01451501634162335 0.014515016341623352 0.014515016341628894 0.0145150163416295 1.552473558884336 0.0 -5.6021258889814715e-06 0.0037426988857733614 0.0 0.0
0.0 0.002546241716597 0.0 0.6277788889811685 0.0 0.015127587722166711 0.015127587722166711 0.015127587722166706 0.01512758772217262 1.5524735588452936 0.0 -5.602125764831949e-06 0.0037426988852618977 0.0 0.0
0.0 0.0025265525526830634 0.0 0.6294441561275015 0.0 0.015945399610985563 0.015945399610985563 0.015945399610987017 0.015945399612527847 1.5524735587350025 0.0 -5.602136118447004e-06 0.0037426988850273696 0.0 0.0
0.0 0.002477306205530228 0.0 0.6304404765113751 0.0 0.016945921076702522 0.016945921076702522 0.016945921076702515 0.01694592107670629 1.5524735585292675 0.0 -5.602144199881247e-06 0.0037426988855512864 0.0 0.0
0.0 0.002395732703223682 0.0 0.6304995256929504 0.0 0.018078463282532705 0.018078463282532542 0.018078463282532545 0.018078463282532545 1.5524735582786953 0.0 -5.602144849403362e-06 0.003742698886160594 0.0 0.0
0.0 0.0022833796678450326 0.0 0.629472309741751 0.0 0.019272775381805003 0.019272775381805017 0.01927277538342776 0.019272775383426248 1.5524735581091686 0.0 -5.602144969079351e-06 0.0037426988868944347 0.0 0.0
0.0 0.0021450623565831975 0.0 0.6273418916055598 0.0 0.020457567934975343 0.020457567934975347 0.02045756793497283 0.020457567934972828 1.5524735581083113 0.0 -5.602155572624919e-06 0.0037426988893174487 0.0 0.0
0.0 0.0019875422539618807 0.0 0.6242141637043179 0.0 0.021575500585651188 0.021575500585651206 0.021575500585651195 0.021575500585651154 1.5524735582500864 0.0 -5.602197494519079e-06 0.0037426988923100917 0.0 0.0
0.0 0.0018175436365898026 0.0 0.6202696652670923 0.0 0.02259435687519393 0.02259435687519399 0.022594356875193986 0.02259435687519399 1.5524735584354559 0.0 -5.602280663253578e-06 0.0037426988944165075 0.0 0.0
0.0 0.00164059998648503 0.0 0.6157255225221777 0.0 0.023510233977521573 0.023510233977521576 0.023510233977521573 0.023510233977521573 1.5524735585858742 0.0 -5.602388549812013e-06 0.0037426988951655667 0.0 0.0
0.0 0.0014603070389469293 0.0 0.6107944856706343 0.0 0.02434422652978691 0.024344226529786902 0.024344226529786905 0.024344226529787287 1.5524735586767178 0.0 -5.602489957186083e-06 0.003742698895104296 0.0 0.0
0.0 0.001278553877571697 0.0 0.6056770128938762 0.0 0.025136662888310825 0.025136662888310828 0.025136662888310828 0.025136662888310825 1.552473558712758 0.0 -5.602554683412733e-06 0.003742698895001447 0.0 0.0
0.0 0.0010962482593555028 0.0 0.600559427264462 0.0 0.025936600285434413 0.025936600285434337 0.02593660028543437 0.02593660028543441 1.5524735587014689 0.0 -5.602565106702986e-06 0.003742698895310547 0.0 0.0
0.0 0.0009143686287372735 0.0 0.5956340386848611 0.0 0.026794105693158096 0.026794105693158096 0.026794105693158096 0.0267941056931581 1.552473558633713 0.0 -5.602514800019911e-06 0.0037426988960441608 0.0 0.0
0.0 0.0007351408830346739 0.0 0.5911153096910603 0.0 0.02774952985644843 0.027749529856448435 0.027749529856448435 0.027749529854935187 1.552473558482773 0.0 -5.602413505567966e-06 0.003742698896638981 0.0 0.0
0.0 0.0005628230889014188 0.0 0.5872420059776552 0.0 0.028823509018729713 0.028823509018729713 0.028823509018729713 0.028823509021397388 1.5524735582194733 0.0 -5.602292853825544e-06 0.003742698896033821 0.0 0.0
0.0 0.00040384331099841173 0.0 0.5842593073017073 0.0 0.030009184992768497 0.030009184992768504 0.030009184989667235 0.03000918499274479 1.5524735578613078 0.0 -5.602196829434992e-06 0.0037426988934006686 0.0 0.0
0.0 0.0002662041206791945 0.0 0.5823818565222098 0.0 0.031268145336535255 0.03126814533655102 0.03126814533655101 0.031268145336551034 1.5524735575362778 0.0 -5.602151242192711e-06 0.0037426988894251846 0.0 0.0
0.0 0.00015798806996035597 0.0 0.5817377132879623 0.0 0.03253233383174855 0.032532333831748556 0.03253233383174857 0.03253233383174856 1.5524735574619146 0.0 -5.602142762839614e-06 0.0037426988865153846 0.0 0.0
0.0 7.984355418428344e-05 0.0 0.58234393099811 0.0 0.033798526777568186 0.033798526777568186 0.03379852677756821 0.0337985267765779 1.552473557398126 0.0 -5.60214233917956e-06 0.003742698885714633 0.0 0.0
0.0 3.1600992515812507e-05 0.0 0.5841835533142931 0.0 0.0350634464254414 0.03506344642544138 0.03506344642544138 0.03506344642543683 1.5524735573463948 0.0 -5.602130976523943e-06 0.0037426988824064427 0.0 0.0
0.0 1.5232382406646924e-05 0.0 0.5871305663430417 0.0 0.036258629424448095 0.03625862942446813 0.03625862942447363 0.03625862942444264 1.5524735576109956 0.0 -5.6020683050333416e-06 0.0037426988775032585 0.0 0.0
0.0 2.8443836118325755e-05 0.0 0.5909714889490857 0.0 0.03734497636221818 0.037344976362218174 0.03734497636473006 0.037344976362250114 1.5524735579842286 0.0 -5.6019254876263185e-06 0.0037426988738319287 0.0 0.0
0.0 6.587539920389272e-05 0.0 0.5954613592810226 0.0 0.03831484294427529 0.038314842944275285 0.038314842944275236 0.038314842944275285 1.5524735582952798 0.0 -5.601728248569648e-06 0.0037426988725001355 0.0 0.0
0.0 0.00012028579463031655 0.0 0.600360805276516 0.0 0.03918809886701927 0.03918809886701927 0.039188098867015686 0.039188098867019266 1.552473558487805 0.0 -5.601539331594239e-06 0.0037426988727323348 0.0 0.0
0.0 0.00018355631685817466 0.0 0.6054541657086563 0.0 0.04000440543018777 0.04000440543018777 0.04000440543018778 0.040004405428909366 1.5524735585748024 0.0 -5.601417090423526e-06 0.0037426988732413816 0.0 0.0
0.0 0.0002473793251752814 0.0 0.6105476393474215 0.0 0.04081321069755064 0.04081321069755063 0.04081321069748796 0.040813210697550624 1.5524735585779312 0.0 -5.601394373387021e-06 0.0037426988732323337 0.0 0.0
0.0 0.00030366517894333405 0.0 0.615453441483956 0.0 0.041662972164537314 0.04166297216453732 0.041662972164557284 0.04166297216502276 1.5524735584983318 0.0 -5.601478347364395e-06 0.003742698872657305 0.0 0.0
0.0 0.00034463196281921235 0.0 0.6199699143322532 0.0 0.042593373500891527 0.04259337350089509 0.04259337350089154 0.04259337350089153 1.552473558308978 0.0 -5.601650622646163e-06 0.0037426988721550197 0.0 0.0
0.0 0.00036362702712662543 0.0 0.6238836849254091 0.0 0.04362482622725176 0.04362482622725176 0.04362482622725175 0.0436248262294584 1.552473557982274 0.0 -5.601856936468849e-06 0.0037426988729540485 0.0 0.0
0.0 0.00035574299156208877 0.0 0.6269777537767898 0.0 0.04475273178477761 0.044752731784777615 0.044752731784777615 0.0447527317847722 1.5524735575437276 0.0 -5.602027569665419e-06 0.003742698876060649 0.0 0.0
0.0 0.0003190434838332941 0.0 0.6290725557470709 0.0 0.045944296926267926 0.045944296926267926 0.04594429692626793 0.04594429692628383 1.5524735571445678 0.0 -5.602116891273873e-06 0.00374269888085225 0.0 0.0
0.0 0.00025523793237633793 0.0 0.6300639225837268 0.0 0.04714184508705524 0.04714184508705523 0.04714184508705524 0.04714184508705524 1.552473557030915 0.0 -5.602140179967777e-06 0.003742698884892396 0.0 0.0
0.0 0.00017000765552803375 0.0 0.6299709278940564 0.0 0.048274144643841964 0.048274144643841964 0.04827414464365114 0.0482741446438423 1.5524735573368922 0.0 -5.602142333372404e-06 0.0037426988861261282 0.0 0.0
0.0 7.2117484330871e-05 0.0 0.628944664469618 0.0 0.04927142527826328 0.04927142527826328 0.049271425278263274 0.0492714252799149 1.5524735579151605 0.0 -5.602144450058896e-06 0.0037426988868618197 0.0 0.0
0.0 -2.825971157537891e-05 0.0 0.6272549632597285 0.0 0.05008386013685071 0.05008386013685072 0.050083860136850705 0.05008386013685069 1.5524735584456586 0.0 -5.602149724111513e-06 0.0037426988874734667 0.0 0.0
0.0 -0.0001215885534678217 0.0 0.6252312490130324 0.0 0.05068997311744441 0.050689973117444435 0.05068997311745473 0.050689973117450715 1.5524735587508995 0.0 -5.60215536310197e-06 0.0037426988872465497 0.0 0.0
0.0 -0.00020058895100747784 0.0 0.6232074644624409 0.0 0.05110055141524727 0.05110055141524728 0.051100551415252514 0.051100551413840754 1.5524735588637646 0.0 -5.602155774155898e-06 0.0037426988866960426 0.0 0.0
0.0 -0.0002608538140204655 0.0 0.6214681934670255 0.0 0.05134930726397034 0.051349307263970335 0.05134930726397034 0.05134930726397103 1.5524735588906238 0.0 -5.602151645800085e-06 0.0037426988863459793 0.0 0.0
0.0 -0.00030787586044377964 0.0 0.6199854426686182 0.0 0.05150195741192977 0.05150195741193212 0.05150195741193212 0.05150195741193212 1.5524735588942842 0.0 -5.6021492443307905e-06 0.0037426988862499597 0.0 0.0
0.0 -0.0003489478689955706 0.0 0.6185984650784261 0.0 0.051605002384352984 0.051605002384353005 0.05160500238434964 0.051605002384352984 1.552473558894769 0.0 -5.6021486159985815e-06 0.003742698886228019 0.0 0.0
0.0 -0.0003847755678606517 0.0 0.6173190617784031 0.0 0.0516719634660231 0.051671963466023145 0.0516719634660169 0.051671963466023145 1.552473558894874 0.0 -5.602148041211594e-06 0.0037426988862186215 0.0 0.0
0.0 -0.000416053087860848 0.0 0.6161480869023594 0.0 0.05171259373208617 0.05171259373208618 0.05171259373208618 0.05171259373207555 1.5524735588948937 0.0 -5.602147586834479e-06 0.0037426988862149426 0.0 0.0
0.0 -0.0004435196969904646 0.0 0.6150784222546011 0.0 0.05173463312464943 0.05173463312464943 0.05173463312464967 0.051734633134603 1.5524735588948964 0.0 -5.6021472596623e-06 0.0037426988862137014 0.0 0.0
0.0 -0.0004678083263292325 0.0 0.6140989897076933 0.0 0.051743064766569515 0.051743064766569515 0.05174306476665794 0.0517430647666143 1.5524735588948966 0.0 -5.602147035377325e-06 0.003742698886213338 0.0 0.0
0.0 -0.0004895631912245715 0.0 0.613196718051915 0.0 0.051742369093402824 0.051742369093402706 0.051742367760667624 0.05174236798591565 1.5524735588948966 0.0 -5.60214688612081e-06 0.0037426988862132846 0.0 0.0
0.0 -0.000509286828580371 0.0 0.6123575695170457 0.0 0.05173477216371612 0.05173477216371613 0.051734772163742386 0.05173477217773272 1.5524735588948966 0.0 -5.602146788996591e-06 0.0037426988862132447 0.0 0.0
0.0 -0.0005275355318906611 0.0 0.6115645092143979 0.0 0.05172224885804674 0.05172224885804674 0.05172224885809083 0.05172224886480112 1.5524735588948968 0.0 -5.6021467305657486e-06 0.003742698886213182 0.0 0.0
0.0 -0.0005447013475882551 0.0 0.6108035218592599 0.0 0.05170552622340637 0.05170552622340638 0.05170552622342429 0.05170552622756299 1.552473558894897 0.0 -5.60214669553235e-06 0.0037426988862131116 0.0 0.0
0.0 -0.0005612484937735534 0.0 0.6100575913008992 0.0 0.05168532711500625 0.05168532711500631 0.05168532711500625 0.05168532711198347 1.5524735588948972 0.0 -5.602146680837215e-06 0.0037426988862130414 0.0 0.0
0.0 -0.0005775378288753259 0.0 0.6093117132087009 0.0 0.05166162747599035 0.051661627475994815 0.051661627475990395 0.051661627475994815 1.552473558894898 0.0 -5.602146681455244e-06 0.003742698886212947 0.0 0.0
0.0 -0.0005939302113076133 0.0 0.6085508832520932 0.0 0.05163440325602789 0.05163440325602789 0.05163440325602789 0.051634403258001275 1.5524735588948988 0.0 -5.60214669755788e-06 0.0037426988862128193 0.0 0.0
0.0 -0.0006108161988692872 0.0 0.6077581002707074 0.0 0.05160337715743779 0.0516033771574378 0.0516033771574378 0.05160337715918842 1.5524735588949004 0.0 -5.60214673459867e-06 0.003742698886212622 0.0 0.0
0.0 -0.000628501404744613 0.0 0.6069183711767375 0.0 0.051567775013745376 0.051567775013745376 0.051567775013745376 0.05156777501374536 1.552473558894903 0.0 -5.602146797647703e-06 0.003742698886212309 0.0 0.0
0.0 -0.000647328272276492 0.0 0.6060166953872695 0.0 0.05152732273325827 0.05152732273325826 0.05152732273325827 0.05152732273325828 1.5524735588949072 0.0 -5.602146898829209e-06 0.0037426988862118266 0.0 0.0
0.0 -0.0006676873592583745 0.0 0.6050360717420858 0.0 0.05148174301845455 0.05148174301845455 0.05148174301845455 0.05148174301845455 1.552473558894914 0.0 -5.602147062236842e-06 0.003742698886211086 0.0 0.0
0.0 -0.0006899395241014931 0.0 0.6039614959108425 0.0 0.05143101181577125 0.05143101181577124 0.051431011815779575 0.051431011817394776 1.552473558894923 0.0 -5.602147316582801e-06 0.003742698886210019 0.0 0.0
0.0 -0.0007145305698321932 0.0 0.60277595549084 0.0 0.051375601941624834 0.05137560194162483 0.05137560194162485 0.05137560194162847 1.5524735588949343 0.0 -5.602147718303788e-06 0.0037426988862085207 0.0 0.0
0.0 -0.0007419983748404561 0.0 0.6014624193417123 0.0 0.05131723639800677 0.051317236398006796 0.051317236398002536 0.051317236400278694 1.5524735588949434 0.0 -5.602148348767045e-06 0.0037426988862067794 0.0 0.0
0.0 -0.0007727139055621045 0.0 0.6000138442195697 0.0 0.051258654377109074 0.05125865437710907 0.051258654377109074 0.051258654377109074 1.5524735588949443 0.0 -5.60214925410384e-06 0.003742698886205297 0.0 0.0
0.0 -0.0008066447977529865 0.0 0.5984391952465312 0.0 0.05120237068526555 0.05120237068526555 0.051202370685303464 0.05120237068940278 1.5524735588949377 0.0 -5.602150374535728e-06 0.0037426988862045707 0.0 0.0
0.0 -0.000843714726179271 0.0 0.5967454557058193 0.0 0.05114964673957999 0.051149646739620296 0.05114964673957999 0.051149646739558845 1.5524735588949286 0.0 -5.602151728225686e-06 0.0037426988862044367 0.0 0.0
0.0 -0.000883889837932677 0.0 0.594938604844314 0.0 0.05110199238257674 0.05110199238257673 0.05110199239031165 0.05110199238257674 1.5524735588949183 0.0 -5.602153329262365e-06 0.003742698886205055 0.0 0.0
0.0 -0.0009270697506076254 0.0 0.5930266262334984 0.0 0.05106067063813786 0.05106067063813753 0.05106067063791804 0.05106067063795847 1.5524735588949092 0.0 -5.602155141172307e-06 0.003742698886206362 0.0 0.0
0.0 -0.0009731653660503947 0.0 0.5910155103630087 0.0 0.05102644123080768 0.05102644123080768 0.05102644124623063 0.0510264412304451 1.5524735588949028 0.0 -5.60215718012921e-06 0.003742698886208059 0.0 0.0
0.0 -0.0010220578867596013 0.0 0.5889132445516855 0.0 0.0510003171531508 0.051000317153196695 0.051000317153863266 0.051000317153196695 1.552473558894899 0.0 -5.6021593823307365e-06 0.00374269888620999 0.0 0.0
0.0 -0.0010736029693710783 0.0 0.5867258305318733 0.0 0.050982308026180374 0.050982308026180374 0.05098230802602295 0.050982307984158974 1.5524735588948972 0.0 -5.6021617614444865e-06 0.003742698886211635 0.0 0.0
0.0 -0.0011276634013046743 0.0 0.5844612593697783 0.0 0.050973176814562926 0.05097317681456292 0.0509731767111796 0.05097317671137333 1.5524735588948968 0.0 -5.602164227628837e-06 0.003742698886212866 0.0 0.0
0.0 -0.0011839914795198276 0.0 0.5821275446173287 0.0 0.05097218550395143 0.050972185503951675 0.05097218550395158 0.05097218792975573 1.5524735588948966 0.0 -5.602166726501041e-06 0.0037426988862132846 0.0 0.0
0.0 -0.001242461275738134 0.0 0.5797306842593367 0.0 0.05097959570952612 0.050979595709526135 0.05097959573967138 0.05097959570952613 1.5524735588948966 0.0 -5.602169277103553e-06 0.0037426988862135865 0.0 0.0
0.0 -0.001302812313959668 0.0 0.5772776990539522 0.0 0.050994166626033184 0.0509941666167486 0.05099416661674862 0.050994166616916754 1.5524735588948966 0.0 -5.60217179670354e-06 0.003742698886214377 0.0 0.0
0.0 -0.0013648337212944183 0.0 0.574776595057671 0.0 0.05101566159106688 0.051015661591187214 0.05101566159106689 0.05101566165540323 1.5524735588948966 0.0 -5.602174189713943e-06 0.0037426988862156695 0.0 0.0
0.0 -0.0014282890790241899 0.0 0.5722333927408171 0.0 0.05104284011386582 0.05104284011396441 0.051042840113964406 0.051042840113970686 1.5524735588948964 0.0 -5.602176488360316e-06 0.003742698886217183 0.0 0.0
0.0 -0.0014929235533081514 0.0 0.5696541163207192 0.0 0.051074211557803416 0.05107421155780343 0.051074211510919273 0.05107421151083145 1.5524735588948961 0.0 -5.602178649683402e-06 0.0037426988862186246 0.0 0.0
0.0 -0.0015584950832819681 0.0 0.5670457828079581 0.0 0.051108786931438645 0.05110878693143419 0.0511087869314342 0.051108786974943005 1.5524735588948957 0.0 -5.602180580252435e-06 0.0037426988862198896 0.0 0.0
0.0 -0.0016246879476880898 0.0 0.5644154242035914 0.0 0.051144577260915834 0.05114457726091587 0.051144577260915834 0.05114457726091585 1.5524735588948955 0.0 -5.602182232812186e-06 0.003742698886220499 0.0 0.0
0.0 -0.0016913082000699826 0.0 0.5617680569420628 0.0 0.051180590357586424 0.05118059035758643 0.051180590357581955 0.051180590355203705 1.5524735588948955 0.0 -5.602183679189071e-06 0.003742698886220721 0.0 0.0
0.0 -0.00175802170422807 0.0 0.5591107167713598 0.0 0.05121458711519561 0.0512145871151956 0.05121458711519561 0.05121458711794083 1.5524735588948957 0.0 -5.602184776608902e-06 0.0037426988862200427 0.0 0.0
0.0 -0.0018245736262306645 0.0 0.5564494279093625 0.0 0.05124507693253422 0.05124507693253423 0.051245076932534224 0.05124507693254071 1.5524735588948961 0.0 -5.602185554099404e-06 0.0037426988862188106 0.0 0.0
0.0 -0.0018949942938894673 0.0 0.5536181350238139 0.0 0.05127229369426665 0.05127229369425616 0.05127229369426664 0.05127229369400399 1.5524735588948964 0.0 -5.602197233767173e-06 0.0037426988862183544 0.0 0.0
0.0 -0.0019727423047878646 0.0 0.5504737931214716 0.0 0.05129625814283784 0.051296258142837836 0.051296258120901495 0.05129625812088094 1.5524735588948966 0.0 -5.602224814804111e-06 0.0037426988862182334 0.0 0.0
0.0 -0.0020565821232297115 0.0 0.5470624416257651 0.0 0.051315293738516704 0.05131529373851667 0.05131529376231337 0.051315293738472115 1.5524735588948966 0.0 -5.602256806119399e-06 0.0037426988862171206 0.0 0.0
0.0 -0.002145363156265174 0.0 0.5434281119619472 0.0 0.05132822088350368 0.051328220883384144 0.05132822094731179 0.05132822088296589 1.5524735588948964 0.0 -5.602291199860201e-06 0.0037426988862154045 0.0 0.0
0.0 -0.0022379475840021337 0.0 0.5396158283420553 0.0 0.051334361607292094 0.051334361607292094 0.05133436219274687 0.051334361163327846 1.5524735588948961 0.0 -5.60232515178348e-06 0.0037426988862139477 0.0 0.0
0.0 -0.0023332712467719788 0.0 0.5356705999872138 0.0 0.05133403771680056 0.051334037716800285 0.051334039536587765 0.05133403771680017 1.552473558894896 0.0 -5.602355706520722e-06 0.0037426988862133393 0.0 0.0
0.0 -0.00243027562705596 0.0 0.531636439579854 0.0 0.05132732104187504 0.05132732104199431 0.051327321041994306 0.05132732104391061 1.552473558894896 0.0 -5.6023802456808215e-06 0.003742698886212763 0.0 0.0
0.0 -0.002527933395525246 0.0 0.5275583488484228 0.0 0.05131503252785882 0.05131503252673375 0.05131503252729627 0.0513150325275899 1.5524735588948964 0.0 -5.602396149508407e-06 0.0037426988862107784 0.0 0.0
0.0 -0.00262527246752158 0.0 0.5234813182858431 0.0 0.051298745012590456 0.051298745012195106 0.05129874501219508 0.051298745012195085 1.5524735588948968 0.0 -5.60240169746888e-06 0.003742698886208658 0.0 0.0
0.0 -0.0027212470982879745 0.0 0.5194503533824348 0.0 0.051279030684307475 0.05127903068430748 0.05127903068430748 0.0512790308754907 1.5524735588948977 0.0 -5.60239610275262e-06 0.0037426988862063 0.0 0.0
0.0 -0.002814970147436085 0.0 0.5155084365782462 0.0 0.05125795900818645 0.05125795900810365 0.05125795903028471 0.05125795871718272 1.552473558894898 0.0 -5.602380148044363e-06 0.0037426988862054684 0.0 0.0
0.0 -0.0029053902275309527 0.0 0.5117015699154992 0.0 0.05123635358098257 0.05123635358073591 0.05123635344906767 0.05123635344906767 1.5524735588948981 0.0 -5.602354478831813e-06 0.0037426988862055087 0.0 0.0
0.0 -0.002991583367718657 0.0 0.5080727433473923 0.0 0.05121578363295394 0.051215783632953975 0.051215783632716665 0.051215783632953954 1.552473558894898 0.0 -5.60232213277767e-06 0.003742698886206803 0.0 0.0
0.0 -0.0030724741229081975 0.0 0.5046689592184318 0.0 0.05119707477432131 0.05119707477455398 0.05119707477432133 0.05119707477455398 1.5524735588948975 0.0 -5.602285445033925e-06 0.003742698886208583 0.0 0.0
0.0 -0.003147088918804151 0.0 0.5015322221934696 0.0 0.05118079436395489 0.05118079436395494 0.05118079436395491 0.05118079436372359 1.552473558894897 0.0 -5.602248803111635e-06 0.003742698886210268 0.0 0.0
0.0 -0.0032143635947091717 0.0 0.49870754153924635 0.0 0.05116726466800316 0.05116726466800315 0.05116726452892815 0.051167264528928134 1.5524735588948968 0.0 -5.602215087404235e-06 0.0037426988862115816 0.0 0.0
0.0 -0.003273209932640238 0.0 0.49624092681042536 0.0 0.05115680928292272 0.05115680928292271 0.05115680928292271 0.051156809266805464 1.5524735588948968 0.0 -5.6021870914522506e-06 0.0037426988862125144 0.0 0.0
0.0 -0.00332255099902717 0.0 0.49417639447267303 0.0 0.05114924895516074 0.05114924895516069 0.051149248955160716 0.051149248828081716 1.5524735588948966 0.0 -5.602166734747971e-06 0.0037426988862130214 0.0 0.0
0.0 -0.0033612730305847467 0.0 0.4925579684734977 0.0 0.05114390400322537 0.051143904003225375 0.05114390400322537 0.05114390388924445 1.5524735588948966 0.0 -5.602154242293816e-06 0.003742698886213203 0.0 0.0
0.0 -0.0033882934523401863 0.0 0.4914306617946257 0.0 0.05114084658786423 0.05114084659705943 0.051140846597059426 0.05114084658747629 1.5524735588948966 0.0 -5.602148338960346e-06 0.0037426988862132695 0.0 0.0
0.0 -0.003408807137277737 0.0 0.49057542618497685 0.0 0.051138725427124526 0.05113872542712454 0.05113872542712455 0.05113872551602423 1.5524735588948966 0.0 -5.602147110661423e-06 0.0037426988862132786 0.0 0.0
0.0 -0.0034287137491272783 0.0 0.4897461943431646 0.0 0.051136896061783475 0.05113689606178346 0.051136896061783475 0.05113689595940318 1.5524735588948966 0.0 -5.602147042054251e-06 0.0037426988862132816 0.0 0.0
0.0 -0.0034479708158260294 0.0 0.48894397029641357 0.0 0.05113510991669085 0.05113510991669085 0.05113510991669084 0.05113510992476787 1.5524735588948966 0.0 -5.602146976700631e-06 0.003742698886213282 0.0 0.0
0.0 -0.003466548637986208 0.0 0.488170750874543 0.0 0.05113362034171754 0.05113362034171754 0.051133620341717534 0.05113362034171754 1.5524735588948966 0.0 -5.602146912850837e-06 0.003742698886213282 0.0 0.0
0.0 -0.0034843750439300016 0.0 0.48742953694366414 0.0 0.051132432115898366 0.05113243211589837 0.05113243211592668 0.051132432115642286 1.5524735588948966 0.0 -5.602146849606857e-06 0.003742698886213284 0.0 0.0
0.0 -0.0035014075613520185 0.0 0.486721332540092 0.0 0.051131296843228924 0.051131296843228945 0.05113129684322892 0.05113129669794164 1.5524735588948966 0.0 -5.602146791964851e-06 0.003742698886213284 0.0 0.0
0.0 -0.0035175980757896947 0.0 0.48604813824122706 0.0 0.05113021758430089 0.051130217584300905 0.05113021773512924 0.05113021758427745 1.5524735588948966 0.0 -5.602146738599964e-06 0.0037426988862132846 0.0 0.0
0.0 -0.003532892830642732 0.0 0.48541295116560623 0.0 0.051129449409157944 0.051129449409581994 0.051129449409581994 0.05112944940958198 1.5524735588948966 0.0 -5.602146688969159e-06 0.0037426988862132846 0.0 0.0
0.0 -0.003547249353603708 0.0 0.48481677534953305 0.0 0.05112874373481631 0.05112874373528255 0.05112874373523477 0.051128743735282534 1.5524735588948966 0.0 -5.6021466462159325e-06 0.003742698886213284 0.0 0.0
0.0 -0.003560619530216362 0.0 0.4842616113704079 0.0 0.05112810375067003 0.05112810375067002 0.051128103750760844 0.051128103972391856 1.5524735588948966 0.0 -5.602146609226958e-06 0.003742698886213283 0.0 0.0
0.0 -0.0035729127737192646 0.0 0.48375046384191916 0.0 0.05112728444809168 0.05112728444809165 0.05112728434248664 0.0511272843425154 1.5524735588948966 0.0 -5.602146577478265e-06 0.0037426988862132846 0.0 0.0
0.0 -0.0035841418570391245 0.0 0.4832843255576337 0.0 0.051126787238450905 0.051126787238450905 0.051126787238450926 0.051126787011264364 1.5524735588948966 0.0 -5.602146552344423e-06 0.0037426988862132855 0.0 0.0
0.0 -0.0035942402506437873 0.0 0.4828652008425185 0.0 0.05112636545440263 0.05112636545485281 0.051126365214503866 0.051126365214503866 1.5524735588948966 0.0 -5.602146532719727e-06 0.003742698886213283 0.0 0.0
0.0 -0.0036031357828475016 0.0 0.48249609056269244 0.0 0.051126023658325054 0.05112602365822942 0.05112602368376756 0.05112602365832504 1.5524735588948966 0.0 -5.6021465178969784e-06 0.003742698886213284 0.0 0.0
0.0 -0.003610785981346241 0.0 0.48217799875443285 0.0 0.051125513721273795 0.0511255137212738 0.0511255137872496 0.051125513721273795 1.5524735588948966 0.0 -5.6021465078236484e-06 0.0037426988862132833 0.0 0.0
0.0 -0.003617179561839107 0.0 0.48191291849998985 0.0 0.05112533882053934 0.051125338842755094 0.05112533884275495 0.051125338839581966 1.5524735588948966 0.0 -5.602146501387861e-06 0.003742698886213284 0.0 0.0
0.0 -0.003622207522487472 0.0 0.48170385816062156 0.0 0.05112500371714562 0.05112500371714076 0.05112500367502225 0.051125003673796326 1.5524735588948966 0.0 -5.60214649770108e-06 0.003742698886213284 0.0 0.0
0.0 -0.003625882636217591 0.0 0.4815518105298781 0.0 0.05112500999491274 0.051125009994912755 0.051125009994912735 0.051125009994675896 1.5524735588948966 0.0 -5.602146496021757e-06 0.003742698886213284 0.0 0.0
0.0 -0.0036281194528939706 0.0 0.48145880227541044 0.0 0.051124860878032655 0.051124860878032655 0.051124860878032655 0.051124860878032655 1.552473558895022 0.0 -5.604520679462858e-06 0.003742698886213285 0.0 0.0
