0.0 -0.0008658585662070939 0.0 0.4820209198921134 0.0 0.013619206205434777 0.013619206205302454 0.01361920622685835 0.01361920604257168 1.5524735604678441 0.0 -5.602150695265567e-06 0.0037426988862075744 0.0 0.0
0.0 -0.0008636214117409945 0.0 0.4821139322181899 0.0 0.013619352210318342 0.013619352210318337 0.013619352210318363 0.013619352210318349 1.552473558894848 0.0 -5.600296390039647e-06 0.003742698886213284 0.0 0.0
0.0 -0.0008599827341965251 0.0 0.4822659868443737 0.0 0.013619845996443785 0.013619845996443794 0.013619845996444075 0.013619845996443789 1.5524735588948966 0.0 -5.602146495058234e-06 0.003742698886213284 0.0 0.0
0.0 -0.0008549547735494537 0.0 0.482475047183707 0.0 0.013620181137075494 0.013620181137075492 0.013620181137075513 0.013620181137075499 1.5524735588948966 0.0 -5.602146494260215e-06 0.003742698886213284 0.0 0.0
0.0 -0.0008485980232133466 0.0 0.4827401199429362 0.0 0.01362085611429059 0.013620856114290576 0.013620856114243341 0.013620856112664973 1.5524735588948966 0.0 -5.602146492502321e-06 0.003742698886213284 0.0 0.0
0.0 -0.0008409662397947274 0.0 0.4830582080035192 0.0 0.01362161607847117 0.0136216160784712 0.013621616078528572 0.013621616078468636 1.5524735588948966 0.0 -5.602146489418481e-06 0.003742698886213284 0.0 0.0
0.0 -0.0008321075377496886 0.0 0.4834273107880414 0.0 0.013622457821770722 0.01362245782177074 0.013622457825880736 0.01362245782588073 1.5524735588948966 0.0 -5.602146484565659e-06 0.003742698886213284 0.0 0.0
0.0 -0.0008220459743062569 0.0 0.48384642800779437 0.0 0.013623379767188276 0.013623379767188273 0.01362337977297721 0.013623379678050721 1.5524735588948966 0.0 -5.602146477378703e-06 0.003742698886213284 0.0 0.0
0.0 -0.0008108537211477818 0.0 0.4843125587966621 0.0 0.013624377009793992 0.013624377009801196 0.013624377009904196 0.013624377112220663 1.5524735588948966 0.0 -5.6021464677905e-06 0.0037426988862132838 0.0 0.0
0.0 -0.0007985788927324464 0.0 0.4848237025772317 0.0 0.013625446486449859 0.013625446486449854 0.013625446486440694 0.01362544647655992 1.5524735588948966 0.0 -5.602146455405829e-06 0.003742698886213285 0.0 0.0
0.0 -0.00078524554628581 0.0 0.48537885906079353 0.0 0.013626586482414452 0.013626586482425799 0.013626586494399209 0.013626586494529767 1.5524735588948966 0.0 -5.602146439625309e-06 0.003742698886213284 0.0 0.0
0.0 -0.0007709258534918577 0.0 0.48597502738123677 0.0 0.013627792238097108 0.013627792238240665 0.01362779223824065 0.013627792238227044 1.5524735588948966 0.0 -5.602146421040849e-06 0.003742698886213284 0.0 0.0
0.0 -0.0007556495137319634 0.0 0.4866102107087256 0.0 0.013628810547790585 0.01362881054779058 0.013628810547568407 0.01362881031063279 1.5524735588948966 0.0 -5.602146399315864e-06 0.0037426988862132833 0.0 0.0
0.0 -0.000739477414386775 0.0 0.4872834012593986 0.0 0.0136301397111529 0.013630139711152903 0.0136301397109845 0.013630139710984496 1.5524735588948966 0.0 -5.602146373811292e-06 0.003742698886213283 0.0 0.0
0.0 -0.0007224448969849422 0.0 0.4879916056623009 0.0 0.013631275010540608 0.013631275010540619 0.013631275010540601 0.013631275048388236 1.5524735588948966 0.0 -5.602146345996165e-06 0.003742698886213286 0.0 0.0
0.0 -0.0007046000759832187 0.0 0.48873282334002255 0.0 0.013632212990999943 0.013632212990922642 0.013632213425522753 0.013632213425192932 1.5524735588948966 0.0 -5.6021463155215585e-06 0.003742698886213283 0.0 0.0
0.0 -0.0006859854236868427 0.0 0.48950605025627375 0.0 0.013633202642556824 0.013633202642141516 0.01363320255554462 0.013633202998616648 1.5524735588948966 0.0 -5.6021462816206775e-06 0.0037426988862132864 0.0 0.0
0.0 -0.000666673111777507 0.0 0.4903082855449637 0.0 0.013634238827146471 0.013634238827146438 0.01363423882672301 0.01363423837513263 1.5524735588948966 0.0 -5.602146246764991e-06 0.003742698886213284 0.0 0.0
0.0 -0.0006466744245600925 0.0 0.4911375361238242 0.0 0.01363481793547958 0.013634817935480168 0.013634817939323302 0.013634817944125075 1.5524735588948966 0.0 -5.6021462104367995e-06 0.003742698886213284 0.0 0.0
0.0 -0.0006260318343380385 0.0 0.49199279795657247 0.0 0.013635188729468598 0.01363518872956064 0.013635188729560654 0.013635189081748319 1.5524735588948966 0.0 -5.602146171663641e-06 0.0037426988862132846 0.0 0.0
0.0 -0.0005987904330151474 0.0 0.49312014955495054 0.0 0.013635245766374636 0.013635245766374614 0.01363524576637464 0.013635245690046295 1.5524735588948966 0.0 -5.602145514482195e-06 0.003742698886213288 0.0 0.0
0.0 -0.0005596264428488275 0.0 0.49473866537296285 0.0 0.013634589811026275 0.013634589811035545 0.013634589801164942 0.013634589739288773 1.5524735588948966 0.0 -5.6021423084189855e-06 0.0037426988862132925 0.0 0.0
0.0 -0.0005095856092307317 0.0 0.49680333990441927 0.0 0.013632648713822974 0.013632648713822956 0.013632648713871183 0.013632648709217682 1.5524735588948966 0.0 -5.6021353272940086e-06 0.0037426988862134056 0.0 0.0
0.0 -0.0004496712051922048 0.0 0.4992701716807997 0.0 0.013628601844375771 0.01362860184437577 0.01362860184437577 0.013628601844375771 1.5524735588948964 0.0 -5.602123519288416e-06 0.003742698886213883 0.0 0.0
0.0 -0.00038094739100202115 0.0 0.5020941514555317 0.0 0.013622126988522318 0.013622126988522313 0.013622126988488545 0.013622126988522314 1.5524735588948961 0.0 -5.6021065719963025e-06 0.0037426988862150875 0.0 0.0
0.0 -0.0003045151568465983 0.0 0.5052302624928455 0.0 0.013613402023365622 0.013613402023365632 0.013613402023332478 0.013613402023365626 1.5524735588948957 0.0 -5.602084943844452e-06 0.003742698886217246 0.0 0.0
0.0 -0.000221433020547678 0.0 0.5086344920983101 0.0 0.013602356400894118 0.013602356400895558 0.01360235640089556 0.013602356369266414 1.5524735588948961 0.0 -5.602059722670431e-06 0.0037426988862206533 0.0 0.0
0.0 -0.00013283316005038148 0.0 0.5122628125919618 0.0 0.01358991969235502 0.013589919692355 0.013589919692385046 0.013589919692385048 1.5524735588948964 0.0 -5.602032622575006e-06 0.0037426988862238244 0.0 0.0
0.0 -3.989022550424927e-05 0.0 0.5160701922619808 0.0 0.013577269951113 0.013577269951112986 0.013577269949170155 0.013577269951080278 1.552473558894896 0.0 -5.602005903137842e-06 0.0037426988862253813 0.0 0.0
0.0 5.6257963173345145e-05 0.0 0.5200116068921558 0.0 0.013565085131229886 0.013565085131229865 0.013565085131266466 0.0135650850921978 1.552473558894895 0.0 -5.601981904827653e-06 0.0037426988862255674 0.0 0.0
0.0 0.00015441120980284656 0.0 0.5240440103548922 0.0 0.01355554659201487 0.013555546592018743 0.013555546592018745 0.013555546592018746 1.552473558894894 0.0 -5.601962512938771e-06 0.00374269888622168 0.0 0.0
0.0 0.0002533708070406109 0.0 0.5281213706505886 0.0 0.013549830747579402 0.013549830747493798 0.013549830828135205 0.013549830828135205 1.5524735588948952 0.0 -5.601950132388954e-06 0.0037426988862168625 0.0 0.0
0.0 0.00035194933162914765 0.0 0.5321996488507799 0.0 0.013549617612209963 0.013549617611479431 0.013549617612209996 0.013549616832314136 1.5524735588948975 0.0 -5.601945738548927e-06 0.0037426988862133952 0.0 0.0
0.0 0.0004490089631977129 0.0 0.5362338207273377 0.0 0.013555584898889512 0.013555584900688013 0.013555584900688106 0.01355558303311622 1.5524735588948975 0.0 -5.601950112932622e-06 0.003742698886213175 0.0 0.0
0.0 0.000543380693164828 0.0 0.540179851088288 0.0 0.013569161373805472 0.013569161373805441 0.013569161373305083 0.013569161907542258 1.5524735588948972 0.0 -5.601962821712691e-06 0.0037426988862121254 0.0 0.0
0.0 0.0006339635310283088 0.0 0.5439927231872401 0.0 0.013590526463813759 0.013590526463741181 0.013590526386074516 0.013590526752782234 1.552473558894897 0.0 -5.601982952132842e-06 0.003742698886210213 0.0 0.0
0.0 0.0007196508438133467 0.0 0.5476264237301169 0.0 0.013619605606544558 0.013619605606607906 0.013619605790914625 0.013619605791087442 1.5524735588948966 0.0 -5.602008765019807e-06 0.0037426988862078463 0.0 0.0
0.0 0.0007994761882458878 0.0 0.5510369587297157 0.0 0.013655078300343765 0.013655078300343751 0.013655078317932142 0.01365507831793216 1.552473558894896 0.0 -5.602037449057218e-06 0.003742698886205928 0.0 0.0
0.0 0.0008724547061173706 0.0 0.5541803304521954 0.0 0.013695873664373404 0.013695873664364425 0.013695873664373415 0.013695873570345981 1.5524735588948952 0.0 -5.6020662985088445e-06 0.003742698886204828 0.0 0.0
0.0 0.0009376879723194056 0.0 0.5570115633616308 0.0 0.013739419154496453 0.013739419154496434 0.013739419160032865 0.013739419160093606 1.552473558894895 0.0 -5.602092769149015e-06 0.0037426988862053695 0.0 0.0
0.0 0.000998531222981885 0.0 0.5596716905692154 0.0 0.013786441004985207 0.013786441004985201 0.013786441061885469 0.013786441061832182 1.5524735588948946 0.0 -5.602103956852082e-06 0.003742698886205014 0.0 0.0
0.0 0.0010588986563475455 0.0 0.5623257484987741 0.0 0.013837953939956614 0.013837953939956625 0.013837953994367054 0.013837953994415121 1.5524735588948937 0.0 -5.602103720171017e-06 0.0037426988862033156 0.0 0.0
0.0 0.001118878196864015 0.0 0.5649697735626613 0.0 0.013891451167954212 0.01389145116795422 0.01389145116504657 0.013891451168000116 1.5524735588948932 0.0 -5.602103737268844e-06 0.003742698886202547 0.0 0.0
0.0 0.0011784544067695766 0.0 0.5675977902627403 0.0 0.01394517276042111 0.013945172760421115 0.013945172712040089 0.01394517276041845 1.552473558894893 0.0 -5.60210414161778e-06 0.003742698886202575 0.0 0.0
0.0 0.001237624621121841 0.0 0.5702028303067319 0.0 0.013996857146163702 0.013996857146163708 0.013996857146163688 0.013996857146163697 1.5524735588948937 0.0 -5.602104993665267e-06 0.0037426988862034644 0.0 0.0
0.0 0.0012963549870373759 0.0 0.5727789144471881 0.0 0.014044994512319081 0.014044994512319088 0.014044994512319095 0.01404499451575349 1.5524735588948944 0.0 -5.602106217858026e-06 0.003742698886204903 0.0 0.0
0.0 0.0013546428396118406 0.0 0.575319074391728 0.0 0.014087323285096823 0.014087323285096832 0.01408732328509287 0.014087323285096825 1.5524735588948952 0.0 -5.6021078538090136e-06 0.00374269888620699 0.0 0.0
0.0 0.0014124656101788893 0.0 0.577819323974181 0.0 0.014122836914550654 0.014122836914550676 0.014122836914550681 0.014122836843815472 1.552473558894896 0.0 -5.6021096925133885e-06 0.0037426988862090016 0.0 0.0
0.0 0.0014697356893625475 0.0 0.5802706868312096 0.0 0.014149770678165146 0.014149770678165113 0.014149770678165162 0.014149770575793297 1.5524735588948964 0.0 -5.602111991932624e-06 0.0037426988862109293 0.0 0.0
0.0 0.0015263880360927584 0.0 0.5826681727598698 0.0 0.014167366457225845 0.014167366457225859 0.01416736645722586 0.014167366313650414 1.5524735588948966 0.0 -5.602114472761194e-06 0.003742698886212354 0.0 0.0
0.0 0.001582261380654373 0.0 0.5850027904057423 0.0 0.01417485956495173 0.014174859689192947 0.014174859689308988 0.01417485968895719 1.5524735588948968 0.0 -5.60211729402777e-06 0.0037426988862131433 0.0 0.0
0.0 0.0016372906820628654 0.0 0.587269549565918 0.0 0.014171492217012896 0.014171492217008573 0.014171492221578584 0.014171492272416304 1.5524735588948966 0.0 -5.602120183721281e-06 0.003742698886213685 0.0 0.0
0.0 0.0016912169530277925 0.0 0.5894584436070753 0.0 0.014157498148385166 0.014157498148385165 0.014157498148385439 0.014157498136181971 1.5524735588949021 0.0 -5.602123306916461e-06 0.0037426988862182373 0.0 0.0
0.0 0.0017438958500223857 0.0 0.5915634707949164 0.0 0.014132867776891591 0.014132867776891597 0.014132867776970317 0.014132867776970317 1.5524735588949659 0.0 -5.602126401031977e-06 0.0037426988862269226 0.0 0.0
0.0 0.001795140557433003 0.0 0.5935776253607244 0.0 0.014097839939911802 0.0140978399399118 0.014097839939911781 0.014097839939911802 1.552473558895192 0.0 -5.602129439255929e-06 0.0037426988862382586 0.0 0.0
0.0 0.001844648126929248 0.0 0.5954928825090958 0.0 0.014053902032533323 0.014053902032533322 0.014053902031797733 0.014053902032533322 1.5524735588956384 0.0 -5.602132381550022e-06 0.003742698886248681 0.0 0.0
0.0 0.00189217085541902 0.0 0.5973012286870603 0.0 0.014001791339195076 0.014001791339195074 0.014001791339195881 0.014001791339195074 1.552473558896379 0.0 -5.602135150400586e-06 0.0037426988862576923 0.0 0.0
0.0 0.0019374963813861982 0.0 0.5989976437121945 0.0 0.013942750031223186 0.013942750031223188 0.013942750031223194 0.01394275003122377 1.552473558897363 0.0 -5.60213761559443e-06 0.00374269888626361 0.0 0.0
0.0 0.0019802849263987144 0.0 0.6005740952945317 0.0 0.013878765581559375 0.013878765581559375 0.01387876558155937 0.013878765580657341 1.552473558898336 0.0 -5.6021398086622126e-06 0.003742698886264564 0.0 0.0
0.0 0.002020263241556391 0.0 0.6020245554682565 0.0 0.01381157863196214 0.01381157863196214 0.01381157863196214 0.013811578631967305 1.552473558899129 0.0 -5.60214166164251e-06 0.0037426988862614224 0.0 0.0
0.0 0.002057567050832207 0.0 0.6033600011747279 0.0 0.013742957085770528 0.01374295708577053 0.013742957085771584 0.01374295708577053 1.5524735588995635 0.0 -5.602142995190854e-06 0.0037426988862561293 0.0 0.0
0.0 0.0020925414625087113 0.0 0.6046024012900495 0.0 0.0136754365973052 0.013675436597305198 0.0136754365973052 0.0136754365973052 1.5524735588993344 0.0 -5.60214385426082e-06 0.0037426988862494484 0.0 0.0
0.0 0.002125272597522718 0.0 0.6057637180571138 0.0 0.013611786824020524 0.013611786824020526 0.013611786824024419 0.013611786824020526 1.5524735588984537 0.0 -5.602144463986458e-06 0.003742698886241589 0.0 0.0
0.0 0.002155951424987594 0.0 0.606854939661985 0.0 0.013553025557183842 0.01355302555718384 0.01355302555718384 0.013553025556209951 1.5524735588975185 0.0 -5.602144899880295e-06 0.0037426988862347427 0.0 0.0
0.0 0.002184708026741394 0.0 0.6078860465066623 0.0 0.013500669057681706 0.013500669057681708 0.013500669058545666 0.013500669057680895 1.5524735588965728 0.0 -5.602145213621605e-06 0.003742698886228617 0.0 0.0
0.0 0.0022118070322510544 0.0 0.6088680417671192 0.0 0.013454734966248154 0.013454734966248851 0.013454734966248851 0.013454734966990775 1.5524735588959027 0.0 -5.602145433083324e-06 0.003742698886224069 0.0 0.0
0.0 0.002237422484277427 0.0 0.6098089240056971 0.0 0.013415486148335598 0.013415486148335598 0.01341548614833756 0.01341548614892448 1.5524735588954395 0.0 -5.6021455937731715e-06 0.003742698886220569 0.0 0.0
0.0 0.0022617524828077128 0.0 0.6107176920732508 0.0 0.013383187073779196 0.013383187073779553 0.013383187073398618 0.013383187073398618 1.5524735588951484 0.0 -5.602145705487402e-06 0.003742698886217927 0.0 0.0
0.0 0.002285037600121257 0.0 0.6116043488568783 0.0 0.013357853777116688 0.013357853777116624 0.013357853777116624 0.013357853777116624 1.5524735588949927 0.0 -5.6021457751994295e-06 0.0037426988862160264 0.0 0.0
0.0 0.002307512766360162 0.0 0.6124779007025773 0.0 0.013339250653258576 0.013339250653258578 0.013339250653258578 0.013339250652811396 1.5524735588949248 0.0 -5.602145812962373e-06 0.0037426988862147388 0.0 0.0
0.0 0.0023292967790461225 0.0 0.6133463349297396 0.0 0.013328390680809201 0.013328390680809203 0.013328390680823496 0.013328390680823496 1.5524735588949 0.0 -5.602145825200505e-06 0.0037426988862137864 0.0 0.0
0.0 0.0023505452658512073 0.0 0.6142176463528656 0.0 0.01332578676397663 0.013325786763976435 0.013325786763758056 0.013325786763768378 1.5524735588948966 0.0 -5.602145812728463e-06 0.00374269888621332 0.0 0.0
0.0 0.0023713954393696206 0.0 0.6150998260388607 0.0 0.013332201829319304 0.013332201829319303 0.013332201829319306 0.013332201887145298 1.5524735588948966 0.0 -5.602145774332288e-06 0.0037426988862132656 0.0 0.0
0.0 0.0023919349091099497 0.0 0.6160018503529934 0.0 0.013349400616564214 0.013349400616564219 0.013349400616073703 0.01334940061660153 1.5524735588948966 0.0 -5.602145703147343e-06 0.0037426988862131424 0.0 0.0
0.0 0.0024121606978210674 0.0 0.6169296910469321 0.0 0.013379393007748597 0.013379393007748423 0.013379393007748423 0.013379392996374334 1.5524735588948964 0.0 -5.602145603794742e-06 0.0037426988862128167 0.0 0.0
0.0 0.002432008940868401 0.0 0.6178883120884439 0.0 0.013424687405916354 0.013424687405916352 0.01342468739850237 0.013424687405823461 1.5524735588948952 0.0 -5.6021454739443835e-06 0.003742698886212132 0.0 0.0
0.0 0.002451251526543062 0.0 0.6188796578413696 0.0 0.01348903758671568 0.013489037586715684 0.013489037586715684 0.013489037586715682 1.5524735588948906 0.0 -5.602145320599859e-06 0.0037426988862107945 0.0 0.0
0.0 0.0024696419280707937 0.0 0.619905668921896 0.0 0.013576447364388226 0.01357644736438823 0.013576447364388235 0.013576447360849512 1.5524735588948764 0.0 -5.602145139592999e-06 0.003742698886208326 0.0 0.0
0.0 0.002486588198081843 0.0 0.6209592571152497 0.0 0.013692656377089161 0.013692656377089158 0.013692656377091363 0.013692656377074262 1.5524735588948335 0.0 -5.602144978639735e-06 0.0037426988862040125 0.0 0.0
0.0 0.0025014078024500888 0.0 0.6220303295928046 0.0 0.013843649497182019 0.013843649497182019 0.013843649497180664 0.013843649497180671 1.5524735588947165 0.0 -5.602144865002685e-06 0.003742698886197038 0.0 0.0
0.0 0.0025126674156042248 0.0 0.6230509079486288 0.0 0.014026567268050795 0.014026567268050797 0.014026567268050795 0.014026567267375539 1.5524735588945076 0.0 -5.602145141924221e-06 0.0037426988861915442 0.0 0.0
0.0 0.0025198398918101395 0.0 0.6239701198649459 0.0 0.01423182647529382 0.01423182647529382 0.014231826475293046 0.01423182647529382 1.5524735588942769 0.0 -5.602145597950555e-06 0.0037426988861909635 0.0 0.0
0.0 0.0025232480829756993 0.0 0.6247930080061008 0.0 0.014456684722178582 0.014456684722178741 0.014456684722178741 0.014456684722178736 1.5524735588939995 0.0 -5.602145914202741e-06 0.0037426988861917147 0.0 0.0
0.0 0.0025231043506574705 0.0 0.6255245925537921 0.0 0.014699899837729988 0.014699899837729988 0.014699899837729982 0.01469989983736585 1.5524735588936616 0.0 -5.6021461284322025e-06 0.0037426988861932356 0.0 0.0
0.0 0.0025194752243870686 0.0 0.6261668778332593 0.0 0.014961224990995933 0.014961224990995935 0.014961224990996834 0.014961224990995935 1.55247355889324 0.0 -5.6021462736870315e-06 0.00374269888619534 0.0 0.0
0.0 0.002512427233708929 0.0 0.6267218681696295 0.0 0.015240413351596335 0.015240413351597327 0.015240413351596331 0.015240413351596333 1.5524735588927232 0.0 -5.602146367716044e-06 0.0037426988861978816 0.0 0.0
0.0 0.00250188107617441 0.0 0.6271885520315919 0.0 0.015538213428825257 0.015538213428825257 0.015538213428825762 0.015538213429359647 1.5524735588920622 0.0 -5.60214642641689e-06 0.003742698886200768 0.0 0.0
0.0 0.002487746165021478 0.0 0.6275639248055427 0.0 0.015854870450142645 0.015854870450142645 0.015854870450143103 0.015854870450142645 1.5524735588912444 0.0 -5.602146459613224e-06 0.003742698886203983 0.0 0.0
0.0 0.0024697436092045314 0.0 0.627840961985151 0.0 0.01619187341636033 0.01619187341636033 0.01619187341636033 0.016191873416767245 1.5524735588901712 0.0 -5.602146474821508e-06 0.0037426988862073463 0.0 0.0
0.0 0.0024476625358246366 0.0 0.6280116575132526 0.0 0.0165494595373058 0.016549459537306053 0.016549459537305803 0.0165494595373058 1.5524735588888523 0.0 -5.602146477965241e-06 0.0037426988862104054 0.0 0.0
0.0 0.0024212552418355917 0.0 0.6280679978375256 0.0 0.01692836609730605 0.01692836609730605 0.016928366097306052 0.01692836609730614 1.552473558887203 0.0 -5.602146474787505e-06 0.0037426988862123835 0.0 0.0
0.0 0.00239023868265089 0.0 0.6279989760346789 0.0 0.017328825495097913 0.017328825495097913 0.017328825495229697 0.017328825495229693 1.5524735588851986 0.0 -5.602146469458255e-06 0.0037426988862128835 0.0 0.0
0.0 0.0023542873414081587 0.0 0.627792581145111 0.0 0.017751318563616978 0.01775131856361698 0.01775131856361698 0.01775131856361698 1.5524735588827505 0.0 -5.602146463726059e-06 0.0037426988862161127 0.0 0.0
0.0 0.00231315500366965 0.0 0.6274378137407125 0.0 0.01819557762599313 0.01819557762599313 0.018195577625993664 0.01819557762599328 1.5524735588798773 0.0 -5.6021464634195615e-06 0.003742698886224469 0.0 0.0
0.0 0.002266649211631922 0.0 0.6269266715119032 0.0 0.018661589853786614 0.018661589853786614 0.01866158985378589 0.01866158985378661 1.5524735588764926 0.0 -5.602146482831152e-06 0.0037426988862401746 0.0 0.0
0.0 0.0022145478080733577 0.0 0.6262491553194951 0.0 0.019149089173793366 0.019149089173793363 0.019149089173793366 0.019149089173792027 1.5524735588725769 0.0 -5.602146550730336e-06 0.0037426988862662228 0.0 0.0
0.0 0.002156747433392701 0.0 0.6254032533436087 0.0 0.019658822491559997 0.01965882249156105 0.019658822491559026 0.019658822491560007 1.5524735588678633 0.0 -5.602146705293466e-06 0.003742698886304726 0.0 0.0
0.0 0.0020931913537473594 0.0 0.6243919402176558 0.0 0.020192544880972167 0.020192544880972163 0.02019254488097216 0.02019254488097099 1.5524735588619532 0.0 -5.6021469879459185e-06 0.0037426988863580772 0.0 0.0
0.0 0.0020238878763139136 0.0 0.6232231807758091 0.0 0.02075276954653526 0.02075276954653526 0.020752769546535262 0.02075276954653526 1.5524735588543246 0.0 -5.6021474293624455e-06 0.003742698886428251 0.0 0.0
0.0 0.001948955486389142 0.0 0.6219179023814791 0.0 0.02134478095119814 0.021344780951198142 0.021344780952683183 0.021344780952684578 1.5524735588435326 0.0 -5.602147989908613e-06 0.003742698886515008 0.0 0.0
0.0 0.001845210369702878 0.0 0.6200881607456378 0.0 0.02215699001460118 0.022156990014601162 0.02215699001460118 0.022156990014601162 1.5524735587103347 0.0 -5.6021523390927394e-06 0.003742698887334607 0.0 0.0
0.0 0.0016926399879366597 0.0 0.6173635787133793 0.0 0.023340328690713168 0.02334032869071312 0.023340328690713126 0.0233403286907075 1.5524735580475537 0.0 -5.602175622195511e-06 0.003742698891520235 0.0 0.0
0.0 0.0014961260999861923 0.0 0.6137909379476693 0.0 0.024843612553157948 0.02484361255315795 0.024843612553157948 0.024843612553191053 1.5524735566212595 0.0 -5.602234351572836e-06 0.0037426989011046 0.0 0.0
0.0 0.0012603680944563748 0.0 0.6094010567686188 0.0 0.026612881412818166 0.026612881412818166 0.026612881412826767 0.026612881412777317 1.5524735543557233 0.0 -5.602352029347216e-06 0.003742698917867979 0.0 0.0
0.0 0.0009899976196995188 0.0 0.6042127950675598 0.0 0.02859115591819395 0.02859115591819397 0.02859115591819395 0.0285911559181261 1.5524735514473373 0.0 -5.6025601034125814e-06 0.00374269894266802 0.0 0.0
0.0 0.0006897285680690839 0.0 0.5982400525823686 0.0 0.030718698805381858 0.030718698805381715 0.03071869879976175 0.03071869880546969 1.5524735483572911 0.0 -5.602898769591322e-06 0.0037426989749699997 0.0 0.0
0.0 0.00036444054580802107 0.0 0.5914967628446421 0.0 0.03293352280974641 0.03293352280974641 0.03293352280974641 0.03293352280975746 1.5524735457227614 0.0 -5.603416407668506e-06 0.003742699012458893 0.0 0.0
0.0 1.9518911316062647e-05 0.0 0.5840118779087207 0.0 0.035171693226036825 0.035171693226036825 0.03517169322603683 0.03517169321985522 1.5524735588948921 0.0 -5.6021464954101155e-06 0.0037426988862132994 0.0 0.0
0.0 -0.0003392108531226841 0.0 0.5758323943890369 0.0 0.037369217433905956 0.03736921743390598 0.037369217433905956 0.037369217433917086 1.5524735588948921 0.0 -5.602146495477862e-06 0.003742698886213306 0.0 0.0
0.0 -0.000705194250412795 0.0 0.5670442450318546 0.0 0.0394649982798732 0.039464998279873216 0.03946499827973434 0.03946499828500288 1.552473558894893 0.0 -5.602146495599575e-06 0.0037426988862133115 0.0 0.0
0.0 -0.0010712920189305227 0.0 0.5577713160473019 0.0 0.0414024744399021 0.04140247443990212 0.041402474439902116 0.041402474439902116 1.5524735588948944 0.0 -5.602146495777103e-06 0.003742698886213312 0.0 0.0
0.0 -0.001429819336290884 0.0 0.5481883697092044 0.0 0.043134417759299944 0.04313441775929996 0.04313441776137721 0.04313441776137721 1.5524735588948955 0.0 -5.602146495973089e-06 0.003742698886213307 0.0 0.0
0.0 -0.0017729649002521256 0.0 0.5385120005334182 0.0 0.04462566925184047 0.04462566925184047 0.044625669251840465 0.04462566925184047 1.5524735588948964 0.0 -5.602146496109902e-06 0.003742698886213299 0.0 0.0
0.0 -0.0020930303247218202 0.0 0.5290005865593624 0.0 0.045856389573442145 0.04585638957344214 0.04585638957344244 0.045856389573601566 1.5524735588948966 0.0 -5.602146496101766e-06 0.003742698886213291 0.0 0.0
0.0 -0.002382980791102738 0.0 0.5199382510025691 0.0 0.04682428372067202 0.04682428372067202 0.04682428372102917 0.046824283704702 1.5524735588948966 0.0 -5.602146495933192e-06 0.0037426988862132872 0.0 0.0
0.0 -0.002636660074717759 0.0 0.5116228737805213 0.0 0.04754358161223911 0.04754358161223797 0.04754358161223911 0.04754358161223797 1.5524735588948966 0.0 -5.6021464956889435e-06 0.003742698886213285 0.0 0.0
0.0 -0.002849144272453242 0.0 0.504349097847393 0.0 0.048044260751653516 0.048044260751653516 0.048044260751653516 0.04804426076929303 1.5524735588948966 0.0 -5.602146495491401e-06 0.0037426988862132846 0.0 0.0
0.0 -0.0030165514256246763 0.0 0.49839643352786905 0.0 0.0483655259733388 0.0483655259733388 0.0483655259733388 0.04836552597329818 1.5524735588844785 0.0 -5.603469317392507e-06 0.003742698889291197 0.0 0.0
0.0 -0.003135850027091865 0.0 0.49402427211023675 0.0 0.04855155082080062 0.048551550820800614 0.04855155082080062 0.04855155084348575 1.5524735588937288 0.0 -5.6025466821843956e-06 0.003742698886783636 0.0 0.0
0.0 -0.003204142668274358 0.0 0.49146813790287863 0.0 0.04864046940316317 0.04864046940316317 0.04864046942052651 0.04864046940316317 1.5524735588948366 0.0 -5.602194681604289e-06 0.0037426988862586693 0.0 0.0
0.0 -0.0032442611084954587 0.0 0.4899539437520793 0.0 0.048688550864922776 0.048688550864922776 0.048688550864922776 0.048688550864922776 1.5524735588948915 0.0 -5.602152535246157e-06 0.0037426988862179888 0.0 0.0
0.0 -0.0032818042407366643 0.0 0.4885567349787301 0.0 0.04874007042522857 0.048740070425228835 0.04874007042510013 0.04874007043402065 1.5524735588948897 0.0 -5.60215091627171e-06 0.0037426988862178916 0.0 0.0
0.0 -0.0033173188834061196 0.0 0.4872773953819056 0.0 0.0488027808676242 0.048802780867624074 0.048802780867624074 0.0488027808676242 1.5524735588948813 0.0 -5.602149630964263e-06 0.00374269888621901 0.0 0.0
0.0 -0.0033511662073027813 0.0 0.48611386067526297 0.0 0.04888092962051662 0.04888092962051657 0.04888092962051657 0.048880929617347094 1.5524735588948588 0.0 -5.602148658636324e-06 0.003742698886220636 0.0 0.0
0.0 -0.003383395815499941 0.0 0.4850671161566136 0.0 0.048975518438094584 0.04897551843809458 0.04897551843810499 0.04897551843809458 1.5524735588948146 0.0 -5.6021479230977506e-06 0.003742698886222006 0.0 0.0
0.0 -0.003413909990481075 0.0 0.48413817710466744 0.0 0.04908554877540794 0.04908554877540794 0.04908554877540794 0.04908554877540455 1.5524735588947456 0.0 -5.602147386863113e-06 0.0037426988862225923 0.0 0.0
0.0 -0.0034426038839353783 0.0 0.4833260694634914 0.0 0.04920926876408453 0.04920926876408453 0.04920926876408506 0.04920926876408453 1.552473558894654 0.0 -5.602147018910072e-06 0.003742698886222293 0.0 0.0
0.0 -0.003469371158929183 0.0 0.48262683330131706 0.0 0.04934392157499515 0.04934392157499515 0.049343921575166254 0.049343921575165935 1.5524735588945549 0.0 -5.6021467840655176e-06 0.0037426988862212106 0.0 0.0
0.0 -0.003494099836382609 0.0 0.4820375052274487 0.0 0.04948700202068518 0.04948700202068518 0.04948700202068518 0.049487002020344166 1.552473558894459 0.0 -5.60214664095523e-06 0.003742698886219652 0.0 0.0
0.0 -0.0035167132787398505 0.0 0.48155212848033346 0.0 0.049635500026797535 0.04963550002679753 0.049635500026797535 0.04963550002679907 1.5524735588943863 0.0 -5.6021465617375174e-06 0.003742698886217941 0.0 0.0
0.0 -0.0035372269238393176 0.0 0.4811647275605702 0.0 0.04978765570847586 0.04978765570847586 0.049787655708061 0.04978765570847537 1.5524735588943313 0.0 -5.602146521378242e-06 0.0037426988862163963 0.0 0.0
0.0 -0.003555685908882293 0.0 0.4808673301389767 0.0 0.049941455935146824 0.04994145593514683 0.04994145593514683 0.04994145593552282 1.5524735588943035 0.0 -5.602146503322446e-06 0.003742698886215149 0.0 0.0
0.0 -0.003572094387400182 0.0 0.48065595379852577 0.0 0.05009564410447131 0.05009564410447131 0.050095644104776516 0.050095644104775766 1.5524735588942944 0.0 -5.602146496167909e-06 0.003742698886214219 0.0 0.0
0.0 -0.0035865598725994168 0.0 0.4805246043020831 0.0 0.050249710519798464 0.050249710519798464 0.05024971051979767 0.05024971051979767 1.552473558894293 0.0 -5.602146494099192e-06 0.0037426988862136234 0.0 0.0
0.0 -0.0035990568186308365 0.0 0.4804712960625201 0.0 0.05040265182281922 0.05040265182281922 0.05040265182281922 0.05040265182281921 1.5524735588943075 0.0 -5.602146493799817e-06 0.0037426988862133115 0.0 0.0
0.0 -0.003609572452567613 0.0 0.48049503628625934 0.0 0.05055396633468946 0.05055396633468947 0.05055396633468947 0.05055396633468947 1.5524735588943293 0.0 -5.602146493852041e-06 0.0037426988862132426 0.0 0.0
0.0 -0.00361806430210164 0.0 0.4805968290095886 0.0 0.05070340562122517 0.050703405621225814 0.05070340562122577 0.05070340562122577 1.5524735588943541 0.0 -5.6021464938484815e-06 0.00374269888621309 0.0 0.0
0.0 -0.0036243200057116142 0.0 0.4807816944138899 0.0 0.05084972751158072 0.05084972751158071 0.05084972751158082 0.050849727511579644 1.5524735588943954 0.0 -5.60214649333429e-06 0.0037426988862127417 0.0 0.0
0.0 -0.003628042257254302 0.0 0.4810566607531127 0.0 0.050991192966631446 0.050991192966631446 0.050991192966631446 0.050991192966248294 1.5524735588944567 0.0 -5.6021464908659506e-06 0.003742698886212188 0.0 0.0
0.0 -0.0036288657324400207 0.0 0.4814277747303616 0.0 0.05112481115474762 0.05112481115474595 0.05112481115474762 0.05112481115474595 1.5524735588945449 0.0 -5.6021464834611386e-06 0.003742698886211523 0.0 0.0
0.0 -0.0036265928828652424 0.0 0.48186820093904503 0.0 0.05123903704547236 0.051239037045472356 0.051239037045471586 0.05123903704588839 1.5524735588947078 0.0 -5.602146473137943e-06 0.0037426988862114753 0.0 0.0
0.0 -0.0036220808369605804 0.0 0.4823240137309618 0.0 0.051327783142335826 0.051327783142335826 0.051327783142042595 0.051327783142042595 1.5524735588948275 0.0 -5.602146470232654e-06 0.0037426988862121154 0.0 0.0
0.0 -0.0036160459817675033 0.0 0.4827791410304578 0.0 0.05139552446675948 0.05139552446675948 0.05139552446675948 0.05139552446675948 1.552473558894873 0.0 -5.6021464704571694e-06 0.0037426988862126046 0.0 0.0
0.0 -0.0036090844181932984 0.0 0.4832225122054311 0.0 0.05144674405928395 0.05144674405928395 0.05144674405936879 0.05144674405936878 1.552473558894889 0.0 -5.602146472919617e-06 0.003742698886212916 0.0 0.0
0.0 -0.003601489298854917 0.0 0.4836510814188568 0.0 0.051484437561828744 0.051484437561828744 0.05148443756182875 0.0514844375621884 1.5524735588948944 0.0 -5.60214647573742e-06 0.003742698886213098 0.0 0.0
0.0 -0.003593451905304276 0.0 0.48406680052966883 0.0 0.05151185867179532 0.051511858671795314 0.051511858671795314 0.05151185867252255 1.552473558894896 0.0 -5.602146477951762e-06 0.0037426988862131914 0.0 0.0
0.0 -0.0035850770858554385 0.0 0.48447064359355185 0.0 0.05153075925707979 0.05153075925707978 0.05153075925707979 0.05153075925708063 1.5524735588948966 0.0 -5.602146479824034e-06 0.0037426988862132426 0.0 0.0
0.0 -0.003576306930377885 0.0 0.48486959014598763 0.0 0.05154265076835147 0.051542650768351454 0.05154265076833336 0.051542650768346805 1.5524735588948966 0.0 -5.602146480531559e-06 0.003742698886213268 0.0 0.0
0.0 -0.0035671245124199486 0.0 0.48526662981037344 0.0 0.05154828812957176 0.05154828812957176 0.05154828812957176 0.05154828812953068 1.5524735588948966 0.0 -5.602146480780844e-06 0.0037426988862132807 0.0 0.0
0.0 -0.0035573501470850546 0.0 0.4856707576898971 0.0 0.05154818584805756 0.05154818584805756 0.05154818584805758 0.05154818584805756 1.5524735588948966 0.0 -5.6021464796762015e-06 0.003742698886213284 0.0 0.0
0.0 -0.0035468635482330314 0.0 0.4860869752280877 0.0 0.05154235194154164 0.05154235194154164 0.05154235194155984 0.05154235194156675 1.5524735588948966 0.0 -5.602146477673346e-06 0.0037426988862132907 0.0 0.0
0.0 -0.0035355019574181677 0.0 0.48652128790474625 0.0 0.05153054599317779 0.05153054599317779 0.05153054599317656 0.05153054599482776 1.5524735588948968 0.0 -5.602146474343354e-06 0.0037426988862133146 0.0 0.0
0.0 -0.0035230360866638387 0.0 0.4869817055246545 0.0 0.05151228075708445 0.05151228075708445 0.05151228075708268 0.051512280757080926 1.552473558894897 0.0 -5.60214646875573e-06 0.003742698886213364 0.0 0.0
0.0 -0.0035093144618233594 0.0 0.4874722404853557 0.0 0.05148681253319165 0.05148681253319165 0.05148681253263414 0.05148681253319165 1.5524735588948984 0.0 -5.602146461002436e-06 0.0037426988862134586 0.0 0.0
0.0 -0.0034940525496880647 0.0 0.4880009138343452 0.0 0.05145290396125739 0.05145290396125739 0.051452903961256825 0.05145290396125801 1.552473558894902 0.0 -5.602146448898741e-06 0.0037426988862136424 0.0 0.0
0.0 -0.0034770988761146306 0.0 0.48857173796916464 0.0 0.05140981134272283 0.05140981134272304 0.05140981134272283 0.05140981134272283 1.5524735588949106 0.0 -5.602146432066545e-06 0.0037426988862139603 0.0 0.0
0.0 -0.00345822415312372 0.0 0.4891927226945707 0.0 0.05135704743036868 0.05135704743036871 0.05135704743036868 0.05135704743036871 1.552473558894928 0.0 -5.602146406497986e-06 0.0037426988862144833 0.0 0.0
0.0 -0.0034372287921181 0.0 0.48986988098549505 0.0 0.05129387173228433 0.05129387173228456 0.05129387173228483 0.05129387173240785 1.5524735588949614 0.0 -5.602146369393257e-06 0.003742698886215332 0.0 0.0
0.0 -0.003413969938355854 0.0 0.49061220044992404 0.0 0.051221298831280675 0.051221298831280675 0.051221298831280675 0.05122129883147273 1.5524735588950098 0.0 -5.602146312914127e-06 0.003742698886216535 0.0 0.0
0.0 -0.0033882934527997522 0.0 0.4914306617780671 0.0 0.051140846592635 0.05114084659263499 0.051140846592635 0.051140846592853985 1.5524735588950682 0.0 -5.602146224789387e-06 0.0037426988862181523 0.0 0.0
0.0 -0.0033547671071401442 0.0 0.4925115135395115 0.0 0.05103981131453048 0.05103981131453048 0.05103981131453048 0.05103981131453048 1.5524735588953253 0.0 -5.602145669221327e-06 0.0037426988862267144 0.0 0.0
0.0 -0.003308880291064828 0.0 0.49401792270550116 0.0 0.05091045316799544 0.05091045316799544 0.0509104531680553 0.05091045316799544 1.5524735588960548 0.0 -5.6021433625486254e-06 0.003742698886256161 0.0 0.0
0.0 -0.0032520574717505232 0.0 0.49592570995143415 0.0 0.05076423540223393 0.05076423540223393 0.05076423540223393 0.05076423540223625 1.5524735588968008 0.0 -5.602138378948601e-06 0.0037426988863015808 0.0 0.0
0.0 -0.0031858208339224717 0.0 0.4982096806727834 0.0 0.05061361981382419 0.05061361981382634 0.050613619812678125 0.05061361981382634 1.5524735588970577 0.0 -5.6021296712450245e-06 0.003742698886348413 0.0 0.0
0.0 -0.003111667016463747 0.0 0.5008426546799442 0.0 0.05047006484169351 0.05047006484168373 0.05047006484169351 0.050470064839072855 1.5524735588966934 0.0 -5.60211645755321e-06 0.00374269888637786 0.0 0.0
0.0 -0.0030312298707029918 0.0 0.5037894607227715 0.0 0.050344265980467984 0.050344265980467984 0.05034426598568976 0.05034426598568976 1.5524735588959602 0.0 -5.602098770064903e-06 0.003742698886373173 0.0 0.0
0.0 -0.0029459902851672053 0.0 0.5070159540751438 0.0 0.050245170077927566 0.05024517007792716 0.05024517007792757 0.05024517007792757 1.5524735588953027 0.0 -5.602076925895479e-06 0.0037426988863338505 0.0 0.0
0.0 -0.002857376567729235 0.0 0.5104810329706087 0.0 0.05017871228553787 0.050178712286197004 0.05017871228619961 0.05017871228619962 1.5524735588949736 0.0 -5.602052490579175e-06 0.003742698886277061 0.0 0.0
0.0 -0.002766669705695034 0.0 0.5141436256241461 0.0 0.050148827435925185 0.05014882743592521 0.05014882749499857 0.05014882749500676 1.552473558894898 0.0 -5.6020271424505185e-06 0.0037426988862285324 0.0 0.0
0.0 -0.0026749537623553784 0.0 0.5179617049363038 0.0 0.05015644850106757 0.050156448501067576 0.05015644850106756 0.050156448168473984 1.5524735588948972 0.0 -5.602002963656265e-06 0.003742698886212857 0.0 0.0
0.0 -0.002583147065396434 0.0 0.5218932775351571 0.0 0.05020025757795926 0.05020025758591495 0.05020025758607873 0.0502002576733362 1.552473558894891 0.0 -5.601981997059001e-06 0.0037426988861925642 0.0 0.0
0.0 -0.0024919300354399676 0.0 0.5258993846378891 0.0 0.0502766919734492 0.0502766919734492 0.05027669197626298 0.050276691928362066 1.5524735588948542 0.0 -5.601965581949481e-06 0.0037426988861454648 0.0 0.0
0.0 -0.0024017748850214704 0.0 0.5299421052251962 0.0 0.05037968963245923 0.05037968963245923 0.05037968966657197 0.050379689664970244 1.5524735588947656 0.0 -5.601954966641226e-06 0.0037426988860857764 0.0 0.0
0.0 -0.002313026409819309 0.0 0.5339865303801737 0.0 0.05050244351569302 0.05050244351559002 0.05050244351559004 0.05050244354195224 1.5524735588946383 0.0 -5.601950559988243e-06 0.003742698886029684 0.0 0.0
0.0 -0.0022259685183429177 0.0 0.5379987589686402 0.0 0.05063764796186341 0.0506376479618651 0.050637647961865116 0.05063764798579152 1.5524735588945193 0.0 -5.601952637323004e-06 0.0037426988859917214 0.0 0.0
0.0 -0.0021407392872450606 0.0 0.5419479057060362 0.0 0.05077700202585735 0.05077700202585735 0.050777002026667954 0.0507770020480704 1.5524735588944705 0.0 -5.601960612393341e-06 0.0037426988859830626 0.0 0.0
0.0 -0.002057659455177997 0.0 0.5458000619618366 0.0 0.05091370017509783 0.05091370017424161 0.05091370017424162 0.05091370017501493 1.5524735588945 0.0 -5.6019745917964165e-06 0.003742698886000562 0.0 0.0
0.0 -0.00197696481639638 0.0 0.5495233271670785 0.0 0.051040439989681254 0.051040439989681254 0.051040439989681254 0.051040439989679734 1.5524735588946006 0.0 -5.601993286409738e-06 0.003742698886041043 0.0 0.0
0.0 -0.0018990809582892917 0.0 0.5530847667371148 0.0 0.05115216780526898 0.05115216780531397 0.051152167805312294 0.051152167805312294 1.5524735588947152 0.0 -5.602015575459864e-06 0.003742698886089922 0.0 0.0
0.0 -0.0018245736578070503 0.0 0.5564494267703645 0.0 0.05124507693830925 0.051245076938311235 0.051245076911411586 0.051245076938311235 1.5524735588948078 0.0 -5.602040106093069e-06 0.0037426988861367916 0.0 0.0
0.0 -0.0017488892869730824 0.0 0.5598173123132066 0.0 0.05132298860520913 0.051322988605209126 0.05132298860520913 0.05132298860514887 1.552473558894851 0.0 -5.602037698768381e-06 0.0037426988861592333 0.0 0.0
0.0 -0.0016674133243538558 0.0 0.5633894364082359 0.0 0.051389225590972684 0.05138922559097268 0.05138922559097269 0.05138922559114855 1.5524735588948713 0.0 -5.602006267923524e-06 0.003742698886169343 0.0 0.0
0.0 -0.0015809197483844237 0.0 0.5671298076251421 0.0 0.05144247998991669 0.051442479989926945 0.05144247998992694 0.05144247992255887 1.552473558894885 0.0 -5.601974586115941e-06 0.003742698886182257 0.0 0.0
0.0 -0.0014902250156554797 0.0 0.5710014302907372 0.0 0.051481692269419996 0.05148169226942001 0.05148169226941999 0.05148169226942 1.5524735588948928 0.0 -5.6019450193116866e-06 0.003742698886195586 0.0 0.0
0.0 -0.0013962560732161677 0.0 0.5749672862451244 0.0 0.05150730317116209 0.05150730317116211 0.05150730317109971 0.05150730338397949 1.5524735588948961 0.0 -5.601919809661707e-06 0.003742698886205633 0.0 0.0
0.0 -0.0012999342262069095 0.0 0.5789913538667999 0.0 0.05152000487920429 0.05152000504718581 0.05152000548420017 0.0515200054833816 1.5524735588948972 0.0 -5.601900745591236e-06 0.0037426988862116384 0.0 0.0
0.0 -0.0012022119677819638 0.0 0.5830386005755803 0.0 0.051521241855147504 0.051521241862849836 0.05152124184358108 0.0515212439148956 1.5524735588948977 0.0 -5.601889176063575e-06 0.0037426988862132244 0.0 0.0
0.0 -0.0011041507926460967 0.0 0.5870709854346251 0.0 0.05151295402809061 0.05151295402859103 0.051512954028090585 0.051512954028591025 1.5524735588948972 0.0 -5.6018869292918605e-06 0.0037426988862152627 0.0 0.0
0.0 -0.0010067527977151761 0.0 0.5910544611474885 0.0 0.051497586058062504 0.05149758605806251 0.0514975860577683 0.051497586057474086 1.5524735588948968 0.0 -5.601893401029468e-06 0.003742698886219121 0.0 0.0
0.0 -0.0009110681936821375 0.0 0.5949529798465267 0.0 0.05147758110724709 0.05147758110724709 0.05147758110724708 0.05147758110724708 1.5524735588948966 0.0 -5.60190878408465e-06 0.003742698886222392 0.0 0.0
0.0 -0.0008181103618377024 0.0 0.5987305011494946 0.0 0.05145488169717396 0.05145488169717396 0.05145488179726685 0.05145488181128776 1.5524735588948966 0.0 -5.601932014697145e-06 0.00374269888622422 0.0 0.0
0.0 -0.0007288813989561234 0.0 0.602352977747778 0.0 0.051431933821981114 0.051431933822025766 0.051431933821853265 0.05143193391394681 1.5524735588948966 0.0 -5.601960935544342e-06 0.0037426988862236193 0.0 0.0
0.0 -0.0006443762713664503 0.0 0.6057843730008662 0.0 0.05141042992643658 0.05141042992643659 0.05141042992643658 0.051410429926270186 1.5524735588948966 0.0 -5.601993757528801e-06 0.0037426988862215 0.0 0.0
0.0 -0.0005655531151649842 0.0 0.6089886577570995 0.0 0.0513915624782985 0.051391562478132265 0.05139156247834036 0.05139156238939853 1.5524735588948966 0.0 -5.602027866633068e-06 0.0037426988862189156 0.0 0.0
0.0 -0.0004933275942791733 0.0 0.6119308068996893 0.0 0.051376275460737864 0.051376275460737864 0.05137627546073787 0.05137627546069223 1.5524735588948966 0.0 -5.602060471221424e-06 0.003742698886216449 0.0 0.0
0.0 -0.0004285601272713528 0.0 0.6145758065581866 0.0 0.05136476287870979 0.05136476287870979 0.051364762780227544 0.05136476287889428 1.5524735588948966 0.0 -5.6020892484615805e-06 0.003742698886214818 0.0 0.0
0.0 -0.0003721167747305492 0.0 0.6168876463259805 0.0 0.0513569669488199 0.051356966931590906 0.05135696693138733 0.05135696682291514 1.5524735588948968 0.0 -5.602112512854818e-06 0.003742698886213832 0.0 0.0
0.0 -0.0003248267668873712 0.0 0.6188303232972671 0.0 0.05135232983302713 0.051352329832939636 0.05135232980981839 0.05135232980958868 1.5524735588948968 0.0 -5.602129293295368e-06 0.003742698886213434 0.0 0.0
0.0 -0.0002874528042641681 0.0 0.6203698388990246 0.0 0.051350046958551984 0.051350046958551984 0.051350046958551956 0.05135004695828984 1.5524735588948966 0.0 -5.602139622530166e-06 0.003742698886213313 0.0 0.0
0.0 -0.0002608538160528236 0.0 0.6214681934125562 0.0 0.05134930727230237 0.05134930727230238 0.05134930727230237 0.05134930727230237 1.5524735588948966 0.0 -5.602144695842732e-06 0.0037426988862132894 0.0 0.0
0.0 -0.00024017439542182656 0.0 0.6223234627496302 0.0 0.05134917800831807 0.05134917800831808 0.05134917800831807 0.05134917827846241 1.5524735588948966 0.0 -5.6021458288471345e-06 0.003742698886213284 0.0 0.0
0.0 -0.0002201572930991108 0.0 0.6231527170769312 0.0 0.05134950726270138 0.051349507262701356 0.05134950726270142 0.05134950726270138 1.5524735588948966 0.0 -5.602145903121639e-06 0.003742698886213284 0.0 0.0
0.0 -0.0002008081510133324 0.0 0.6239549598615967 0.0 0.05135001168123221 0.05135001136658954 0.05135001116464992 0.05135013855387726 1.5524735588948966 0.0 -5.602145973860337e-06 0.003742698886213284 0.0 0.0
0.0 -0.0001821750836166837 0.0 0.6247281905262302 0.0 0.05135078265523568 0.0513507826552356 0.05135078265523565 0.05135078265599019 1.5524735588948966 0.0 -5.602146043000714e-06 0.003742698886213287 0.0 0.0
0.0 -0.00016433026259352217 0.0 0.6254694082047262 0.0 0.05135172093785402 0.051351720937854006 0.05135172056005674 0.05135172093856174 1.5524735588948966 0.0 -5.602146111498704e-06 0.0037426988862132846 0.0 0.0
0.0 -0.00014731616024874506 0.0 0.6261776088607637 0.0 0.051353106106575716 0.0513531061065757 0.05135310627387257 0.051353106273913936 1.5524735588948966 0.0 -5.602146173939943e-06 0.0037426988862132846 0.0 0.0
0.0 -0.00013112564580757748 0.0 0.6268508031596619 0.0 0.05135418543007627 0.05135418543007627 0.051354185430076284 0.05135418521032918 1.5524735588948966 0.0 -5.602146231733418e-06 0.003742698886213284 0.0 0.0
0.0 -0.00011586772110751676 0.0 0.6274859827401673 0.0 0.05135545362649739 0.05135545362677065 0.05135545362649738 0.051355453772645325 1.5524735588948966 0.0 -5.6021462855166784e-06 0.0037426988862132846 0.0 0.0
0.0 -0.00010156644337957022 0.0 0.6280821473135433 0.0 0.051356909450549645 0.05135690945054964 0.051356909450515076 0.05135690945070698 1.5524735588948966 0.0 -5.602146331846967e-06 0.003742698886213283 0.0 0.0
0.0 -8.82330969193954e-05 0.0 0.6286373037975433 0.0 0.05135804948567273 0.05135804948569561 0.05135804948569562 0.05135804936312585 1.5524735588948966 0.0 -5.602146371927302e-06 0.003742698886213284 0.0 0.0
0.0 -7.597668357147627e-05 0.0 0.6291484438309051 0.0 0.05135936894280673 0.05135936894280672 0.05135936894281795 0.051359368936816384 1.5524735588948966 0.0 -5.602146406339824e-06 0.003742698886213284 0.0 0.0
0.0 -6.480284548192446e-05 0.0 0.6296145708724864 0.0 0.05136061626925817 0.05136061626925817 0.05136061626466353 0.051360616269258176 1.5524735588948966 0.0 -5.6021464335889355e-06 0.0037426988862132838 0.0 0.0
0.0 -5.474128203226451e-05 0.0 0.6300336880924619 0.0 0.05136153821160162 0.051361538211623876 0.05136153821162387 0.05136153812769069 1.5524735588948966 0.0 -5.60214645486321e-06 0.003742698886213284 0.0 0.0
0.0 -4.5900995060129635e-05 0.0 0.630402787129574 0.0 0.05136262997264108 0.05136262997254877 0.051362629974840084 0.05136262997474777 1.5524735588948966 0.0 -5.602146470937129e-06 0.003742698886213284 0.0 0.0
0.0 -3.826921163890893e-05 0.0 0.6307208751902662 0.0 0.051363389952517595 0.05136338995251759 0.051363389952517595 0.051363389895675494 1.5524735588948966 0.0 -5.602146481858637e-06 0.003742698886213284 0.0 0.0
0.0 -3.191246130074055e-05 0.0 0.6309859479495643 0.0 0.0513640649150837 0.05136406491508371 0.0513640649150837 0.05136406491516485 1.5524735588948966 0.0 -5.602146488839134e-06 0.003742698886213284 0.0 0.0
0.0 -2.690291572985168e-05 0.0 0.63119500454136 0.0 0.051364650093440774 0.051364650093440795 0.05136465009343763 0.05136465009349715 1.5524735588948966 0.0 -5.602146492837439e-06 0.003742698886213284 0.0 0.0
0.0 -2.324621707704103e-05 0.0 0.6313470484245304 0.0 0.0513648938069129 0.05136489380700698 0.05136489385723065 0.05136489385723064 1.5524735588948966 0.0 -5.602146494658959e-06 0.003742698886213284 0.0 0.0
0.0 -2.1027829226545943e-05 0.0 0.6314400524218112 0.0 0.05136529298682284 0.05136529298682284 0.05136529298682283 0.05136529297902367 1.552473558894001 0.0 -5.599707278331411e-06 0.0037426988862132794 0.0 0.0
