0.0 0.0008158495810181739 0.0 0.5518724402142816 0.0 0.013707179501551203 0.013707179501529438 0.013707179535550626 0.013707179191251823 1.5524735603778712 0.0 -5.6021504550184635e-06 0.0037426988862078454 0.0 0.0
0.0 0.0006912705367184092 0.0 0.5467397308679702 0.0 0.013714451087655934 0.01371445108765596 0.013714451087655783 0.01371445108854701 1.5524735588948946 0.0 -5.602705614438029e-06 0.003742698886214466 0.0 0.0
0.0 0.000563530592624931 0.0 0.5416173233889717 0.0 0.013768250298512127 0.01376825029851213 0.013768250298351934 0.013768250298318872 1.5524735588948952 0.0 -5.602716970944321e-06 0.003742698886257324 0.0 0.0
0.0 0.0004323663070134737 0.0 0.5365171130347238 0.0 0.01387609457929576 0.013876094579312782 0.013876094495841599 0.013876094495841615 1.5524735588948597 0.0 -5.60272329509553e-06 0.0037426988863846415 0.0 0.0
0.0 0.00029752668723610195 0.0 0.5314499980501598 0.0 0.014045002489376944 0.014045002489376948 0.0140450024857271 0.014045002536005942 1.5524735588946363 0.0 -5.6027247601249515e-06 0.0037426988866275175 0.0 0.0
0.0 0.00015899002800330046 0.0 0.5264348864538195 0.0 0.014281505633319435 0.014281505633319435 0.014281505633319426 0.014281505633319433 1.5524735588938396 0.0 -5.602717547383397e-06 0.0037426988870124618 0.0 0.0
0.0 1.6801154095226522e-05 0.0 0.5214926906121673 0.0 0.014591888552980237 0.014591888552980237 0.014591888552979307 0.01459188855297931 1.552473558891679 0.0 -5.602700752862348e-06 0.003742698887560019 0.0 0.0
0.0 -0.00012885640882857413 0.0 0.516649328075597 0.0 0.014982193853948467 0.014982193853948469 0.014982193853374936 0.014982193853374935 1.5524735588867147 0.0 -5.6026725798968574e-06 0.0037426988882772686 0.0 0.0
0.0 -0.0002775443005459011 0.0 0.5119367406150793 0.0 0.015456973523342648 0.015456973523342648 0.015456973523342648 0.015456973523342648 1.5524735588767293 0.0 -5.602631588650492e-06 0.003742698889135249 0.0 0.0
0.0 -0.0004286911017510516 0.0 0.5073908786673984 0.0 0.016020285889921014 0.01602028588992101 0.016020285883223278 0.01602028588322344 1.5524735588583907 0.0 -5.602578369620901e-06 0.003742698890084691 0.0 0.0
0.0 -0.0005814521437331132 0.0 0.5030537206398835 0.0 0.016674448623416018 0.016674448623416018 0.016674448623416018 0.01667444862350229 1.5524735588274972 0.0 -5.602514177823662e-06 0.003742698891024515 0.0 0.0
0.0 -0.0007348553399722262 0.0 0.49897025706966713 0.0 0.01742103410865905 0.017421034108659052 0.017421034110395223 0.01742103410865908 1.5524735587786038 0.0 -5.602442971786051e-06 0.003742698891840541 0.0 0.0
0.0 -0.0008875816950121454 0.0 0.49519152145340517 0.0 0.018258873926245655 0.018258873926245655 0.01825887392624565 0.018258873926243823 1.552473558706899 0.0 -5.602369160513712e-06 0.0037426988923638703 0.0 0.0
0.0 -0.001038153608027106 0.0 0.49177057036580846 0.0 0.019185302638610527 0.01918530263861053 0.01918530263861053 0.019185302639656898 1.552473558607785 0.0 -5.602299194179714e-06 0.0037426988924612885 0.0 0.0
0.0 -0.0011848612133519743 0.0 0.4887624984324119 0.0 0.02019515764684124 0.02019515764684124 0.02019515764682179 0.02019515764684294 1.5524735584797538 0.0 -5.6022390944739565e-06 0.0037426988920309986 0.0 0.0
0.0 -0.0013258104953555372 0.0 0.4862224377427582 0.0 0.021280775980873568 0.021280775980875643 0.02128077598087561 0.021280775983073267 1.5524735583256672 0.0 -5.602193485909411e-06 0.003742698891067218 0.0 0.0
0.0 -0.001458838344942159 0.0 0.4842075659113667 0.0 0.02243149744221848 0.02243149744222271 0.022431497442222715 0.022431497442209045 1.5524735581554685 0.0 -5.602163978213446e-06 0.0037426988896767347 0.0 0.0
0.0 -0.0015816625444708221 0.0 0.48277010780363355 0.0 0.023633403337240427 0.023633403337240417 0.02363340333528728 0.023633403337240424 1.5524735579873454 0.0 -5.602149118716178e-06 0.0037426988881331183 0.0 0.0
0.0 -0.0016919667128837898 0.0 0.4819553274619138 0.0 0.02486981334380243 0.02486981334380243 0.024869813343802425 0.024869813342502815 1.5524735578448121 0.0 -5.602144182994989e-06 0.0037426988868239524 0.0 0.0
0.0 -0.0017873578319189155 0.0 0.4818025321591328 0.0 0.026121037074468445 0.026121037074467886 0.02612103707446844 0.026121037074765836 1.5524735577553377 0.0 -5.602143450082899e-06 0.0037426988861533088 0.0 0.0
0.0 -0.001865949571265321 0.0 0.48233300899819204 0.0 0.027368355396246147 0.027368355396247802 0.027368355396247802 0.027368355394482045 1.5524735577292883 0.0 -5.602143323072873e-06 0.003742698885896338 0.0 0.0
0.0 -0.0019270047040343468 0.0 0.48352102778132666 0.0 0.028593223833433767 0.02859322383343377 0.02859322383343377 0.02859322383343377 1.5524735577715896 0.0 -5.602142289792796e-06 0.0037426988849935073 0.0 0.0
0.0 -0.0019701622997930117 0.0 0.485319878471518 0.0 0.029775313971303133 0.029775313971303143 0.029775313971307733 0.029775313971307744 1.5524735578850302 0.0 -5.602137622982945e-06 0.003742698883672349 0.0 0.0
0.0 -0.001995548523172743 0.0 0.4876747887572141 0.0 0.030898285110649702 0.0308982851106497 0.030898285110649702 0.03089828511064973 1.552473558042993 0.0 -5.602126103419177e-06 0.0037426988822762764 0.0 0.0
0.0 -0.0020037101077215237 0.0 0.4905249283890133 0.0 0.03194953749488583 0.03194953749487085 0.03194953749487087 0.0319495374977974 1.5524735582180555 0.0 -5.60210553545291e-06 0.0037426988811125154 0.0 0.0
0.0 -0.0019955902997028183 0.0 0.4938044094755956 0.0 0.032920213926216066 0.03292021392621608 0.03292021392621606 0.032920213926216066 1.5524735583867582 0.0 -5.602075701915376e-06 0.0037426988803848263 0.0 0.0
0.0 -0.001972286797735294 0.0 0.4974493034927354 0.0 0.03380421084212958 0.033804210842129576 0.03380421084212532 0.033804210842129576 1.5524735585346123 0.0 -5.602038002459151e-06 0.003742698880160785 0.0 0.0
0.0 -0.0019351197698787123 0.0 0.5013986228305892 0.0 0.03459943010714008 0.03459943010714008 0.034599430107140096 0.03459943010714009 1.5524735586522584 0.0 -5.601995063672388e-06 0.0037426988803818096 0.0 0.0
0.0 -0.0018855085922303391 0.0 0.5055933504836362 0.0 0.03530577711257914 0.03530577711257913 0.03530577711257915 0.03530577711257915 1.5524735587399368 0.0 -5.601950468868985e-06 0.003742698880949092 0.0 0.0
0.0 -0.0018249308630423583 0.0 0.5099804299513842 0.0 0.03592591729125256 0.03592591729125256 0.03592591729125255 0.035925917292297604 1.5524735588006644 0.0 -5.601907306716346e-06 0.0037426988817131426 0.0 0.0
0.0 -0.0017548175559565426 0.0 0.5145117911838741 0.0 0.03646352425158857 0.03646352425158857 0.03646352425158855 0.036463524251642274 1.552473558840544 0.0 -5.601868347142865e-06 0.003742698882556368 0.0 0.0
0.0 -0.0016765969793077547 0.0 0.5191463324146864 0.0 0.03692453316328968 0.03692453316328968 0.03692453316328968 0.036924533163178855 1.5524735588649425 0.0 -5.60183513361765e-06 0.003742698883364151 0.0 0.0
0.0 -0.001591656458276418 0.0 0.5238469417884009 0.0 0.03731563572195853 0.03731563572198909 0.037315635722186456 0.03731563573024904 1.5524735588791063 0.0 -5.601809104334993e-06 0.0037426988840782087 0.0 0.0
0.0 -0.0015012276901416016 0.0 0.528584502249395 0.0 0.03764403653290773 0.03764403653292949 0.03764403653260118 0.037644036532580034 1.552473558886914 0.0 -5.601789796881434e-06 0.0037426988846668585 0.0 0.0
0.0 -0.0014065438607833132 0.0 0.533332882623474 0.0 0.037917945147029605 0.037917945147029605 0.03791794514702961 0.037917945146509154 1.5524735588909673 0.0 -5.60177749148418e-06 0.0037426988851211964 0.0 0.0
0.0 -0.0013086385675587806 0.0 0.5380719647005883 0.0 0.03814483063043413 0.03814483063043414 0.03814483063043414 0.03814483063123735 1.5524735588930119 0.0 -5.6017710674968565e-06 0.0037426988854598847 0.0 0.0
0.0 -0.0012085893684486183 0.0 0.5427836121170484 0.0 0.03833341544213608 0.03833341544213608 0.0383334154420851 0.03833341544213609 1.5524735588939775 0.0 -5.6017702931939595e-06 0.00374269888569444 0.0 0.0
0.0 -0.0011072189879226962 0.0 0.5474557127152276 0.0 0.038490931433394875 0.038490931433394875 0.03849093143339487 0.03849093143506594 1.5524735588944378 0.0 -5.601773423943312e-06 0.003742698885854643 0.0 0.0
0.0 -0.0010053629228959024 0.0 0.5520771471421656 0.0 0.038625112147325225 0.038625112147334134 0.038625112147334134 0.03862511210394258 1.552473558894648 0.0 -5.601780172844102e-06 0.0037426988859568227 0.0 0.0
0.0 -0.0009038198404141442 0.0 0.5566368035419866 0.0 0.03874319100523355 0.038743191005233525 0.038743191005233546 0.038743191005315855 1.5524735588947436 0.0 -5.6017904786967285e-06 0.0037426988860184366 0.0 0.0
0.0 -0.0008038763679379333 0.0 0.5610926136474704 0.0 0.03884885125725658 0.038848851257256595 0.03884885125725659 0.038848851257256595 1.552473558894796 0.0 -5.601813522897237e-06 0.0037426988860632636 0.0 0.0
0.0 -0.0007058633535795095 0.0 0.5654186298653805 0.0 0.038938050592367324 0.03893805059236733 0.03893805060142758 0.03893805060144455 1.5524735588948435 0.0 -5.601843185716056e-06 0.003742698886111949 0.0 0.0
0.0 -0.0006089738264902998 0.0 0.569633928782139 0.0 0.03900606877657305 0.039006068776573054 0.03900606877657305 0.03900606876942483 1.552473558894877 0.0 -5.601866307187579e-06 0.0037426988861573684 0.0 0.0
0.0 -0.0005125410023971814 0.0 0.5737555677817426 0.0 0.039049432523200964 0.03904943252320098 0.03904943252320097 0.03904943252270258 1.552473558894893 0.0 -5.60188417623712e-06 0.0037426988861919224 0.0 0.0
0.0 -0.00041592779650545606 0.0 0.5777986074164865 0.0 0.039064415329041 0.03906441532904102 0.03906441532904102 0.0390644153296294 1.5524735588948972 0.0 -5.601897811697224e-06 0.003742698886211035 0.0 0.0
0.0 -0.0003185339542531113 0.0 0.5817781007381199 0.0 0.03904779074787616 0.03904779074787617 0.03904779076403755 0.03904779076397722 1.5524735588948961 0.0 -5.60190756356318e-06 0.0037426988862219552 0.0 0.0
0.0 -0.00021978892055215447 0.0 0.5857071039713212 0.0 0.03899607912919177 0.038996079129191764 0.03899607912919176 0.038996079098312375 1.55247355889495 0.0 -5.601914141962654e-06 0.003742698886287451 0.0 0.0
0.0 -0.00011917589678624936 0.0 0.5895956762233011 0.0 0.038905545900215 0.038905545900215 0.038905545900214014 0.03890554588448065 1.552473558895493 0.0 -5.601918370563769e-06 0.0037426988864329683 0.0 0.0
0.0 -1.6135612499214126e-05 0.0 0.5934548806294963 0.0 0.0387722081204786 0.0387722081204786 0.0387722081204786 0.038772208112065394 1.5524735588978114 0.0 -5.601920060581822e-06 0.003742698886682343 0.0 0.0
0.0 8.980210492335145e-05 0.0 0.5972897898483525 0.0 0.03859132309480157 0.03859132309480157 0.03859132309480157 0.03859132309480175 1.5524735589049496 0.0 -5.6019206176147674e-06 0.003742698887069632 0.0 0.0
0.0 0.00019915703017605528 0.0 0.6011044912307036 0.0 0.03835714638522876 0.03835714638522881 0.03835714638522881 0.038357146385256606 1.5524735589235708 0.0 -5.601920275180991e-06 0.0037426988876441453 0.0 0.0
0.0 0.0003123470662877483 0.0 0.6048980744391838 0.0 0.03806367550669217 0.03806367550669217 0.03806367550669217 0.03806367550664965 1.5524735589668373 0.0 -5.601920240404228e-06 0.0037426988884573303 0.0 0.0
0.0 0.00042970101624254317 0.0 0.608663638649091 0.0 0.03770414826602625 0.03770414826602625 0.03770414826602625 0.03770414826602625 1.5524735590603416 0.0 -5.6019220250279236e-06 0.003742698889570448 0.0 0.0
0.0 0.0005515194687951956 0.0 0.6123893003287517 0.0 0.037270544312643435 0.037270544312643435 0.03727054431033624 0.037270544310310044 1.552473559253987 0.0 -5.601926962180777e-06 0.0037426988910582485 0.0 0.0
0.0 0.0006779120375014679 0.0 0.6160521877722998 0.0 0.03675382558840928 0.036753825588409283 0.03675382558844653 0.036753825588409346 1.552473559642137 0.0 -5.601937787803285e-06 0.0037426988929661516 0.0 0.0
0.0 0.000808753395053331 0.0 0.6196204229216874 0.0 0.036145189785174794 0.03614518978517473 0.036145189785174725 0.0361451897851748 1.5524735603891997 0.0 -5.60195648782501e-06 0.0037426988952590696 0.0 0.0
0.0 0.0009436366390679045 0.0 0.6230481349232682 0.0 0.03543506229100908 0.03543506229100908 0.03543506229100908 0.03543506229100908 1.552473561794263 0.0 -5.601985485517749e-06 0.003742698897796915 0.0 0.0
0.0 0.001081660919474733 0.0 0.6262704399385524 0.0 0.034614338501794205 0.0346143385017942 0.034614338501794205 0.034614338501778766 1.5524735643599405 0.0 -5.6020266600222884e-06 0.0037426989001785576 0.0 0.0
0.0 0.0012214724074445548 0.0 0.6292074310368191 0.0 0.03367514055469234 0.033675140554692395 0.033675140554692395 0.03367514055472555 1.5524735688984017 0.0 -5.602078845802213e-06 0.003742698901752222 0.0 0.0
0.0 0.0013608466926574383 0.0 0.6317521485147456 0.0 0.03261254847701669 0.032612548477016674 0.03261254847701668 0.03261254847701663 1.5524735765962077 0.0 -5.602139986397946e-06 0.003742698901481622 0.0 0.0
0.0 0.0014960725922976627 0.0 0.6337754314054177 0.0 0.03143460803540958 0.03143460803540957 0.03143460803540957 0.031434608035403586 1.5524735881577743 0.0 -5.602203200796782e-06 0.0037426988982696727 0.0 0.0
0.0 0.0016232194330805375 0.0 0.6351829105857881 0.0 0.030163834438193992 0.030163834438194006 0.03016383443819401 0.03016383444052745 1.5524735588950223 0.0 -5.602146495703924e-06 0.0037426988862132816 0.0 0.0
0.0 0.001739334862859545 0.0 0.6359162558979411 0.0 0.028821275066479694 0.028821275066479687 0.028821275066479694 0.028821275066479687 1.5524735588951555 0.0 -5.60214649605936e-06 0.003742698886213281 0.0 0.0
0.0 0.0018416929941076647 0.0 0.6359350955824723 0.0 0.02743081210726319 0.02743081210726319 0.02743081210720365 0.027430812107203655 1.5524735588953653 0.0 -5.60214649661929e-06 0.003742698886213276 0.0 0.0
0.0 0.0019278452462296051 0.0 0.6352130511231843 0.0 0.02601715760333164 0.026017157603331644 0.02601715760333164 0.02601715760211331 1.5524735588956489 0.0 -5.6021464973764686e-06 0.0037426988862132734 0.0 0.0
0.0 0.001995781710889658 0.0 0.6337427457416817 0.0 0.02460530410083578 0.024605304100835782 0.02460530410083578 0.02460530410083578 1.55247355889597 0.0 -5.602146498233876e-06 0.003742698886213272 0.0 0.0
0.0 0.002043999170170084 0.0 0.6315348228465629 0.0 0.023219272860463505 0.02321927286048481 0.02321927286048481 0.02321927286048481 1.55247355889626 0.0 -5.602146499007365e-06 0.00374269888621327 0.0 0.0
0.0 0.0020713935833571754 0.0 0.6286119517963367 0.0 0.02188160415795482 0.02188160415796358 0.02188160415796357 0.021881604157954822 1.552473558896432 0.0 -5.6021464994658905e-06 0.003742698886213268 0.0 0.0
0.0 0.0020773931459963984 0.0 0.6250128365493792 0.0 0.020612863625668977 0.020612863625668974 0.020612863620031965 0.020612863625668977 1.552473558896417 0.0 -5.602146499425218e-06 0.0037426988862132656 0.0 0.0
0.0 0.0020619060219200305 0.0 0.6207862326695979 0.0 0.019430382437215333 0.01943038243720926 0.019430382437215333 0.019430382430724133 1.5524735588962104 0.0 -5.6021464988735154e-06 0.0037426988862132634 0.0 0.0
0.0 0.002025296285998023 0.0 0.6159899470377029 0.0 0.018348255709841894 0.018348255709841894 0.01834825570984196 0.01834825570984196 1.5524735588958738 0.0 -5.60214649797628e-06 0.0037426988862132634 0.0 0.0
0.0 0.001968247445140681 0.0 0.6106848450315523 0.0 0.01737722748132893 0.017377227481328927 0.017377227481328927 0.01737722748140624 1.5524736327694098 0.0 -5.602806158150837e-06 0.003742698809586781 0.0 0.0
0.0 0.0018918078394699852 0.0 0.6049348308996444 0.0 0.01652406927792526 0.01652406927792517 0.016524069277917525 0.01652406927781824 1.5524736108625465 0.0 -5.602937970054679e-06 0.0037426988121153767 0.0 0.0
0.0 0.0017972876477742917 0.0 0.5988048790511116 0.0 0.015792328749204755 0.015792328749204644 0.01579232874096273 0.01579232874930883 1.5524735917167336 0.0 -5.603099275590282e-06 0.0037426988202672058 0.0 0.0
0.0 0.0016861668629625363 0.0 0.5923550142770092 0.0 0.015181605706468992 0.015181605706468993 0.015181605706476751 0.015181605698072467 1.5524735772106064 0.0 -5.603286564709738e-06 0.0037426988322570303 0.0 0.0
0.0 0.0015599895676928902 0.0 0.5856402973653585 0.0 0.014688988502268173 0.01468898850238084 0.014688988502381078 0.014688988502381076 1.5524735676560777 0.0 -5.6034920384779755e-06 0.003742698846042819 0.0 0.0
0.0 0.0014204191000707729 0.0 0.5787108363638672 0.0 0.014308305010302372 0.01430830501030237 0.014308305010302376 0.014308305010295981 1.5524735623558754 0.0 -5.6037058620703254e-06 0.003742698859412268 0.0 0.0
0.0 0.001269110585593551 0.0 0.5716087745054043 0.0 0.014030868598983857 0.014030868598983852 0.014030868603868743 0.014030868603868648 1.552473559953693 0.0 -5.6039206403965395e-06 0.0037426988706541673 0.0 0.0
0.0 0.001107662726551868 0.0 0.564366289650791 0.0 0.013845476287766917 0.01384547628776692 0.013845476287752167 0.01384547628719812 1.5524735591193288 0.0 -5.604134008201948e-06 0.003742698878776224 0.0 0.0
0.0 0.0009376884273292905 0.0 0.5570115809727628 0.0 0.013739419219045392 0.01373941921904539 0.013739419218708028 0.013739419218689555 1.552473558920335 0.0 -5.604341165617576e-06 0.0037426988836772304 0.0 0.0
