0.0 -0.0008658585662070939 0.0 0.4820209198921134 0.0 0.013619206205434777 0.013619206205302454 0.01361920622685835 0.01361920604257168 1.5524735604678441 0.0 -5.602150695265567e-06 0.0037426988862075744 0.0 0.0
0.0 -0.0008636214117409945 0.0 0.4821139322181899 0.0 0.013619352210318342 0.013619352210318337 0.013619352210318363 0.013619352210318349 1.552473558894848 0.0 -5.600296390039647e-06 0.003742698886213284 0.0 0.0
0.0 -0.0008599827341965251 0.0 0.4822659868443737 0.0 0.013619845996443785 0.013619845996443794 0.013619845996444075 0.013619845996443789 1.5524735588948966 0.0 -5.602146495058234e-06 0.003742698886213284 0.0 0.0
0.0 -0.0008549731886269518 0.0 0.48247504343613246 0.0 0.013620431174793446 0.013620431174794197 0.013620431174794207 0.013620431174794204 1.5524735588948966 0.0 -5.602146494260326e-06 0.003742698886213284 0.0 0.0
0.0 -0.0008485980232133565 0.0 0.4827401199429363 0.0 0.01362085611382868 0.013620856113828662 0.013620856113916061 0.013620856113916044 1.5524735588948966 0.0 -5.602146492502093e-06 0.003742698886213284 0.0 0.0
0.0 -0.0008409662397944155 0.0 0.4830582080035191 0.0 0.013621616078485532 0.013621616078482982 0.013621616078485542 0.013621616078485539 1.5524735588948966 0.0 -5.602146489418481e-06 0.003742698886213284 0.0 0.0
0.0 -0.0008321259528267415 0.0 0.483427307040467 0.0 0.01362270784815619 0.013622707848156177 0.013622707845979931 0.013622707903884552 1.5524735588948966 0.0 -5.602146484566257e-06 0.003742698886213284 0.0 0.0
0.0 -0.0008220643893831682 0.0 0.4838464242602197 0.0 0.013623629782675018 0.013623629782675022 0.013623629782675008 0.013623629788253466 1.5524735588948966 0.0 -5.602146477378704e-06 0.003742698886213284 0.0 0.0
0.0 -0.0008108721362252328 0.0 0.484312555049088 0.0 0.013624627075094823 0.013624627075094816 0.01362462706730955 0.013624627075094826 1.5524735588948966 0.0 -5.602146467790494e-06 0.0037426988862132838 0.0 0.0
0.0 -0.0007986157228865179 0.0 0.48482369508208245 0.0 0.013625946556421268 0.013625946556508025 0.013625946562402841 0.0136259465623161 1.5524735588948966 0.0 -5.602146455407416e-06 0.0037426988862132838 0.0 0.0
0.0 -0.0007852823764397953 0.0 0.48537885156564486 0.0 0.01362708656696582 0.013627086566977161 0.013627086566835275 0.013627086554739933 1.5524735588948966 0.0 -5.60214643962531e-06 0.003742698886213284 0.0 0.0
0.0 -0.0007709626836467689 0.0 0.48597501988608766 0.0 0.013628292351959084 0.013628292351945482 0.01362829235194546 0.013628292198703573 1.5524735588948966 0.0 -5.602146421040855e-06 0.003742698886213284 0.0 0.0
0.0 -0.0007557047589632622 0.0 0.48661019946600076 0.0 0.013629560643257764 0.013629560643257774 0.01362956064325782 0.013629560476631263 1.5524735588948966 0.0 -5.602146399318945e-06 0.003742698886213284 0.0 0.0
0.0 -0.000739514244540102 0.0 0.48728339376424895 0.0 0.01363063978650569 0.013630639786505699 0.013630639786505682 0.013630639786505706 1.5524735588948966 0.0 -5.602146373807642e-06 0.003742698886213284 0.0 0.0
0.0 -0.0007225001422173262 0.0 0.48799159441957746 0.0 0.013632025138620135 0.013632025138620133 0.013632025138620137 0.013632025116771484 1.5524735588948966 0.0 -5.602146346000441e-06 0.003742698886213284 0.0 0.0
0.0 -0.0007046553212158485 0.0 0.4887328120972966 0.0 0.0136329634301716 0.013632963430171608 0.013632963429764491 0.01363296299515234 1.5524735588948966 0.0 -5.6021463155215865e-06 0.003742698886213283 0.0 0.0
0.0 -0.0006860406689194115 0.0 0.48950603901355144 0.0 0.013633952822974148 0.013633952822974185 0.013633952822974183 0.01363395282255859 1.5524735588948966 0.0 -5.602146281620661e-06 0.0037426988862132864 0.0 0.0
0.0 -0.0006666915268572376 0.0 0.49030828179738817 0.0 0.013634488751754355 0.013634488751755264 0.013634488751756485 0.013634488751756187 1.5524735588948966 0.0 -5.602146246752438e-06 0.0037426988862132846 0.0 0.0
0.0 -0.000646692839639445 0.0 0.4911375323762496 0.0 0.013635066948855504 0.013635066948855143 0.013635066948855305 0.013635071058715881 1.5524735588948966 0.0 -5.602146210436806e-06 0.003742698886213284 0.0 0.0
0.0 -0.0006260318343380489 0.0 0.4919927979565724 0.0 0.01363518881755326 0.013635188817553242 0.013635188817553254 0.013635188817678435 1.5524735588948966 0.0 -5.602146171652355e-06 0.0037426988862132846 0.0 0.0
0.0 -0.0005991328763453381 0.0 0.4931051489723529 0.0 0.013634971659356204 0.013634971659356203 0.01363497164750621 0.013634971659456128 1.5524735588948966 0.0 -5.602145565627181e-06 0.0037426988862132807 0.0 0.0
0.0 -0.0005609481016748354 0.0 0.4946806636217126 0.0 0.013633496635560169 0.01363349663288697 0.01363349663288696 0.01363349663555764 1.5524735588948966 0.0 -5.602142735914706e-06 0.0037426988862133237 0.0 0.0
0.0 -0.0005124029695108745 0.0 0.49667933784385043 0.0 0.013630199543021988 0.013630199543021977 0.013630199541304152 0.013630199507879158 1.5524735588948966 0.0 -5.602136689829453e-06 0.0037426988862135496 0.0 0.0
0.0 -0.00045438046672253025 0.0 0.4990621716147133 0.0 0.01362426770410991 0.013624267704109906 0.013624267704083553 0.013624267702920941 1.5524735588948964 0.0 -5.602126501519127e-06 0.0037426988862143654 0.0 0.0
0.0 -0.00038780041020964234 0.0 0.501790157419193 0.0 0.013615388568296473 0.013615388568297368 0.01361538856829737 0.01361538856829647 1.5524735588948964 0.0 -5.602111759217635e-06 0.0037426988862162927 0.0 0.0
0.0 -0.0003136307311746442 0.0 0.5048222871704512 0.0 0.013603246344262106 0.013603246344262099 0.013603246344283212 0.013603246344283212 1.5524735588948981 0.0 -5.602092780727772e-06 0.0037426988862200705 0.0 0.0
0.0 -0.00023287054870450456 0.0 0.5081185418312876 0.0 0.013588276960067624 0.01358827696006761 0.01358827696006762 0.01358827698152997 1.5524735588949021 0.0 -5.602070358943935e-06 0.0037426988862252473 0.0 0.0
0.0 -0.00014650769750191794 0.0 0.5116408954493038 0.0 0.01357141963652167 0.013571419637335833 0.013571419659038651 0.013571419659038651 1.5524735588949066 0.0 -5.602045596088569e-06 0.0037426988862305777 0.0 0.0
0.0 -5.560218384366691e-05 0.0 0.5153483212127414 0.0 0.013553608797529123 0.01355360879752913 0.013553608797507704 0.013553608797529126 1.552473558894909 0.0 -5.6020204691161514e-06 0.0037426988862348234 0.0 0.0
0.0 3.87788551795865e-05 0.0 0.5192017816421636 0.0 0.013536532139879674 0.013536532139879674 0.013536532139854085 0.013536532139877539 1.5524735588949052 0.0 -5.601996639489625e-06 0.0037426988862350945 0.0 0.0
0.0 0.00013554422547346258 0.0 0.5231612389722631 0.0 0.013521875797330555 0.013521875797330551 0.013521875797330555 0.013521875797330553 1.552473558894898 0.0 -5.601976154752442e-06 0.003742698886230844 0.0 0.0
0.0 0.0002336324320617943 0.0 0.5271886522627207 0.0 0.013511579137016115 0.013511579137016103 0.01351157913701611 0.013511579136970951 1.552473558894894 0.0 -5.601960412107913e-06 0.003742698886222992 0.0 0.0
0.0 0.00033188575105483396 0.0 0.5312419794240013 0.0 0.013507575142228308 0.013507575142228306 0.013507575142114602 0.013507575020731528 1.552473558894896 0.0 -5.601951546703351e-06 0.0037426988862153078 0.0 0.0
0.0 0.0004292611024649951 0.0 0.5352831832536495 0.0 0.013511550652189461 0.013511550652189543 0.01351155545010945 0.013511555450109469 1.5524735588948975 0.0 -5.6019497353026205e-06 0.003742698886213284 0.0 0.0
0.0 0.0005246616496130435 0.0 0.5392712294361556 0.0 0.013524947575099772 0.013524947574862847 0.01352494757486286 0.013524947019177431 1.5524735588948972 0.0 -5.601955851532034e-06 0.0037426988862121024 0.0 0.0
0.0 0.000617051443009772 0.0 0.543166091428571 0.0 0.013548694241988716 0.013548694241988705 0.013548694308979889 0.01354869430904287 1.5524735588948968 0.0 -5.601969316347055e-06 0.003742698886209311 0.0 0.0
0.0 0.0007054681931487119 0.0 0.5469277576741709 0.0 0.013582729427782034 0.01358272942783432 0.013582729427989862 0.013582729427989859 1.5524735588948961 0.0 -5.601989058018485e-06 0.0037426988862051887 0.0 0.0
0.0 0.0007889680256981379 0.0 0.5505162203593508 0.0 0.013626738717079428 0.013626738717198567 0.013626738703400667 0.013626738717198574 1.5524735588948948 0.0 -5.602013404996744e-06 0.003742698886200622 0.0 0.0
0.0 0.0008666382541254957 0.0 0.5538904826218956 0.0 0.013679656236811225 0.013679656236811204 0.013679656236811213 0.013679656236734863 1.552473558894893 0.0 -5.6020403649815166e-06 0.0037426988861967896 0.0 0.0
0.0 0.0009376879666756459 0.0 0.5570115631624227 0.0 0.013739419172302886 0.013739419172298829 0.013739419172242104 0.01373941911171783 1.5524735588948912 0.0 -5.6020673297783975e-06 0.003742698886194957 0.0 0.0
0.0 0.0010056464410138702 0.0 0.5600284936133602 0.0 0.013807016514340329 0.013807016514340333 0.013807016517367389 0.013807016517321288 1.5524735588948881 0.0 -5.602076173382157e-06 0.003742698886191128 0.0 0.0
0.0 0.0010743910448728989 0.0 0.5631063028900706 0.0 0.013883963073802566 0.013883963073802578 0.013883963076357942 0.01388396312086114 1.5524735588948826 0.0 -5.602069054714729e-06 0.003742698886183097 0.0 0.0
0.0 0.0011438300188537079 0.0 0.5662320323412761 0.0 0.013967237580187789 0.013967237580187775 0.013967237580148242 0.013967237537978407 1.5524735588948777 0.0 -5.602062706915711e-06 0.0037426988861765558 0.0 0.0
0.0 0.0012138178435568377 0.0 0.569389726070624 0.0 0.014053563819103006 0.014053563819105162 0.014053563819105148 0.014053563819066174 1.5524735588948748 0.0 -5.602057694625749e-06 0.003742698886172731 0.0 0.0
0.0 0.0012843180010294292 0.0 0.5725664365376592 0.0 0.014139170433447585 0.014139170433447586 0.014139170433447574 0.0141391703906259 1.5524735588948755 0.0 -5.602053908914066e-06 0.00374269888617269 0.0 0.0
0.0 0.001355233086247617 0.0 0.5757482084212368 0.0 0.014220784452040426 0.014220784452040421 0.014220784452037883 0.014220784406382981 1.5524735588948788 0.0 -5.602051626069422e-06 0.0037426988861760544 0.0 0.0
0.0 0.0014265025241806315 0.0 0.5789210938938733 0.0 0.014294632845386674 0.014294632845386677 0.014294632845383536 0.014294632893256118 1.5524735588948844 0.0 -5.602050960828302e-06 0.0037426988861828927 0.0 0.0
0.0 0.001498004852438154 0.0 0.5820701373449754 0.0 0.014357441130601249 0.014357441130601249 0.014357441125978837 0.014357441130539716 1.55247355889489 0.0 -5.6020520896837185e-06 0.0037426988861915577 0.0 0.0
0.0 0.0015696001935441666 0.0 0.5851803794146693 0.0 0.014406184751034922 0.014406184751034924 0.014406184751102457 0.014406184751109496 1.552473558894894 0.0 -5.602054997418205e-06 0.003742698886200553 0.0 0.0
0.0 0.0016410821405312811 0.0 0.588234856419337 0.0 0.014438086082233464 0.014438086082201512 0.014438086082465346 0.014438085941636276 1.5524735588948961 0.0 -5.6020598175637965e-06 0.003742698886208094 0.0 0.0
0.0 0.0017122243824811282 0.0 0.5912195867984666 0.0 0.014451622365983696 0.014451622365983626 0.014451622365893046 0.014451622268912449 1.5524735588948968 0.0 -5.602066025550119e-06 0.0037426988862124862 0.0 0.0
0.0 0.0017826378503120466 0.0 0.5941145835187602 0.0 0.014445511376381507 0.01444551137638562 0.014445511371979827 0.014445511376381504 1.552473558894896 0.0 -5.602073993165661e-06 0.0037426988862152358 0.0 0.0
0.0 0.0018519560433309051 0.0 0.5969038457022472 0.0 0.01441947745599209 0.014419477455992088 0.014419477456235553 0.014419477446324623 1.552473558894973 0.0 -5.60208292081552e-06 0.003742698886240086 0.0 0.0
0.0 0.0019197275161898456 0.0 0.5995693644027525 0.0 0.014373741750232073 0.014373741750232073 0.01437374175340849 0.014373741753358177 1.5524735588957022 0.0 -5.602092571884162e-06 0.003742698886286978 0.0 0.0
0.0 0.0019854143902077732 0.0 0.6020941084749687 0.0 0.014310027275355018 0.014310027275355018 0.014310027275355604 0.014310027275348485 1.5524735588979872 0.0 -5.602102387739744e-06 0.003742698886340951 0.0 0.0
0.0 0.0020484178994134546 0.0 0.6044600389908327 0.0 0.014230555501041466 0.014230555501041466 0.014230555501041468 0.014230555501664622 1.552473558902468 0.0 -5.602111964891014e-06 0.00374269888638806 0.0 0.0
0.0 0.002108089674877464 0.0 0.6066501023199061 0.0 0.01413854965824485 0.014138549658246017 0.01413854965824484 0.014138549659501728 1.5524735589086887 0.0 -5.602120792111805e-06 0.0037426988864152117 0.0 0.0
0.0 0.0021638591616240706 0.0 0.6086512422390169 0.0 0.01403748942679304 0.014037489426793042 0.01403748942679302 0.014037489426793021 1.5524735589153125 0.0 -5.6021283619534575e-06 0.0037426988864182995 0.0 0.0
0.0 0.002214997200103821 0.0 0.6104483794653289 0.0 0.013932351500714285 0.013932351500714287 0.013932351500715855 0.013932351502398816 1.5524735589192828 0.0 -5.602134581773607e-06 0.0037426988863939366 0.0 0.0
0.0 0.0022608355178841497 0.0 0.6120274424997929 0.0 0.013827614109020494 0.013827614109018956 0.013827614109018968 0.01382761410736578 1.5524735589194256 0.0 -5.602139340341974e-06 0.003742698886353122 0.0 0.0
0.0 0.002302690131115048 0.0 0.6134454365494763 0.0 0.013724118770324189 0.013724118770324185 0.013724118770329415 0.013724118770322702 1.5524735589187937 0.0 -5.602141817498483e-06 0.0037426988863245208 0.0 0.0
0.0 0.0023422195000878335 0.0 0.6147743674174543 0.0 0.013622981091908215 0.013622981091908215 0.013622981091908215 0.01362298109191423 1.5524735589171792 0.0 -5.602142864540006e-06 0.003742698886307557 0.0 0.0
0.0 0.0023794360859360347 0.0 0.6160261823634466 0.0 0.013527970877879415 0.013527970877879419 0.013527970877879417 0.013527970877880779 1.5524735589126484 0.0 -5.602143612904256e-06 0.0037426988862878986 0.0 0.0
0.0 0.0024143963098689635 0.0 0.617210846799516 0.0 0.013441604545615611 0.013441604545615611 0.013441604544282143 0.013441604544277392 1.5524735589072882 0.0 -5.602144159612406e-06 0.0037426988862691054 0.0 0.0
0.0 0.0024472543107337437 0.0 0.6183393414163354 0.0 0.013365399961273967 0.013365399961273965 0.013365399961275103 0.013365399961273967 1.5524735589025658 0.0 -5.6021445503681994e-06 0.0037426988862531386 0.0 0.0
0.0 0.002478062356454912 0.0 0.6194176492088069 0.0 0.01330061693769192 0.013300616937691918 0.013300616937690926 0.01330061693769192 1.5524735588989804 0.0 -5.6021448557468144e-06 0.003742698886239858 0.0 0.0
0.0 0.0025069704325206793 0.0 0.6204527684503917 0.0 0.0132475167371974 0.013247516737197406 0.013247516737196586 0.013247516737193557 1.5524735588967722 0.0 -5.602145088968446e-06 0.0037426988862298938 0.0 0.0
0.0 0.002534110109416031 0.0 0.6214516936670084 0.0 0.013206610659150455 0.013206610659150455 0.013206610659743271 0.013206610659150452 1.5524735588955676 0.0 -5.602145264824808e-06 0.003742698886222558 0.0 0.0
0.0 0.002559620088422529 0.0 0.6224194300498933 0.0 0.013177656683447048 0.013177656683447048 0.013177656683447048 0.013177656683310881 1.552473558895067 0.0 -5.602145403378546e-06 0.0037426988862177004 0.0 0.0
0.0 0.0025836078827988804 0.0 0.6233619718361498 0.0 0.013161164505541457 0.013161164505540545 0.013161164505540545 0.013161164505540541 1.5524735588949146 0.0 -5.60214550636599e-06 0.00374269888621467 0.0 0.0
0.0 0.002606169721490712 0.0 0.6242833201806995 0.0 0.013157140539441286 0.013157140539441285 0.01315714053943388 0.013157140539441285 1.5524735588948966 0.0 -5.602145587062655e-06 0.0037426988862133696 0.0 0.0
0.0 0.0026273650032724665 0.0 0.625187468743239 0.0 0.013166091263756887 0.013166091263756887 0.013166091263797076 0.013166091306658833 1.5524735588948966 0.0 -5.60214564832611e-06 0.003742698886213245 0.0 0.0
0.0 0.0026473012413606033 0.0 0.6260804117608064 0.0 0.013188526407284278 0.013188526407284861 0.01318852640728456 0.013188526407598369 1.5524735588948966 0.0 -5.602145685157686e-06 0.003742698886213036 0.0 0.0
0.0 0.0026659104175949955 0.0 0.6269631307843678 0.0 0.01322569772614045 0.01322569772614793 0.013225697734234374 0.013225697734226802 1.552473558894896 0.0 -5.602145717477935e-06 0.003742698886212616 0.0 0.0
0.0 0.002683172628275647 0.0 0.6278386079421903 0.0 0.01327886024220014 0.01327886024220015 0.013278860242146638 0.013278860242200144 1.552473558894894 0.0 -5.602145738693735e-06 0.0037426988862119324 0.0 0.0
0.0 0.002698958967860181 0.0 0.6287068170012465 0.0 0.013349764207388435 0.013349764207385302 0.013349764207385307 0.013349764207385352 1.552473558894888 0.0 -5.602145759640204e-06 0.0037426988862109115 0.0 0.0
0.0 0.0027131221157311947 0.0 0.6295677279809995 0.0 0.013440409928067514 0.013440409928067514 0.013440409928067517 0.013440409925893867 1.5524735588948733 0.0 -5.602145780306498e-06 0.0037426988862094513 0.0 0.0
0.0 0.0027253151626711876 0.0 0.6304152979260178 0.0 0.013553538195884566 0.013553538195884568 0.013553538195884575 0.0135535381972375 1.5524735588948402 0.0 -5.602145820018675e-06 0.003742698886207477 0.0 0.0
0.0 0.00273510625486053 0.0 0.6312414758082333 0.0 0.013692386675250722 0.013692386675250724 0.013692386675250719 0.013692386675981884 1.5524735588947682 0.0 -5.602145882300417e-06 0.0037426988862049424 0.0 0.0
0.0 0.002741980082486272 0.0 0.6320332166512272 0.0 0.013859684933928713 0.013859684933928711 0.01385968493392871 0.01385968493392847 1.5524735588946255 0.0 -5.602145975202659e-06 0.0037426988862021234 0.0 0.0
0.0 0.0027452321675178735 0.0 0.6327505613731743 0.0 0.014051868301923204 0.014051868301923202 0.014051868301923294 0.014051868301923204 1.5524735588944223 0.0 -5.602146142241826e-06 0.0037426988862011316 0.0 0.0
0.0 0.0027448277931037884 0.0 0.6333646365136999 0.0 0.014259888919099184 0.014259888919099184 0.014259888918794737 0.014259888918794733 1.5524735588942424 0.0 -5.602146303695699e-06 0.003742698886202805 0.0 0.0
0.0 0.0027411691136885207 0.0 0.6338814962705844 0.0 0.014480255878167004 0.014480255878166629 0.014480255878166629 0.014480255878166629 1.5524735588940681 0.0 -5.602146397340379e-06 0.0037426988862049033 0.0 0.0
0.0 0.002734501167433648 0.0 0.6343021859036475 0.0 0.014709970330425922 0.014709970330425922 0.014709970330850643 0.014709970330426501 1.5524735588939125 0.0 -5.602146450436341e-06 0.0037426988862072083 0.0 0.0
0.0 0.002725158090638033 0.0 0.6346337411620928 0.0 0.0149467931613871 0.0149467931613871 0.014946793161387098 0.014946793161387077 1.552473558893778 0.0 -5.602146475922083e-06 0.0037426988862092267 0.0 0.0
0.0 0.0027133890749759656 0.0 0.6348811897225494 0.0 0.015188982124420772 0.015188982124420772 0.01518898212442109 0.015188982124421092 1.5524735588936651 0.0 -5.6021464868925715e-06 0.0037426988862108695 0.0 0.0
0.0 0.002699395197679751 0.0 0.6350475586842428 0.0 0.015434791766249208 0.01543479176624921 0.01543479176624921 0.015434791766249319 1.552473558893581 0.0 -5.6021464907500544e-06 0.0037426988862120994 0.0 0.0
0.0 0.0026833816895082013 0.0 0.635139857563269 0.0 0.015683733236159684 0.015683733236159687 0.01568373323615954 0.015683733236310934 1.5524735588935032 0.0 -5.602146491523915e-06 0.0037426988862128336 0.0 0.0
0.0 0.002665536854754124 0.0 0.6351621062523481 0.0 0.015934562759902165 0.015934562759902165 0.015934562759866582 0.015934562759866582 1.5524735588934506 0.0 -5.60214649150471e-06 0.0037426988862131467 0.0 0.0
0.0 0.0026459809795618167 0.0 0.6351193061950113 0.0 0.016187288354975744 0.016187288354975744 0.01618728835497574 0.016187288354975658 1.552473558893396 0.0 -5.602146491359081e-06 0.003742698886213224 0.0 0.0
0.0 0.002624780593467941 0.0 0.6350134617162314 0.0 0.016441663190805447 0.016441663190805447 0.016441663190805623 0.01644166319099224 1.5524735588933458 0.0 -5.60214649127345e-06 0.0037426988862135128 0.0 0.0
0.0 0.0026021168699837676 0.0 0.6348505820434062 0.0 0.016697196813418663 0.016697196813418663 0.016697196813146086 0.01669719681341866 1.5524735588933063 0.0 -5.602146491453668e-06 0.003742698886214007 0.0 0.0
0.0 0.002577988320498522 0.0 0.6346336530523453 0.0 0.016954894183906003 0.016954894183906007 0.01695489418390647 0.01695489418390647 1.5524735588932401 0.0 -5.60214649205713e-06 0.0037426988862146794 0.0 0.0
0.0 0.0025525095889936517 0.0 0.6343666796454335 0.0 0.017214511679031628 0.01721451167903163 0.017214511679032013 0.017214511679032013 1.5524735588931782 0.0 -5.602146493397733e-06 0.0037426988862155 0.0 0.0
0.0 0.002525740074231283 0.0 0.6340536554823754 0.0 0.017476555788302577 0.017476555788302584 0.017476555788302584 0.01747655578830287 1.5524735588931005 0.0 -5.602146495586824e-06 0.003742698886216444 0.0 0.0
0.0 0.002497659872510514 0.0 0.6336975626913646 0.0 0.017742281510895595 0.017742281510895606 0.017742281510895602 0.0177422815108956 1.5524735588929839 0.0 -5.602146498728903e-06 0.0037426988862175404 0.0 0.0
0.0 0.0024683764970401425 0.0 0.633304395509523 0.0 0.018012198543544328 0.01801219854354433 0.01801219854354484 0.018012198543544838 1.5524735588928458 0.0 -5.602146502546588e-06 0.0037426988862186757 0.0 0.0
0.0 0.0024378997434973014 0.0 0.6328791328949098 0.0 0.01828781513020872 0.018287815130208728 0.018287815130208725 0.018287815130208183 1.5524735588926506 0.0 -5.602146506763403e-06 0.0037426988862198926 0.0 0.0
0.0 0.0024063187100213535 0.0 0.6324277653370298 0.0 0.018569891005487938 0.01856989100548793 0.0185698910054885 0.01856989100488387 1.5524735588924143 0.0 -5.602146510884512e-06 0.0037426988862211247 0.0 0.0
0.0 0.0023736785338228017 0.0 0.6319582651649184 0.0 0.01886043929891868 0.01886043929891868 0.0188604392989181 0.018860439298918685 1.5524735588920815 0.0 -5.602146513835985e-06 0.0037426988862223165 0.0 0.0
0.0 0.0023403359197796624 0.0 0.6314816542922025 0.0 0.01915822746140834 0.019158227461408345 0.019158227461408984 0.01915822746204877 1.552473558891766 0.0 -5.602146514656172e-06 0.0037426988862230845 0.0 0.0
0.0 0.00230654005956449 0.0 0.6310029603954181 0.0 0.019461513247031693 0.01946151324703169 0.01946151324703169 0.019461513247031038 1.5524735588915013 0.0 -5.6021465144834585e-06 0.00374269888622357 0.0 0.0
0.0 0.0022722725381149724 0.0 0.6305221797270044 0.0 0.019770546692877887 0.019770546692878498 0.0197705466928785 0.0197705466928785 1.5524735588912066 0.0 -5.602146514239854e-06 0.0037426988862240855 0.0 0.0
0.0 0.0022374965252867462 0.0 0.6300393047918217 0.0 0.020085827874343307 0.02008582787434331 0.02008582787434331 0.02008582787500336 1.5524735588908658 0.0 -5.602146513882884e-06 0.00374269888622466 0.0 0.0
0.0 0.0022021511336937907 0.0 0.6295533278060169 0.0 0.020407855263802975 0.020407855263802975 0.020407855263802975 0.02040785526380235 1.5524735588904721 0.0 -5.602146513639136e-06 0.0037426988862253336 0.0 0.0
0.0 0.0021661995331645487 0.0 0.6290642412744297 0.0 0.020737128936353093 0.020737128936353096 0.02073712893567611 0.020737128936353096 1.552473558890018 0.0 -5.602146513253302e-06 0.0037426988862260787 0.0 0.0
0.0 0.0021296233086487105 0.0 0.6285720414494913 0.0 0.021073898929558212 0.021073898929558212 0.021073898928872556 0.02107389892955757 1.5524735588895104 0.0 -5.60214651274277e-06 0.0037426988862268758 0.0 0.0
0.0 0.0020923856299775393 0.0 0.6280767208360587 0.0 0.02141866531862361 0.02141866531862361 0.021418665318624266 0.02141866531931882 1.5524735588889258 0.0 -5.602146512045176e-06 0.0037426988862277436 0.0 0.0
0.0 0.002054425609767654 0.0 0.6275772716502765 0.0 0.02177192657628934 0.02177192657628934 0.021771926576288615 0.02177192657628868 1.5524735588882532 0.0 -5.602146511400579e-06 0.003742698886228767 0.0 0.0
0.0 0.00201573047509535 0.0 0.6270746866856693 0.0 0.02213418438064422 0.022134184380644222 0.02213418438064422 0.02213418438135814 1.552473558887479 0.0 -5.60214651023867e-06 0.003742698886229814 0.0 0.0
0.0 0.0019762577536719295 0.0 0.6265679619060026 0.0 0.022505687166573283 0.022505687166573283 0.022505687166573283 0.022505687166573283 1.5524735588866105 0.0 -5.6021465091260895e-06 0.003742698886231009 0.0 0.0
0.0 0.0019359706153172995 0.0 0.6260570898161137 0.0 0.022886935008923484 0.02288693500892348 0.022886935008923484 0.022886935008922714 1.5524735588856118 0.0 -5.602146507699869e-06 0.0037426988862323076 0.0 0.0
0.0 0.0018948378720534554 0.0 0.6255430594619568 0.0 0.023278679624469695 0.023278679624469684 0.02327867962446969 0.02327867962446969 1.552473558884437 0.0 -5.602146505533524e-06 0.0037426988862336572 0.0 0.0
0.0 0.0018528114094233197 0.0 0.6250238702661512 0.0 0.02368091780623842 0.023680917806238426 0.02368091780623701 0.023680917806237007 1.5524735588831435 0.0 -5.602146503686448e-06 0.0037426988862352866 0.0 0.0
0.0 0.0018099081538771387 0.0 0.6245025118520743 0.0 0.0240944044778152 0.024094404477815193 0.024094404477815197 0.024094404477815197 1.552473558881625 0.0 -5.602146500337226e-06 0.003742698886236793 0.0 0.0
0.0 0.001766043160811918 0.0 0.6239769761472136 0.0 0.02451963650754625 0.02451963650754625 0.024519636507546246 0.02451963650754707 1.5524735588798795 0.0 -5.602146497031151e-06 0.003742698886238604 0.0 0.0
0.0 0.00172122207237047 0.0 0.62344825969258 0.0 0.024956865536692956 0.02495686553669296 0.024956865536691485 0.024956865536692956 1.5524735588779108 0.0 -5.602146492831879e-06 0.0037426988862404643 0.0 0.0
0.0 0.0016753840011941412 0.0 0.6229153547044709 0.0 0.02540659003721417 0.02540659003721417 0.025406590037214162 0.02540659003641829 1.552473558875649 0.0 -5.6021464882059825e-06 0.003742698886242572 0.0 0.0
0.0 0.0016285402315747307 0.0 0.6223802542650275 0.0 0.025869313290961062 0.025869313290961062 0.02586931329096106 0.025869313290961923 1.5524735588730498 0.0 -5.602146482021817e-06 0.0037426988862446107 0.0 0.0
0.0 0.0015806539333577214 0.0 0.6218429508790919 0.0 0.02634553537385249 0.026345535373852483 0.026345535373852483 0.026345535373852487 1.5524735588700636 0.0 -5.602146474809305e-06 0.003742698886246839 0.0 0.0
0.0 0.0015317194644122458 0.0 0.6213024480056354 0.0 0.026835004644856168 0.02683500464485771 0.026835004644033697 0.02683500464485771 1.5524735588668044 0.0 -5.602146467230561e-06 0.0037426988862492394 0.0 0.0
0.0 0.0014816830680719933 0.0 0.6207557485260807 0.0 0.027337466254584913 0.027337466254584903 0.027337466255421834 0.027337466255421834 1.55247355886326 0.0 -5.6021464600059035e-06 0.00374269888625219 0.0 0.0
0.0 0.0014303154564660574 0.0 0.6201948426356384 0.0 0.02785340745155909 0.027853407451560695 0.027853407451560695 0.0278534074515607 1.5524735588592136 0.0 -5.602146454631272e-06 0.0037426988862567087 0.0 0.0
0.0 0.0013773632843354392 0.0 0.6196107202408353 0.0 0.02838331387771409 0.028383313877714093 0.02838331387771409 0.028383313877714086 1.5524735588545922 0.0 -5.602146452136843e-06 0.003742698886263284 0.0 0.0
0.0 0.0013226156788119024 0.0 0.618995375284453 0.0 0.02892742274284452 0.028927422742844513 0.028927422742844516 0.028927422742844516 1.5524735588493965 0.0 -5.602146453559526e-06 0.003742698886272281 0.0 0.0
0.0 0.0012657655380967719 0.0 0.6183368005545383 0.0 0.029485964842274334 0.029485964842274337 0.02948596484128242 0.029485964842273022 1.5524735588435596 0.0 -5.602146463484492e-06 0.0037426988862852215 0.0 0.0
0.0 0.001206548232632461 0.0 0.6176239928752901 0.0 0.030058922536555788 0.030058922536555784 0.030058922536555784 0.03005892253549592 1.5524735588371048 0.0 -5.602146486420704e-06 0.0037426988863029738 0.0 0.0
0.0 0.0011445732046651332 0.0 0.6168399510864692 0.0 0.03064601852811112 0.030646018528111118 0.030646018528111114 0.030646018526966676 1.5524735588300898 0.0 -5.6021465367605496e-06 0.0037426988863285614 0.0 0.0
0.0 0.0010795588982164034 0.0 0.6159706823890241 0.0 0.03124648025425348 0.031246480254253483 0.031246480254251155 0.03124648025425116 1.5524735588227236 0.0 -5.602146629235557e-06 0.0037426988863633382 0.0 0.0
0.0 0.0010111587163057214 0.0 0.614997203783315 0.0 0.031858777022101895 0.03185877702210188 0.031858777023449684 0.03185877702344464 1.5524735588154333 0.0 -5.602146801038003e-06 0.003742698886411401 0.0 0.0
0.0 0.0009389354753780811 0.0 0.6138975276562099 0.0 0.03248162336681493 0.03248162336681767 0.03248162336681767 0.03248162336681416 1.55247355880821 0.0 -5.602147114037506e-06 0.003742698886478121 0.0 0.0
0.0 0.0008625752550516778 0.0 0.6126486960867937 0.0 0.033111731917056304 0.03311173191705631 0.033111731917056325 0.03311173191706371 1.5524735588023373 0.0 -5.602147673796275e-06 0.003742698886567058 0.0 0.0
0.0 0.0007817528506875284 0.0 0.6112257580722817 0.0 0.03374531201941965 0.033745312019419646 0.033745312019419646 0.03374531202282074 1.5524735587984084 0.0 -5.602148660542402e-06 0.003742698886683148 0.0 0.0
0.0 0.0006961813764681082 0.0 0.6096007842307388 0.0 0.034377067987451985 0.03437706798745199 0.03437706798745199 0.034377067987452 1.552473558797595 0.0 -5.6021503914788545e-06 0.003742698886829551 0.0 0.0
0.0 0.0006057269093104666 0.0 0.6077468717029249 0.0 0.03499995546912148 0.034999955469121505 0.0349999554691215 0.03499995546911298 1.5524735588010763 0.0 -5.602153349641441e-06 0.0037426988870020083 0.0 0.0
0.0 0.0005103490903264807 0.0 0.6056341504944052 0.0 0.03560467496622044 0.03560467496622045 0.03560467496622044 0.03560467496268183 1.5524735588098595 0.0 -5.6021583679216944e-06 0.0037426988871896863 0.0 0.0
0.0 0.00041032477050676006 0.0 0.603236796738985 0.0 0.036178932935054704 0.036178932935054704 0.036178932938141506 0.036178932938130993 1.552473558824357 0.0 -5.602166580616851e-06 0.0037426988873600535 0.0 0.0
0.0 0.00030621118093542205 0.0 0.600533025204132 0.0 0.036707941876948175 0.036707941876948175 0.036707941875927415 0.03670794187694626 1.552473558843116 0.0 -5.602179543501279e-06 0.003742698887465492 0.0 0.0
0.0 0.00019901582188456117 0.0 0.59750910543476 0.0 0.03717342657702075 0.03717342657702076 0.03717342657702075 0.037173426577071844 1.5524735588632963 0.0 -5.602199012802291e-06 0.0037426988874404397 0.0 0.0
0.0 9.040169314601989e-05 0.0 0.5941663712627223 0.0 0.037553135275941674 0.037553135275941674 0.037553135275941674 0.03755313527597693 1.5524735588806873 0.0 -5.60222614492015e-06 0.0037426988872234683 0.0 0.0
0.0 -1.932551653731029e-05 0.0 0.590458101493616 0.0 0.03782748965648071 0.03782748965648071 0.03782748965648071 0.03782748965661738 1.552473558890989 0.0 -5.602269096301647e-06 0.003742698886871098 0.0 0.0
0.0 -0.00012887079695552014 0.0 0.586372614973668 0.0 0.03797496723309317 0.03797496723309318 0.037974967233093175 0.037974967233093175 1.5524735588945804 0.0 -5.6023303327422635e-06 0.003742698886448531 0.0 0.0
0.0 -0.0002343462908006819 0.0 0.5819923250019432 0.0 0.03796969606001802 0.037969696059261614 0.03796969510086923 0.03796969510086925 1.552473558894896 0.0 -5.602394212957306e-06 0.003742698886213035 0.0 0.0
0.0 -0.0003317400149347664 0.0 0.5774215687941745 0.0 0.03779133839891604 0.03779133839890528 0.03779133839890528 0.037791338398916276 1.5524735589048984 0.0 -5.602446607457216e-06 0.0037426988851949053 0.0 0.0
0.0 -0.00041695835103511497 0.0 0.5727856034241666 0.0 0.037425344197372375 0.037425344197372375 0.037425344197372375 0.03742534419739468 1.5524735590731231 0.0 -5.602472059992259e-06 0.003742698881730185 0.0 0.0
0.0 -0.0004862733677744478 0.0 0.5682165793738763 0.0 0.03686442449850232 0.03686442449850233 0.03686442449850233 0.03686442449850233 1.5524735599035435 0.0 -5.60246357724906e-06 0.0037426988758219337 0.0 0.0
0.0 -0.0005364077782950385 0.0 0.5638515324735375 0.0 0.03610905089544414 0.036109050895444146 0.03610905089544414 0.03610905089544414 1.5524735623512917 0.0 -5.602424423033564e-06 0.0037426988686604895 0.0 0.0
0.0 -0.0005648717284559781 0.0 0.5598183798843822 0.0 0.03516743242923044 0.03516743242923044 0.03516743242928134 0.035167432424012816 1.552473567733752 0.0 -5.602371160669744e-06 0.003742698862310121 0.0 0.0
0.0 -0.0005699782055460003 0.0 0.5562299445384956 0.0 0.03405375529289296 0.03405375529289295 0.03405375529289296 0.03405375528772411 1.5524735775233507 0.0 -5.602325741672481e-06 0.003742698858850152 0.0 0.0
0.0 -0.0005509023851272922 0.0 0.553179961412338 0.0 0.03278767564477492 0.032787675644774916 0.03278767564477492 0.032787675649393236 1.5524735929890663 0.0 -5.602307183304533e-06 0.0037426988595620878 0.0 0.0
0.0 -0.0005077298966501674 0.0 0.5507331106662414 0.0 0.0313916929748472 0.03139169297484715 0.03139169297484715 0.0313916929748544 1.5524735588950933 0.0 -5.602146495892549e-06 0.00374269888621328 0.0 0.0
0.0 -0.00044129119362978415 0.0 0.5489300392462323 0.0 0.029890540498177378 0.029890540498177368 0.02989054049817737 0.029890540501117654 1.552473558895371 0.0 -5.602146496634234e-06 0.003742698886213278 0.0 0.0
0.0 -0.0003531014867480462 0.0 0.5477783996792052 0.0 0.028307417804353606 0.028307417804353613 0.028307417804353606 0.02830741780435361 1.5524735588959144 0.0 -5.60214649808534e-06 0.00374269888621327 0.0 0.0
0.0 -0.00024514780341530426 0.0 0.5472618613068978 0.0 0.02666405251675091 0.0266640525167493 0.0266640525167493 0.026664052515030467 1.5524735588968948 0.0 -5.602146500703543e-06 0.0037426988862132595 0.0 0.0
0.0 -0.00011976079067301054 0.0 0.547339138719465 0.0 0.02497863164352129 0.024978631643521272 0.02497863164352128 0.02497863164352128 1.5524735588985943 0.0 -5.602146505242178e-06 0.0037426988862132404 0.0 0.0
0.0 2.0621703541635104e-05 0.0 0.5479500122256207 0.0 0.023264561011436702 0.02326456101143671 0.023264561011436705 0.023264561010366867 1.5524735589015417 0.0 -5.602146513112453e-06 0.003742698886213216 0.0 0.0
0.0 0.00017344185742614802 0.0 0.5490163206461156 0.0 0.02153096694049595 0.021530966940495933 0.02153096694049594 0.02153096694049192 1.5524735589067848 0.0 -5.6021465271141555e-06 0.0037426988862131767 0.0 0.0
0.0 0.0003361733493602522 0.0 0.5504459737113794 0.0 0.019781952551881 0.019781952551880987 0.019781952551885463 0.019781952549500676 1.5524735589166705 0.0 -5.602146553514878e-06 0.00374269888621311 0.0 0.0
0.0 0.0005063014539035765 0.0 0.5521359341897639 0.0 0.018017852764749313 0.01801785276474932 0.018017852764751922 0.018017852764751912 1.5524735589367005 0.0 -5.602146607006319e-06 0.0037426988862130127 0.0 0.0
0.0 0.0006813655133177236 0.0 0.5539732219239708 0.0 0.016234985879963113 0.016234985879963103 0.01623498588295004 0.016234985879977747 1.5524735589813403 0.0 -5.602146726213823e-06 0.003742698886212801 0.0 0.0
