0.0 0.0007962216675138358 0.0 0.5527623086441835 0.0 0.014268453100592328 0.014268453100592327 0.01426845317675055 0.01426845313622996 1.552473560000979 0.0 -5.6021494487016354e-06 0.00374269888620879 0.0 0.0
0.0 0.0006527850765220196 0.0 0.5484638803180872 0.0 0.014808155759729323 0.014808155759729325 0.014808155759724401 0.014808155759838057 1.552473558865046 0.0 -5.60242105623065e-06 0.0037426988891294147 0.0 0.0
0.0 0.0005073235488815675 0.0 0.5441262176303019 0.0 0.015362550293228625 0.015362550293228621 0.015362550293228727 0.015362550293228729 1.5524735588611933 0.0 -5.602437924745752e-06 0.0037426988893849394 0.0 0.0
0.0 0.00035974075852034695 0.0 0.5397582614542422 0.0 0.015935899585151604 0.015935899585151608 0.015935899585151608 0.015935899580317138 1.5524735588557828 0.0 -5.602453335969733e-06 0.0037426988896957433 0.0 0.0
0.0 0.0002100307506541689 0.0 0.5353719552841835 0.0 0.01653222347720534 0.016532223477205333 0.016532223477108927 0.016532223477108927 1.552473558848436 0.0 -5.602466124385522e-06 0.0037426988900600574 0.0 0.0
0.0 5.811391040147962e-05 0.0 0.5309792276301036 0.0 0.01715654196788653 0.017156541967886522 0.01715654196797086 0.017156541967890307 1.5524735588381986 0.0 -5.602475931760997e-06 0.0037426988904964795 0.0 0.0
0.0 -9.596195999956321e-05 0.0 0.5265950191043299 0.0 0.0178131297483658 0.01781312974836573 0.017813129748435845 0.01781312975172878 1.5524735588243888 0.0 -5.6024815288901275e-06 0.0037426988909944727 0.0 0.0
0.0 -0.0002522227188052331 0.0 0.522234255336103 0.0 0.018507261662966828 0.018507261662966828 0.01850726166301891 0.018507261662964295 1.5524735588052896 0.0 -5.602482638959059e-06 0.0037426988915712084 0.0 0.0
0.0 -0.00041047622071112527 0.0 0.517917878663859 0.0 0.01924322202220097 0.019243222022204704 0.019243222022204742 0.019243222022204742 1.5524735587795653 0.0 -5.602477263541815e-06 0.0037426988921959994 0.0 0.0
0.0 -0.0005706152643608964 0.0 0.5136648233743464 0.0 0.020025792006906924 0.020025792006906896 0.020025792004358976 0.020025792004357796 1.5524735587445555 0.0 -5.602466069295848e-06 0.0037426988928738578 0.0 0.0
0.0 -0.0007324067204098948 0.0 0.5095000217222148 0.0 0.020860012449268626 0.020860012449268626 0.020860012449269116 0.020860012449268626 1.5524735586966854 0.0 -5.602447612552278e-06 0.0037426988935767755 0.0 0.0
0.0 -0.0008954347971601837 0.0 0.5054514293252657 0.0 0.021749428774628595 0.021749428774628595 0.021749428774625393 0.02174942877462842 1.5524735586330278 0.0 -5.602421869913724e-06 0.0037426988942407817 0.0 0.0
0.0 -0.001059266775902856 0.0 0.5015499914291075 0.0 0.02269834132070512 0.022698341320705123 0.022698341320705123 0.02269834132070672 1.552473558547425 0.0 -5.602389456995983e-06 0.003742698894827852 0.0 0.0
0.0 -0.0012233113329807516 0.0 0.4978286763502503 0.0 0.023709553410263574 0.023709553410263585 0.023709553410220553 0.023709553410260827 1.5524735584351648 0.0 -5.602351931324976e-06 0.0037426988952517226 0.0 0.0
0.0 -0.0013867478566596686 0.0 0.49432846220491433 0.0 0.02478538111416246 0.024785381114162456 0.02478538111415875 0.0247853811160921 1.5524735582894835 0.0 -5.602310313447119e-06 0.003742698895406113 0.0 0.0
0.0 -0.0015486820742415513 0.0 0.49109034212034886 0.0 0.025927140355038056 0.02592714035503806 0.025927140355038156 0.02592714035501664 1.552473558103841 0.0 -5.60226815068376e-06 0.0037426988952135227 0.0 0.0
0.0 -0.0017079705220296572 0.0 0.48816033689493316 0.0 0.0271344048118304 0.027134404811830444 0.02713440481183045 0.027134404809250195 1.5524735578742384 0.0 -5.602228356506293e-06 0.003742698894578012 0.0 0.0
0.0 -0.0018633054892230622 0.0 0.4855874869329436 0.0 0.028405502785631587 0.028405502785631594 0.028405502785631597 0.028405502788340576 1.5524735575973818 0.0 -5.602194166771367e-06 0.0037426988934645415 0.0 0.0
0.0 -0.002013093244247072 0.0 0.4834258678054446 0.0 0.02973652027630076 0.029736520276279356 0.029736520276279356 0.02973652027629581 1.552473557277408 0.0 -5.602167972657987e-06 0.0037426988918893636 0.0 0.0
0.0 -0.0021556592652106237 0.0 0.4817275807285346 0.0 0.0311217898145565 0.03112178981455649 0.0311217898145565 0.031121789814556496 1.5524735569227894 0.0 -5.60215109360584e-06 0.0037426988900215673 0.0 0.0
0.0 -0.0022913400953240423 0.0 0.48052739595263083 0.0 0.032577369661437726 0.03257736966143773 0.032577369661437726 0.032577369663284485 1.552473556391909 0.0 -5.602142213865177e-06 0.003742698888259906 0.0 0.0
0.0 -0.002419632642952878 0.0 0.47987518547892843 0.0 0.034112841379328455 0.034112841379328476 0.034112841379328476 0.034112841379332653 1.552473555659584 0.0 -5.60213802107245e-06 0.003742698886737105 0.0 0.0
0.0 -0.0025373910115643284 0.0 0.4798392762203602 0.0 0.035707811354010126 0.035707811354010126 0.03570781135401011 0.03570781135410638 1.5524735549500663 0.0 -5.602135956327814e-06 0.003742698885941341 0.0 0.0
0.0 -0.0026415723356061874 0.0 0.48047304323212525 0.0 0.03733836116028461 0.03733836116028461 0.03733836116028462 0.03733836116028581 1.55247355436935 0.0 -5.602134276493931e-06 0.0037426988852945595 0.0 0.0
0.0 -0.0027294619299231227 0.0 0.4818108823185232 0.0 0.038978791623135715 0.03897879162313571 0.038978791623135715 0.03897879162313032 1.552473554014236 0.0 -5.602131474961883e-06 0.0037426988830551147 0.0 0.0
0.0 -0.0027987525910555013 0.0 0.48386719847337734 0.0 0.040602371298896156 0.04060237129889617 0.040602371298896156 0.040602371295852875 1.5524735539571004 0.0 -5.602122710167174e-06 0.003742698879187799 0.0 0.0
0.0 -0.0028476111252615623 0.0 0.4866344015536607 0.0 0.04218158327302364 0.042181583273023654 0.04218158327302368 0.04218158327302369 1.5524735542313757 0.0 -5.602099533398013e-06 0.003742698874175655 0.0 0.0
0.0 -0.002874820020498123 0.0 0.4900838728564638 0.0 0.043690377041378105 0.0436903770413781 0.0436903770413781 0.043690377041386036 1.5524735547956727 0.0 -5.602051750246834e-06 0.003742698868927047 0.0 0.0
0.0 -0.0028796996368827222 0.0 0.4941699625459888 0.0 0.04510442500988088 0.04510442500988088 0.04510442500988097 0.045104425009889176 1.5524735555623952 0.0 -5.601970511138083e-06 0.0037426988645303974 0.0 0.0
0.0 -0.002862296510310896 0.0 0.49882596980270066 0.0 0.04640236629324426 0.04640236629324417 0.04640236629324417 0.046402366288991914 1.5524735564074905 0.0 -5.601853193697429e-06 0.003742698862009338 0.0 0.0
0.0 -0.00282314842900633 0.0 0.503973149175998 0.0 0.04756557118588273 0.04756557118588939 0.04756557118588938 0.04756557118594158 1.5524735572128094 0.0 -5.60170460501916e-06 0.003742698861940372 0.0 0.0
0.0 -0.0027635294714534217 0.0 0.5095196653462981 0.0 0.04858114003761411 0.0485811400375672 0.048581140037567194 0.04858114003757177 1.5524735578742728 0.0 -5.601539304510688e-06 0.0037426988642546605 0.0 0.0
0.0 -0.002685115877709625 0.0 0.5153676288379082 0.0 0.04943966422835406 0.04943966422835406 0.04943966422835405 0.04943966422900416 1.5524735583530394 0.0 -5.601377407928513e-06 0.0037426988683903323 0.0 0.0
0.0 -0.0025900781234851605 0.0 0.521413077270428 0.0 0.05013647631626601 0.05013647631626601 0.050136476316317236 0.05013647631631714 1.5524735586516298 0.0 -5.601242950747057e-06 0.003742698873406184 0.0 0.0
0.0 -0.002480986179286528 0.0 0.527552962320598 0.0 0.0506726613970369 0.0506726613970369 0.0506726613970369 0.05067266139703725 1.5524735588070597 0.0 -5.601155314166683e-06 0.0037426988782430053 0.0 0.0
0.0 -0.002360565959682257 0.0 0.5336891808306783 0.0 0.051053063181216246 0.051053063181216246 0.051053063181216246 0.051053063180712906 1.5524735588720209 0.0 -5.6011255674322525e-06 0.0037426988821414294 0.0 0.0
0.0 -0.0022317474346554163 0.0 0.5397265742423634 0.0 0.05128628074748293 0.05128628074748293 0.05128628074748294 0.05128628071805796 1.5524735588915355 0.0 -5.601158006794142e-06 0.0037426988847152937 0.0 0.0
0.0 -0.0020975514733703993 0.0 0.5455799193271345 0.0 0.05138542978818456 0.05138542978818455 0.05138542986995234 0.051385429869967705 1.5524735588947667 0.0 -5.601244076457815e-06 0.0037426988859607683 0.0 0.0
0.0 -0.0019608575785884422 0.0 0.5511759662828926 0.0 0.05136564578596355 0.051365645785963567 0.05136564572345647 0.05136564556719333 1.5524735588948968 0.0 -5.601367848278833e-06 0.003742698886230998 0.0 0.0
0.0 -0.001824573774913319 0.0 0.5564494226425536 0.0 0.05124507692987788 0.05124507693131221 0.05124507692982324 0.051245076931315 1.552473558895697 0.0 -5.6015129352267826e-06 0.0037426988867220404 0.0 0.0
0.0 -0.0016907363876363362 0.0 0.5613720027793173 0.0 0.05104218137150653 0.05104218137150653 0.05104218137115011 0.05104218138297145 1.5524735589017273 0.0 -5.6016509213248535e-06 0.0037426988874663543 0.0 0.0
0.0 -0.0015600612573640107 0.0 0.5659634687103743 0.0 0.05077324357599945 0.05077324357599945 0.05077324357599945 0.05077324357599945 1.5524735589163934 0.0 -5.601760778466189e-06 0.0037426988881431263 0.0 0.0
0.0 -0.00143281959202868 0.0 0.5702506408758954 0.0 0.050450808718052506 0.05045080871805243 0.050450808718052506 0.05045080871805243 1.5524735589400633 0.0 -5.60184556444069e-06 0.0037426988886577993 0.0 0.0
0.0 -0.0013090928061164264 0.0 0.5742613737486723 0.0 0.050085173242817256 0.05008517324281728 0.050085173242490816 0.050085173242818484 1.5524735589709833 0.0 -5.601910332860675e-06 0.003742698888998688 0.0 0.0
0.0 -0.001188608274486494 0.0 0.5780275754109836 0.0 0.04968313948051464 0.04968313948051465 0.04968313948051464 0.04968313948051464 1.5524735590084597 0.0 -5.601958698522078e-06 0.0037426988892225563 0.0 0.0
0.0 -0.0010709941657946007 0.0 0.5815791833530807 0.0 0.04924950625339472 0.04924950625339472 0.04924950625339472 0.049249506254823654 1.5524735590521987 0.0 -5.601994867595263e-06 0.0037426988893704397 0.0 0.0
0.0 -0.0009556704415181268 0.0 0.5849471728175791 0.0 0.048786573616259044 0.04878657361625197 0.04878657361625197 0.048786573616259085 1.552473559104444 0.0 -5.602021524540295e-06 0.003742698889496081 0.0 0.0
0.0 -0.0008419890448526678 0.0 0.5881615374937693 0.0 0.04829538983028896 0.04829538983028477 0.04829538983028477 0.04829538983028896 1.5524735591678165 0.0 -5.602041010376347e-06 0.0037426988896296968 0.0 0.0
0.0 -0.0007292508280967926 0.0 0.5912482998943761 0.0 0.047774996451404025 0.047774996451404074 0.04777499644889703 0.04777499644890638 1.5524735592489716 0.0 -5.602055403703696e-06 0.003742698889803671 0.0 0.0
0.0 -0.0006167013986588631 0.0 0.594233493767254 0.0 0.04722368491811957 0.047223684918119624 0.047223684918119575 0.04722368491812459 1.5524735593551289 0.0 -5.60206575285117e-06 0.003742698890041138 0.0 0.0
0.0 -0.0005035777454606516 0.0 0.5971381776510345 0.0 0.0466379884104002 0.0466379884104002 0.0466379884104002 0.04663798840754729 1.552473559501165 0.0 -5.602073345241511e-06 0.0037426988903694804 0.0 0.0
0.0 -0.00038906161321060524 0.0 0.5999834213210988 0.0 0.046013689995580934 0.04601368999558092 0.046013689995606274 0.04601368999558093 1.5524735597062593 0.0 -5.602078656589754e-06 0.0037426988908193714 0.0 0.0
0.0 -0.0002724110734824359 0.0 0.6027833112742097 0.0 0.04534531135967223 0.04534531135967223 0.04534531135967233 0.04534531135967228 1.552473560003141 0.0 -5.602082718457026e-06 0.0037426988914139947 0.0 0.0
0.0 -0.00015282331287907414 0.0 0.605552941783606 0.0 0.04462687573975768 0.04462687573975767 0.044626875739783654 0.044626875743029655 1.5524735604380953 0.0 -5.6020856823485435e-06 0.003742698892198918 0.0 0.0
0.0 -2.9675205996636405e-05 0.0 0.6082984120273625 0.0 0.043851891918174395 0.043851891918174395 0.043851891921573266 0.043851891918174395 1.5524735610827367 0.0 -5.602088644038222e-06 0.0037426988931868253 0.0 0.0
0.0 9.774279724661839e-05 0.0 0.611024843374519 0.0 0.043012366953013824 0.043012366952973995 0.043012366952974 0.043012366952987185 1.552473562063367 0.0 -5.6020920499955606e-06 0.0037426988944444274 0.0 0.0
0.0 0.00022995906724709405 0.0 0.6137313479719954 0.0 0.0421007984412851 0.042100798441285094 0.0421007984412851 0.042100798441285094 1.5524735635505162 0.0 -5.602096918002237e-06 0.00374269889597854 0.0 0.0
0.0 0.0003674793875076581 0.0 0.6164130518024831 0.0 0.041108677665223206 0.041108677665223206 0.04110867766525011 0.04110867766522316 1.5524735658412092 0.0 -5.602104409033723e-06 0.0037426988978245725 0.0 0.0
0.0 0.0005107076470951037 0.0 0.6190600831574768 0.0 0.040027238166733634 0.040027238166733634 0.040027238166733634 0.040027238170520806 1.5524735693943592 0.0 -5.602116184419597e-06 0.0037426988999750897 0.0 0.0
0.0 0.0006598977092345845 0.0 0.62165557206074 0.0 0.038847452771787847 0.03884745277178784 0.03884745277181391 0.03884745276796735 1.5524735749455343 0.0 -5.602134749646902e-06 0.0037426989023571547 0.0 0.0
0.0 0.0008199659832673939 0.0 0.6242492934668605 0.0 0.03751865120589219 0.03751865120589219 0.037518651205865824 0.03751865120586588 1.5524735869971609 0.0 -5.602166517617229e-06 0.003742698907172993 0.0 0.0
0.0 0.0009928255748370312 0.0 0.6267978375244229 0.0 0.03600041550490467 0.03600041550490466 0.03600041550490467 0.03600041550885705 1.552473558895048 0.0 -5.6021464957731944e-06 0.003742698886213282 0.0 0.0
0.0 0.0011736289175205764 0.0 0.6291290127291957 0.0 0.034302104926809664 0.03430210492680963 0.034302104923082256 0.03430210492309728 1.5524735588953882 0.0 -5.60214649668178e-06 0.0037426988862132777 0.0 0.0
0.0 0.0013569152055886325 0.0 0.6310605452737617 0.0 0.032438124825632915 0.0324381248256329 0.03243812482878896 0.03243812482562696 1.5524735588963345 0.0 -5.602146499209494e-06 0.003742698886213262 0.0 0.0
0.0 0.001536633228633991 0.0 0.6324040698329327 0.0 0.03042892687637955 0.030428926876379533 0.030428926876379547 0.030428926876383783 1.5524735588987326 0.0 -5.60214650561272e-06 0.003742698886213227 0.0 0.0
0.0 0.0017060985327243682 0.0 0.6329730829986604 0.0 0.028304217344811086 0.028304217344811086 0.02830421734481108 0.028304217345814436 1.5524735589041843 0.0 -5.602146520168617e-06 0.00374269888621316 0.0 0.0
0.0 0.0018583061643662857 0.0 0.6325959470332614 0.0 0.026102977953087875 0.026102977953087875 0.026102977953087872 0.026102977953087872 1.5524735589151368 0.0 -5.60214654941428e-06 0.003742698886213043 0.0 0.0
0.0 0.001986223510904205 0.0 0.63113187575072 0.0 0.023874741714672996 0.023874741714672985 0.023874741714666654 0.02387474171467299 1.5524735589338141 0.0 -5.602146599281187e-06 0.0037426988862128605 0.0 0.0
0.0 0.0020831229486576973 0.0 0.6284809561416642 0.0 0.02167835877934667 0.021678358779346662 0.021678358779346662 0.021678358775112625 1.5524735589590568 0.0 -5.602146666664539e-06 0.0037426988862126957 0.0 0.0
0.0 0.0021431734786367253 0.0 0.6246041766327509 0.0 0.019580528263450334 0.01958052826345033 0.019580528263450338 0.019580528257429328 1.5524735589815812 0.0 -5.602146726775321e-06 0.003742698886212564 0.0 0.0
0.0 0.0021622251314909733 0.0 0.6195385176113614 0.0 0.017650071443571627 0.017650071443571627 0.017650071443571634 0.017650071435726992 1.5524735589854144 0.0 -5.602146736982882e-06 0.0037426988862125344 0.0 0.0
0.0 0.0021380851917735164 0.0 0.61339700763973 0.0 0.01595418121181763 0.01595418121181763 0.015954181211817634 0.015954181211817527 1.5524735589613583 0.0 -5.602146672759227e-06 0.0037426988862126224 0.0 0.0
0.0 0.0020711781609148686 0.0 0.6063748301194857 0.0 0.014551430685351089 0.01455143068535137 0.014551430685351368 0.014551430685351368 1.55247355892464 0.0 -5.602146574770382e-06 0.0037426988862128193 0.0 0.0
0.0 0.0019647245801976197 0.0 0.598735424181619 0.0 0.013484749660811044 0.013484749660811046 0.013484749660987587 0.013484749660987585 1.5524735589013132 0.0 -5.602146512549457e-06 0.003742698886213043 0.0 0.0
0.0 0.0018246281924394374 0.0 0.5907905538631738 0.0 0.012776391735912314 0.012776391735912312 0.012776391725521368 0.012776391735912314 1.5524735588953171 0.0 -5.602146496575365e-06 0.0037426988862132183 0.0 0.0
0.0 0.0016589936202657236 0.0 0.5828703481647223 0.0 0.012424635711377934 0.012424635711377934 0.012424635711384795 0.01242463570402142 1.552473558894899 0.0 -5.602146495463387e-06 0.0037426988862132794 0.0 0.0
0.0 0.0014775396496649945 0.0 0.5752943327359357 0.0 0.012402238907262374 0.01240223890725112 0.012402238907251114 0.012402239018741863 1.5524735588950198 0.0 -5.604389916819607e-06 0.0037426988861081673 0.0 0.0
0.0 0.001290412530575163 0.0 0.5683342844127814 0.0 0.012660378494964115 0.012660378494964122 0.01266037849496411 0.012660378551601487 1.5524735588934941 0.0 -5.603811426629263e-06 0.0037426988878848863 0.0 0.0
0.0 0.0011075831619250303 0.0 0.5621983003298522 0.0 0.013131626134760628 0.013131626134760628 0.01313162613397841 0.013131626133978414 1.552473558878361 0.0 -5.603191695661832e-06 0.003742698890563067 0.0 0.0
0.0 0.0009376881029450587 0.0 0.5570115681090401 0.0 0.013739419067361335 0.01373941906736133 0.013739419067361331 0.013739419074702448 1.5524735588483187 0.0 -5.602698873842787e-06 0.0037426988914474823 0.0 0.0
0.0 0.0007807394288774008 0.0 0.5526267728661488 0.0 0.014435012693063036 0.01443501269306308 0.01443501269306308 0.01443501269052755 1.5524735588136767 0.0 -5.602436947291728e-06 0.003742698891178914 0.0 0.0
0.0 0.0006326091469047238 0.0 0.5488151288540899 0.0 0.015199286963307124 0.015199286963307131 0.015199286963006882 0.015199286963006882 1.5524735587744252 0.0 -5.6023163349963664e-06 0.003742698890802675 0.0 0.0
0.0 0.0004939050070604174 0.0 0.5455150446664874 0.0 0.0160036381882164 0.016003638188216405 0.0160036381882164 0.016003638187366703 1.5524735587442007 0.0 -5.60224379882278e-06 0.003742698890073195 0.0 0.0
0.0 0.0003644459051643371 0.0 0.5426587965928241 0.0 0.016828204349657785 0.016828204349659148 0.01682820434965913 0.01682820435111053 1.5524735587249954 0.0 -5.602201903399948e-06 0.0037426988892898523 0.0 0.0
0.0 0.00024361293017215201 0.0 0.5401825534366335 0.0 0.017660380932507498 0.0176603809325075 0.01766038093250749 0.017660380932505878 1.5524735587148155 0.0 -5.60217808001141e-06 0.0037426988885961563 0.0 0.0
0.0 0.00013053351460633251 0.0 0.538026413990494 0.0 0.018492320547528727 0.018492320547528713 0.018492320549362836 0.018492320549362836 1.5524735587110432 0.0 -5.6021646878700085e-06 0.0037426988880384544 0.0 0.0
0.0 2.42201354490674e-05 0.0 0.5361394122125618 0.0 0.019320690919771934 0.019320690919775372 0.019320690919775375 0.01932069091977193 1.552473558710145 0.0 -5.60215708812759e-06 0.0037426988876129892 0.0 0.0
0.0 -7.631770751682297e-05 0.0 0.5344765538291488 0.0 0.020144169695135865 0.02014416969513589 0.02014416969513589 0.02014416969513419 1.5524735587104252 0.0 -5.60215275122881e-06 0.003742698887296993 0.0 0.0
0.0 -0.00017218398177579658 0.0 0.5329987938413528 0.0 0.02096494466920751 0.020964944669207525 0.02096494466920914 0.020964944670932878 1.55247355870875 0.0 -5.602150239748241e-06 0.0037426988870701795 0.0 0.0
0.0 -0.00026435672671012116 0.0 0.5316730852400134 0.0 0.021785463303270285 0.021785463303270285 0.021785463303268752 0.021785463301630847 1.5524735587047933 0.0 -5.602148751398497e-06 0.003742698886907171 0.0 0.0
0.0 -0.0003538410158697858 0.0 0.5304713524812135 0.0 0.022610181370471657 0.022610181370471657 0.02261018137047647 0.022610181370473527 1.5524735586964737 0.0 -5.602147839809157e-06 0.003742698886792603 0.0 0.0
0.0 -0.0004416009393178517 0.0 0.5293695099353581 0.0 0.02344431117697219 0.023444311176972196 0.02344431117697219 0.023444311176976318 1.5524735586824987 0.0 -5.602147256664405e-06 0.0037426988867137363 0.0 0.0
0.0 -0.0005285227730649464 0.0 0.528347469380211 0.0 0.024293321478828372 0.02429332147882836 0.024293321478828366 0.024293321478828366 1.552473558661614 0.0 -5.602146857328944e-06 0.003742698886660895 0.0 0.0
0.0 -0.0006155296233193848 0.0 0.5273851350997099 0.0 0.025163181106289848 0.025163181106289848 0.02516318110628985 0.02516318110628724 1.5524735586316971 0.0 -5.6021465669367836e-06 0.003742698886631067 0.0 0.0
0.0 -0.000703575783989229 0.0 0.526463400423512 0.0 0.02606061060372735 0.026060610603727347 0.02606061060372734 0.026060610603730355 1.5524735585893592 0.0 -5.602146330914564e-06 0.0037426988866221837 0.0 0.0
0.0 -0.0007935065473519265 0.0 0.5255661670421168 0.0 0.02699183525153194 0.026991835251531926 0.026991835251531933 0.026991835251531933 1.5524735585315956 0.0 -5.602146109563769e-06 0.003742698886631539 0.0 0.0
0.0 -0.0008863483787075002 0.0 0.5246713274199822 0.0 0.027963570778795535 0.027963570778798102 0.0279635707787981 0.027963570778798096 1.5524735584525884 0.0 -5.602145892317065e-06 0.0037426988866680277 0.0 0.0
0.0 -0.0009831518003084651 0.0 0.5237557737320597 0.0 0.02898253130812174 0.0289825313081191 0.028982531308119105 0.0289825313081191 1.5524735583450497 0.0 -5.602145661635006e-06 0.0037426988867400716 0.0 0.0
0.0 -0.0010850564325433686 0.0 0.5227904076641868 0.0 0.030054671226038863 0.03005467122603886 0.030054671226036087 0.03005467122603608 1.55247355820083 0.0 -5.602145430050384e-06 0.003742698886868624 0.0 0.0
0.0 -0.0011933702957666605 0.0 0.5217391288816308 0.0 0.031185933685454303 0.0311859336854543 0.031185933685454303 0.031185933685454303 1.5524735580072626 0.0 -5.602145242784585e-06 0.0037426988870919342 0.0 0.0
0.0 -0.001307512110261989 0.0 0.5205811524299808 0.0 0.03236153290390635 0.03236153290390636 0.03236153290390636 0.032361532903909626 1.5524735578243558 0.0 -5.602145300860028e-06 0.003742698887387128 0.0 0.0
0.0 -0.0014258474048922127 0.0 0.5193257694707119 0.0 0.03356223047954305 0.033562230479543036 0.03356223047767068 0.03356223047953954 1.5524735576878221 0.0 -5.602145597506656e-06 0.0037426988876809344 0.0 0.0
0.0 -0.0015483449837590093 0.0 0.5179719909574756 0.0 0.03478727457720144 0.03478727457720144 0.03478727457720144 0.03478727457719113 1.5524735575379405 0.0 -5.602146051714156e-06 0.0037426988880242553 0.0 0.0
0.0 -0.0016749793006106642 0.0 0.516517831303316 0.0 0.03603566184016838 0.036035661840168376 0.036035661840168376 0.03603566184227202 1.5524735573748816 0.0 -5.602146716612582e-06 0.0037426988884248047 0.0 0.0
0.0 -0.0018056342233759826 0.0 0.5149643095347688 0.0 0.037306143685571676 0.03730614368557168 0.037306143685571676 0.0373061436855675 1.552473557199176 0.0 -5.602147604284719e-06 0.0037426988888773502 0.0 0.0
0.0 -0.0019402672784606084 0.0 0.5133124296887714 0.0 0.038598471665331 0.03859847166533101 0.03859847166532128 0.03859847166533101 1.5524735570045758 0.0 -5.602148734005555e-06 0.0037426988893891904 0.0 0.0
0.0 -0.0020787623340343406 0.0 0.5115632107923805 0.0 0.039911397203442896 0.03991139720344288 0.039911397203464684 0.039911397203469284 1.5524735567953603 0.0 -5.602150154891312e-06 0.003742698889959352 0.0 0.0
0.0 -0.0022210825590516007 0.0 0.5097166603395931 0.0 0.041244420213209496 0.0412444202132095 0.04124442021320948 0.04124442021320948 1.5524735565658152 0.0 -5.602151917642094e-06 0.0037426988906005495 0.0 0.0
0.0 -0.002367058064614526 0.0 0.5077767944769518 0.0 0.04259654696146243 0.04259654696146244 0.042596546961462436 0.04259654696144901 1.5524735563177294 0.0 -5.602153963195658e-06 0.0037426988912934896 0.0 0.0
0.0 -0.002516646377329612 0.0 0.5057446172406584 0.0 0.04396752899969312 0.043967528999693126 0.04396752899969313 0.04396752899967838 1.552473556043812 0.0 -5.6021563789546615e-06 0.003742698892060187 0.0 0.0
0.0 -0.002669696023313233 0.0 0.5036241410276134 0.0 0.045356622632051896 0.04535662263205186 0.045356622632051855 0.04535662263203582 1.5524735557456188 0.0 -5.6021590932191605e-06 0.003742698892883274 0.0 0.0
0.0 -0.002826116414739859 0.0 0.5014183704517168 0.0 0.04676358261620589 0.04676358261620589 0.04676358261620588 0.046763582622166636 1.552473555416218 0.0 -5.602162128784741e-06 0.0037426988937727295 0.0 0.0
0.0 -0.0029857560779146804 0.0 0.49913131791076915 0.0 0.04818766525971199 0.048187665259712 0.048187665262802264 0.048187665262802305 1.5524735550573374 0.0 -5.6021654454664045e-06 0.0037426988947178853 0.0 0.0
0.0 -0.003148470667780164 0.0 0.49676898513446777 0.0 0.04962888016163764 0.049628880161637655 0.04962888016163769 0.0496288801616436 1.5524735546575985 0.0 -5.602168883714689e-06 0.003742698895710592 0.0 0.0
0.0 -0.003314145540009527 0.0 0.49433537702692776 0.0 0.051086983691910386 0.05108698369191647 0.05108698369191039 0.051086983688668965 1.5524735542148551 0.0 -5.602172506729057e-06 0.003742698896762234 0.0 0.0
0.0 -0.003482623578019722 0.0 0.4918355025258473 0.0 0.05256148378832325 0.05256148378833573 0.05256148378830686 0.05256148378832949 1.5524735537273315 0.0 -5.602176212672309e-06 0.0037426988978588338 0.0 0.0
0.0 -0.003653730736877879 0.0 0.48927736019022683 0.0 0.05405264328567596 0.05405264328567602 0.054052643285676015 0.05405264329246082 1.552473553178553 0.0 -5.60217967690171e-06 0.0037426988989792825 0.0 0.0
0.0 -0.0038273467298988533 0.0 0.48666595146453506 0.0 0.05556047019717843 0.05556047019717843 0.05556047019717838 0.055560470193696726 1.5524735525636681 0.0 -5.602183018974337e-06 0.0037426989001443003 0.0 0.0
0.0 -0.004003260683336617 0.0 0.48400928240395924 0.0 0.05708472729529697 0.05708472729529697 0.057084727295296914 0.0570847272988534 1.552473551877852 0.0 -5.602185901271535e-06 0.003742698901312762 0.0 0.0
0.0 -0.004181316966518229 0.0 0.4813153478213528 0.0 0.058625927441941526 0.058625927441941526 0.05862592744194152 0.05862592744552056 1.552473551096505 0.0 -5.602188141565427e-06 0.003742698902487993 0.0 0.0
