0.0 -0.0008658585660901497 0.0 0.4820209198919661 0.0 0.013619206153909703 0.013619206153909595 0.01361920617559464 0.013619206189947993 1.552473560466974 0.0 -5.602150692916775e-06 0.0037426988862075414 0.0 0.0
0.0 -0.0008636214117410092 0.0 0.4821139322181907 0.0 0.013619352219259374 0.013619352219259362 0.013619352219259369 0.01361935218349487 1.552473558894848 0.0 -5.6002963899940574e-06 0.003742698886213284 0.0 0.0
0.0 -0.000859982734196526 0.0 0.48226598684437366 0.0 0.013619845996443856 0.013619845996443851 0.013619845996443855 0.013619845996443855 1.5524735588948966 0.0 -5.602146495058234e-06 0.003742698886213284 0.0 0.0
0.0 -0.0008549731886268092 0.0 0.48247504343613246 0.0 0.013620431157870982 0.013620431157870223 0.013620431191717412 0.013620431191717412 1.5524735588948966 0.0 -5.602146494260326e-06 0.003742698886213284 0.0 0.0
0.0 -0.0008485980232133251 0.0 0.4827401199429364 0.0 0.01362085611389542 0.013620856113895415 0.013620856113895432 0.013620856113803193 1.5524735588948966 0.0 -5.602146492502094e-06 0.003742698886213284 0.0 0.0
0.0 -0.000840966239794435 0.0 0.4830582080035191 0.0 0.013621616079195728 0.013621616079135795 0.013621616076472243 0.01362161607913579 1.5524735588948966 0.0 -5.602146489418481e-06 0.003742698886213284 0.0 0.0
0.0 -0.0008321259528267412 0.0 0.483427307040467 0.0 0.013622707848154395 0.013622707848156466 0.013622707845981095 0.01362270790388489 1.5524735588948966 0.0 -5.602146484566258e-06 0.003742698886213284 0.0 0.0
0.0 -0.0008220643893837007 0.0 0.4838464242602197 0.0 0.013623629782677603 0.013623629782677614 0.01362362978267239 0.01362362978825082 1.5524735588948966 0.0 -5.602146477378704e-06 0.003742698886213284 0.0 0.0
0.0 -0.0008108721362252149 0.0 0.48431255504908804 0.0 0.013624627100697263 0.013624627100697232 0.013624627100594245 0.013624626990605248 1.5524735588948966 0.0 -5.602146467790495e-06 0.0037426988862132838 0.0 0.0
0.0 -0.0007985973078099258 0.0 0.4848236988296568 0.0 0.01362569655531694 0.013625696555316952 0.013625696555316967 0.013625696420823376 1.5524735588948966 0.0 -5.602146455405832e-06 0.003742698886213285 0.0 0.0
0.0 -0.0007852823764406618 0.0 0.48537885156564414 0.0 0.013627086563881294 0.013627086563881275 0.013627086563874223 0.01362708656388127 1.5524735588948966 0.0 -5.602146439627353e-06 0.0037426988862132838 0.0 0.0
0.0 -0.000770962683646735 0.0 0.4859750198860877 0.0 0.013628292351994803 0.013628292351994805 0.013628292351837686 0.013628292198726282 1.5524735588948966 0.0 -5.602146421040855e-06 0.003742698886213284 0.0 0.0
0.0 -0.000755704758964682 0.0 0.4866101994660007 0.0 0.013629560588675043 0.013629560605915228 0.013629560605915275 0.013629560605899253 1.5524735588948966 0.0 -5.602146399318941e-06 0.003742698886213284 0.0 0.0
0.0 -0.0007395142445402928 0.0 0.48728339376424895 0.0 0.013630639786505637 0.013630639786505647 0.013630639786505666 0.013630639786505652 1.5524735588948966 0.0 -5.602146373807643e-06 0.003742698886213284 0.0 0.0
0.0 -0.0007225001422173153 0.0 0.48799159441957746 0.0 0.013632025138647854 0.013632025138606944 0.013632025138606936 0.013632025116770108 1.5524735588948966 0.0 -5.602146346000444e-06 0.003742698886213284 0.0 0.0
0.0 -0.0007046553212139624 0.0 0.4887328120972966 0.0 0.013632963321130783 0.013632963321053368 0.013632963321537944 0.013632963321537945 1.5524735588948966 0.0 -5.602146315521583e-06 0.003742698886213283 0.0 0.0
0.0 -0.0006860406689172717 0.0 0.4895060390135515 0.0 0.013633952822994611 0.013633952822912855 0.013633952822579102 0.01363395282299458 1.5524735588948966 0.0 -5.60214628162067e-06 0.0037426988862132864 0.0 0.0
0.0 -0.0006666915268572547 0.0 0.49030828179738806 0.0 0.013634537345806809 0.013634537343302437 0.013634537161651153 0.013634343156261827 1.5524735588948966 0.0 -5.60214624675244e-06 0.0037426988862132846 0.0 0.0
0.0 -0.0006466928396375129 0.0 0.4911375323762507 0.0 0.013635067976061519 0.013635067976579375 0.013635067976061557 0.013635067976579403 1.5524735588948966 0.0 -5.602146210436385e-06 0.0037426988862132846 0.0 0.0
0.0 -0.0006260318343403572 0.0 0.4919927979565713 0.0 0.013635188716363694 0.013635188716111689 0.013635188918931264 0.013635188918931253 1.5524735588948966 0.0 -5.602146171655969e-06 0.0037426988862132846 0.0 0.0
0.0 -0.0005991328763454135 0.0 0.49310514897235086 0.0 0.013634971650446415 0.013634971650446408 0.013634971650446411 0.013634971674336032 1.5524735588948966 0.0 -5.602145565627204e-06 0.0037426988862132807 0.0 0.0
0.0 -0.0005609481016748164 0.0 0.49468066362171265 0.0 0.013633496634203646 0.01363349663420364 0.013633496634240459 0.013633496634243 1.5524735588948966 0.0 -5.6021427359147005e-06 0.0037426988862133237 0.0 0.0
0.0 -0.0005124029694981915 0.0 0.4966793378438505 0.0 0.013630199533797786 0.013630199533799398 0.013630199533830706 0.013630199533799398 1.5524735588948966 0.0 -5.602136689829529e-06 0.0037426988862135496 0.0 0.0
0.0 -0.0004543804667224959 0.0 0.49906217161471333 0.0 0.01362426769647312 0.01362426769647199 0.013624267697662087 0.013624267724614843 1.5524735588948964 0.0 -5.6021265015185294e-06 0.0037426988862143654 0.0 0.0
0.0 -0.00038780041018590097 0.0 0.5017901574191929 0.0 0.01361538856830908 0.013615388568309083 0.013615388568284745 0.013615388568284743 1.5524735588948964 0.0 -5.602111759217654e-06 0.0037426988862162927 0.0 0.0
0.0 -0.0003136307311713512 0.0 0.5048222871704362 0.0 0.013603246338224304 0.013603246338225062 0.013603246339056038 0.013603246361592656 1.5524735588948981 0.0 -5.602092780727552e-06 0.0037426988862200705 0.0 0.0
0.0 -0.00023288896374662498 0.0 0.5081185380837168 0.0 0.013588527003148151 0.01358852700314815 0.01358852700314815 0.013588527003148885 1.5524735588949015 0.0 -5.602070359387341e-06 0.0037426988862248635 0.0 0.0
0.0 -0.00014652611258440026 0.0 0.5116408917017293 0.0 0.013571669685712362 0.013571669685712355 0.013571669685671701 0.013571669685712358 1.5524735588949066 0.0 -5.602045596093353e-06 0.003742698886230617 0.0 0.0
0.0 -5.5639013997652776e-05 0.0 0.5153483137176202 0.0 0.013554108872941393 0.013554108872963168 0.013554108872962309 0.013554108872962312 1.5524735588949081 0.0 -5.602020469760257e-06 0.003742698886234244 0.0 0.0
0.0 3.8742025030880244e-05 0.0 0.5192017741470147 0.0 0.013537032215320715 0.013537032215296185 0.013537032215319645 0.013537032215296186 1.5524735588949052 0.0 -5.601996639495405e-06 0.003742698886235094 0.0 0.0
0.0 0.00013553145250403976 0.0 0.5231622317644994 0.0 0.013522377484948516 0.013522377484948514 0.013522377483214967 0.013522377452129378 1.552473558894898 0.0 -5.6019759828692475e-06 0.00374269888623075 0.0 0.0
0.0 0.000233595601939061 0.0 0.5271886447690087 0.0 0.01351207920040767 0.013512079200407675 0.013512079200362544 0.013512079248593245 1.552473558894894 0.0 -5.601960595600931e-06 0.003742698886222934 0.0 0.0
0.0 0.00033184892090002636 0.0 0.5312419719288524 0.0 0.01350807518726092 0.013508075187260911 0.013508075187260916 0.013508075187260915 1.552473558894896 0.0 -5.601951546711177e-06 0.003742698886215363 0.0 0.0
0.0 0.00042922427237147625 0.0 0.5352831757584726 0.0 0.013512053122511258 0.013512053129441374 0.01351205312495177 0.013512053129441396 1.5524735588948975 0.0 -5.601949735315961e-06 0.003742698886213284 0.0 0.0
0.0 0.0005246248195128958 0.0 0.539271221941034 0.0 0.013525447511493555 0.01352544751125658 0.013525447511493573 0.013525447511493581 1.5524735588948972 0.0 -5.601955851529731e-06 0.0037426988862121024 0.0 0.0
0.0 0.0006170330279314467 0.0 0.5431660876809629 0.0 0.01354894433061585 0.013548944261527059 0.013548944330362325 0.013548944330362325 1.5524735588948968 0.0 -5.601969315445212e-06 0.0037426988862093624 0.0 0.0
0.0 0.0007054497780162727 0.0 0.5469277539265965 0.0 0.01358297946563021 0.013582979465682533 0.013582979465630215 0.013582979465527 1.5524735588948961 0.0 -5.60198905802157e-06 0.0037426988862051887 0.0 0.0
0.0 0.0007889496106206352 0.0 0.5505162166117762 0.0 0.01362698875484387 0.013626988754830928 0.013626988754937158 0.013626988741139354 1.5524735588948948 0.0 -5.602013404999455e-06 0.003742698886200578 0.0 0.0
0.0 0.000866619839087718 0.0 0.5538904788743007 0.0 0.013679906274539608 0.013679906274546646 0.013679906274470289 0.013679906274470294 1.552473558894893 0.0 -5.602040364986755e-06 0.00374269888619679 0.0 0.0
0.0 0.0009376879666753806 0.0 0.5570115631624014 0.0 0.013739419141922065 0.013739419141926149 0.013739419141926158 0.013739419202792166 1.5524735588948912 0.0 -5.602067329288642e-06 0.0037426988861951273 0.0 0.0
0.0 0.0010056464410054785 0.0 0.5600284936133597 0.0 0.013807016516564529 0.013807016516610638 0.013807016513629648 0.013807016516564513 1.5524735588948881 0.0 -5.602076173382173e-06 0.003742698886191128 0.0 0.0
0.0 0.0010744094599842368 0.0 0.5631063066376583 0.0 0.0138837130584003 0.013883713058400287 0.013883713016217485 0.013883713060933273 1.5524735588948828 0.0 -5.6020690542064565e-06 0.003742698886183298 0.0 0.0
0.0 0.001143866849007798 0.0 0.566232039836421 0.0 0.013966737483609177 0.013966737483609168 0.01396673748360917 0.013966737525967153 1.552473558894878 0.0 -5.602062706399828e-06 0.003742698886176798 0.0 0.0
0.0 0.0012138730887891603 0.0 0.5693897373133621 0.0 0.014052813706519127 0.014052813706521275 0.014052813706521262 0.014052813704193166 1.552473558894875 0.0 -5.602057694068225e-06 0.0037426988861730165 0.0 0.0
0.0 0.0012843916613763508 0.0 0.5725664515279726 0.0 0.014138170271271584 0.014138170271271603 0.014138170271271603 0.014138170273659413 1.5524735588948757 0.0 -5.602053908326945e-06 0.003742698886172908 0.0 0.0
0.0 0.00135530674659829 0.0 0.5757482234114977 0.0 0.014219784290441427 0.014219784290441405 0.014219784287676446 0.01421978429044142 1.5524735588948788 0.0 -5.602051626060861e-06 0.003742698886176055 0.0 0.0
0.0 0.0014265945996046728 0.0 0.5789211126317418 0.0 0.014293382667914854 0.014293382667914861 0.014293382667914861 0.014293382671299475 1.5524735588948846 0.0 -5.602050960209332e-06 0.0037426988861830393 0.0 0.0
0.0 0.00149811534290376 0.0 0.5820701598304546 0.0 0.014355940903119549 0.01435594090311953 0.014355940903119542 0.01435594090311954 1.55247355889489 0.0 -5.602052089073504e-06 0.003742698886191739 0.0 0.0
0.0 0.0015697106840036508 0.0 0.5851804019000982 0.0 0.014404684526654145 0.0144046845266612 0.01440468451906116 0.014404684526661196 1.552473558894894 0.0 -5.602054997409217e-06 0.0037426988862005886 0.0 0.0
0.0 0.0016412166881567718 0.0 0.5882358791926187 0.0 0.014436587432891865 0.01443658743290783 0.014436587432907832 0.01443658739875306 1.5524735588948961 0.0 -5.602059704124274e-06 0.0037426988862081247 0.0 0.0
0.0 0.0017123348729400248 0.0 0.5912196092847701 0.0 0.01445012219446729 0.014450122194467334 0.014450121878215535 0.014450122194376865 1.5524735588948968 0.0 -5.602066132720457e-06 0.0037426988862124867 0.0 0.0
0.0 0.0017827483408129575 0.0 0.5941146060042074 0.0 0.014444011148940512 0.014444011148936385 0.014444011148988016 0.014444011148988016 1.552473558894896 0.0 -5.6020739931565e-06 0.003742698886215267 0.0 0.0
0.0 0.0018520665338280162 0.0 0.596903868187665 0.0 0.014417977229805241 0.014417977229805238 0.01441797722979596 0.014417977219886122 1.5524735588949732 0.0 -5.602082920811517e-06 0.0037426988862400566 0.0 0.0
0.0 0.001919838006680582 0.0 0.5995693868881986 0.0 0.014372241525518708 0.014372241525474361 0.014372241525474363 0.01437224152551871 1.5524735588957024 0.0 -5.602092571883683e-06 0.0037426988862869787 0.0 0.0
0.0 0.0019855064656308092 0.0 0.6020941272128556 0.0 0.014308777086668676 0.014308777086668676 0.014308777086668683 0.014308777086668683 1.55247355889794 0.0 -5.602102387879423e-06 0.003742698886339974 0.0 0.0
0.0 0.0020484915597384235 0.0 0.6044600539811426 0.0 0.014229555350147317 0.014229555350147319 0.014229555350147319 0.014229555350147886 1.5524735589023755 0.0 -5.6021119648491665e-06 0.0037426988863870016 0.0 0.0
0.0 0.0021081633351870636 0.0 0.606650117310212 0.0 0.014137549507377096 0.014137549507377096 0.014137549507377088 0.014137549508634164 1.5524735589086915 0.0 -5.6021207921177276e-06 0.003742698886415208 0.0 0.0
0.0 0.0021638959918319238 0.0 0.6086512497341451 0.0 0.014036989350583881 0.01403698935058388 0.014036989350585343 0.01403698935058388 1.5524735589149175 0.0 -5.60212836109915e-06 0.0037426988864162985 0.0 0.0
0.0 0.0022150156152251676 0.0 0.6104483832129051 0.0 0.013932101462970732 0.013932101462970733 0.013932101462970725 0.01393210146297229 1.5524735589190555 0.0 -5.602134581232249e-06 0.0037426988863931017 0.0 0.0
0.0 0.002260835517919164 0.0 0.612027442499809 0.0 0.013827614108154225 0.013827614108155757 0.013827614108154218 0.013827614108154218 1.5524735589191947 0.0 -5.602139339768882e-06 0.0037426988863524676 0.0 0.0
0.0 0.0023026717160627088 0.0 0.6134454328019012 0.0 0.013724368808385345 0.013724368808385347 0.013724368806801135 0.013724368806801134 1.5524735589185645 0.0 -5.602141816905568e-06 0.003742698886323991 0.0 0.0
0.0 0.002342182669963817 0.0 0.6147743599223033 0.0 0.013623481166917287 0.01362348116691729 0.01362348116691729 0.013623481166917284 1.5524735589169594 0.0 -5.602142863970225e-06 0.0037426988863071015 0.0 0.0
0.0 0.002379356783504329 0.0 0.6160251708320769 0.0 0.013528719387129387 0.013528719387129389 0.013528719387129393 0.013528719387124048 1.552473558912462 0.0 -5.602143621774465e-06 0.0037426988862873972 0.0 0.0
0.0 0.0024143226495738097 0.0 0.6172108318091566 0.0 0.013442604695537064 0.013442604695537062 0.013442604695537066 0.013442604695538317 1.5524735589071432 0.0 -5.6021441512443265e-06 0.00374269888626887 0.0 0.0
0.0 0.0024471381781310223 0.0 0.6183383223898141 0.0 0.013366648546427188 0.01336664854642719 0.013366648546426056 0.01336664854521522 1.5524735589024647 0.0 -5.602144557067836e-06 0.003742698886252805 0.0 0.0
0.0 0.0024779278087717284 0.0 0.6194166264346542 0.0 0.013302115560334112 0.01330211556033411 0.013302115560335101 0.013302115560335104 1.552473558898917 0.0 -5.602144855600838e-06 0.0037426988862396477 0.0 0.0
0.0 0.0025068174697519333 0.0 0.6204517419286715 0.0 0.01324926539739568 0.013249265397395677 0.013249265397395679 0.013249265398262065 1.5524735588967367 0.0 -5.602145088895938e-06 0.0037426988862297433 0.0 0.0
0.0 0.002533957146649581 0.0 0.6214506671452775 0.0 0.013208359319784393 0.013208359319784393 0.013208359319783838 0.013208359319783838 1.5524735588955674 0.0 -5.60214526483232e-06 0.003742698886222558 0.0 0.0
0.0 0.002559448710579191 0.0 0.6224183997805904 0.0 0.013179655381575438 0.013179655381575438 0.013179655381575438 0.013179655381697394 1.5524735588950613 0.0 -5.6021454033867525e-06 0.003742698886217621 0.0 0.0
0.0 0.0025834308628052867 0.0 0.6233599450257507 0.0 0.013162911562486754 0.013162911562486753 0.013162911562481833 0.013162911562485882 1.5524735588949157 0.0 -5.6021455105473e-06 0.003742698886214706 0.0 0.0
0.0 0.002605968644268848 0.0 0.6242802930815955 0.0 0.013158885994842776 0.013158885994835393 0.013158885994724997 0.013158885986948749 1.5524735588948966 0.0 -5.602145591010102e-06 0.0037426988862133696 0.0 0.0
0.0 0.0026271639260463477 0.0 0.6251844416441025 0.0 0.01316783673859649 0.013167836738596513 0.013167836738636692 0.013167836695733645 1.5524735588948966 0.0 -5.602145648342133e-06 0.003742698886213245 0.0 0.0
0.0 0.002647076106904075 0.0 0.6260763843729948 0.0 0.013190270257299661 0.013190270257299375 0.013190270256986674 0.013190270257285367 1.5524735588948966 0.0 -5.602145688796034e-06 0.003742698886213037 0.0 0.0
0.0 0.0026656852831416964 0.0 0.6269591033965519 0.0 0.013227441582012514 0.013227441582012514 0.013227441582111504 0.013227441574025278 1.552473558894896 0.0 -5.6021457174974614e-06 0.003742698886212619 0.0 0.0
0.0 0.0026829659088957827 0.0 0.6278345843019265 0.0 0.013280354051764276 0.013280354051764282 0.013280354056879504 0.0132803540568843 1.552473558894894 0.0 -5.6021457386974594e-06 0.003742698886211945 0.0 0.0
0.0 0.0026987947207882087 0.0 0.6287037973972447 0.0 0.013351009585348473 0.013351009585348472 0.013351009585348465 0.013351009585345384 1.552473558894888 0.0 -5.602145756247948e-06 0.0037426988862109246 0.0 0.0
0.0 0.002712952226507052 0.0 0.6295637118359086 0.0 0.01344140366421687 0.01344140366421687 0.013441403664230623 0.013441403664230637 1.5524735588948737 0.0 -5.6021457836219355e-06 0.0037426988862094843 0.0 0.0
0.0 0.0027251877457571405 0.0 0.6304122858171599 0.0 0.013554283498746074 0.013554283498747353 0.013554283498747337 0.013554283498753353 1.5524735588948406 0.0 -5.602145816828405e-06 0.003742698886207493 0.0 0.0
0.0 0.0027350397253246878 0.0 0.631239471483232 0.0 0.013692633505881907 0.013692633505881903 0.013692633505881903 0.01369263350662758 1.5524735588947702 0.0 -5.6021458793198695e-06 0.003742698886204985 0.0 0.0
0.0 0.0027419800824795303 0.0 0.6320332166511836 0.0 0.013859684933931277 0.013859684933931273 0.013859684933931521 0.013859684933931523 1.552473558894627 0.0 -5.602145969934597e-06 0.0037426988862020974 0.0 0.0
0.0 0.0027452746398222787 0.0 0.6327515654094393 0.0 0.01405161986775322 0.014051619867753221 0.014051619867753218 0.014051619867753218 1.5524735588944247 0.0 -5.602146140275505e-06 0.0037426988862011333 0.0 0.0
0.0 0.0027449608521674857 0.0 0.6333686451636413 0.0 0.014259395257689086 0.014259395257689085 0.014259395257689367 0.01425939525768937 1.5524735588942453 0.0 -5.602146299960963e-06 0.0037426988862027254 0.0 0.0
0.0 0.002741368702287392 0.0 0.6338875092455262 0.0 0.01447951538628073 0.01447951538628073 0.014479515386281104 0.014479515386281103 1.5524735588940717 0.0 -5.602146395856519e-06 0.003742698886204857 0.0 0.0
0.0 0.0027347913427947963 0.0 0.6343112034922773 0.0 0.014708984611666167 0.01470898461166617 0.014708984611666164 0.014708984611241321 1.5524735588939167 0.0 -5.602146449230319e-06 0.003742698886207133 0.0 0.0
0.0 0.0027255204376809413 0.0 0.6346457596168363 0.0 0.014945812253036582 0.014945812253036582 0.01494581225303658 0.014945812253036985 1.5524735588937777 0.0 -5.602146475321349e-06 0.0037426988862091543 0.0 0.0
0.0 0.0027137754792465343 0.0 0.6348942084660113 0.0 0.015188002819614528 0.015188002819614525 0.01518800281961453 0.015188002819614528 1.552473558893665 0.0 -5.602146486809142e-06 0.003742698886210852 0.0 0.0
0.0 0.0026998353585632245 0.0 0.6350635745462413 0.0 0.015434067309718016 0.015434067309717778 0.01543406730971777 0.015434067309975286 1.5524735588935754 0.0 -5.602146490656462e-06 0.0037426988862120604 0.0 0.0
0.0 0.002683894022072248 0.0 0.6351588742913908 0.0 0.01568301359037174 0.015683013590371737 0.01568301359037174 0.01568301359037178 1.552473558893503 0.0 -5.6021464915088486e-06 0.003742698886212807 0.0 0.0
0.0 0.002666054829468606 0.0 0.6351821195215966 0.0 0.015934094755320153 0.015934094755320153 0.01593409475532011 0.015934094755282763 1.5524735588934448 0.0 -5.602146491489142e-06 0.0037426988862131437 0.0 0.0
0.0 0.0026465045964269985 0.0 0.6351403160053885 0.0 0.016187071991662322 0.016187071991662322 0.016187071991662246 0.01618707199166225 1.55247355889339 0.0 -5.6021464913430995e-06 0.0037426988862132187 0.0 0.0
0.0 0.0026253339097076682 0.0 0.635036468356447 0.0 0.01644170007234521 0.016441700072345203 0.016441700072345376 0.016441700072345206 1.5524735588933396 0.0 -5.602146491252773e-06 0.0037426988862134993 0.0 0.0
0.0 0.0026026517711498056 0.0 0.6348735849360461 0.0 0.016697483732494696 0.016697483732494696 0.01669748373249444 0.016697483732767148 1.5524735588933 0.0 -5.602146491437094e-06 0.0037426988862140007 0.0 0.0
0.0 0.0025785048065875347 0.0 0.6346566521974062 0.0 0.016955431140835676 0.01695543114083568 0.016955431140836 0.01695543114083586 1.5524735588932337 0.0 -5.6021464920398595e-06 0.003742698886214682 0.0 0.0
0.0 0.0025530020178551427 0.0 0.634388678501797 0.0 0.01721504703242984 0.01721504703242984 0.01721504703242984 0.017215047032429244 1.5524735588931782 0.0 -5.6021464934377925e-06 0.0037426988862155203 0.0 0.0
0.0 0.0025261716157153964 0.0 0.6340746465548679 0.0 0.01747758961356656 0.017477589613566564 0.017477589613566127 0.017477589613566127 1.5524735588930867 0.0 -5.602146495615102e-06 0.0037426988862164744 0.0 0.0
0.0 0.0024980432995322507 0.0 0.6337165531864616 0.0 0.01774331212909995 0.01774331212909995 0.017743312129099947 0.017743312129099947 1.5524735588929839 0.0 -5.602146498922479e-06 0.0037426988862175846 0.0 0.0
0.0 0.0024686877523801866 0.0 0.633320385138508 0.0 0.018013224351117626 0.01801322435111763 0.018013224351117116 0.018013224351117116 1.5524735588928458 0.0 -5.602146502940691e-06 0.0037426988862187564 0.0 0.0
0.0 0.0024381331849989358 0.0 0.6328911251166511 0.0 0.018288584485905826 0.01828858448590583 0.018288584485905833 0.01828858448590583 1.552473558892659 0.0 -5.602146507454058e-06 0.003742698886220014 0.0 0.0
0.0 0.002406450280461018 0.0 0.6324347598628292 0.0 0.01857040230575028 0.018570402305750845 0.018570402305141866 0.018570402305750845 1.5524735588924234 0.0 -5.602146511914105e-06 0.003742698886221293 0.0 0.0
0.0 0.002373678533817848 0.0 0.6319582651649321 0.0 0.018860439299115662 0.018860439299115656 0.01886043929911507 0.018860439298483214 1.552473558892101 0.0 -5.602146515486223e-06 0.0037426988862225615 0.0 0.0
0.0 0.002340198707183807 0.0 0.6314736632252901 0.0 0.019157464520125837 0.019157464520125227 0.01915746452012523 0.01915746452012523 1.552473558891798 0.0 -5.602146516660304e-06 0.003742698886223379 0.0 0.0
0.0 0.002306278407300579 0.0 0.6309859854680377 0.0 0.019459485685152343 0.019459485685152343 0.019459485685152347 0.019459485685152954 1.5524735588915575 0.0 -5.6021465168344484e-06 0.00374269888622388 0.0 0.0
0.0 0.0022719048612662176 0.0 0.630496224686744 0.0 0.01976700447249456 0.019767004472493938 0.019767004473153573 0.019767004473152893 1.5524735588912784 0.0 -5.602146516667945e-06 0.0037426988862243995 0.0 0.0
0.0 0.002236974709393778 0.0 0.6300023690612537 0.0 0.020080767789172383 0.020080767789172376 0.020080767789172383 0.020080767789173004 1.552473558890943 0.0 -5.6021465168788855e-06 0.0037426988862250803 0.0 0.0
0.0 0.002201512008897697 0.0 0.6295054188802909 0.0 0.02040077723780343 0.02040077723780343 0.020400777237804063 0.020400777237804067 1.5524735588905823 0.0 -5.6021465167862455e-06 0.003742698886225741 0.0 0.0
0.0 0.002165443099487794 0.0 0.6290053591535546 0.0 0.020728032969474834 0.020728032969474834 0.02072803296947419 0.020728032969473474 1.552473558890137 0.0 -5.6021465164865746e-06 0.0037426988862265076 0.0 0.0
0.0 0.0021287255088484193 0.0 0.6285011858447636 0.0 0.02106278341842389 0.021062783418422507 0.021062783418423155 0.02106278341842324 1.5524735588896394 0.0 -5.6021465163455885e-06 0.0037426988862273975 0.0 0.0
0.0 0.002091370521283717 0.0 0.6279948920361502 0.0 0.02140553186730515 0.021405531867304484 0.02140553186730449 0.021405531866601386 1.552473558889066 0.0 -5.602146515461554e-06 0.0037426988862282523 0.0 0.0
0.0 0.002053274777112662 0.0 0.6274844659076404 0.0 0.02175702522159609 0.021757025221596758 0.02175702522159676 0.021757025221596005 1.5524735588883873 0.0 -5.602146514886434e-06 0.0037426988862293144 0.0 0.0
0.0 0.0020144439184798545 0.0 0.6269709040003043 0.0 0.02211751512314419 0.022117515123144183 0.022117515123144187 0.022117515123144187 1.5524735588876255 0.0 -5.602146513823071e-06 0.003742698886230401 0.0 0.0
0.0 0.0019748708146157747 0.0 0.6264561956488802 0.0 0.022487754891892822 0.022487754891892822 0.022487754891893603 0.02248775489189497 1.552473558886726 0.0 -5.6021465118063635e-06 0.003742698886231454 0.0 0.0
0.0 0.0019344889359851215 0.0 0.6259383365283302 0.0 0.0228679913585315 0.02286799135853149 0.022867991358531497 0.022867991358530713 1.5524735588857141 0.0 -5.6021465101017325e-06 0.003742698886232742 0.0 0.0
0.0 0.0018932727367555126 0.0 0.6254193122257963 0.0 0.023259227880839183 0.023259227880839183 0.02325922788083778 0.02325922788083778 1.5524735588844962 0.0 -5.602146507241835e-06 0.003742698886234032 0.0 0.0
0.0 0.0018512278590531112 0.0 0.624900119282399 0.0 0.02366171609998604 0.02366171609998605 0.023661716099986047 0.023661716100743618 1.5524735588831207 0.0 -5.602146503651723e-06 0.0037426988862353026 0.0 0.0
0.0 0.0018083415299675408 0.0 0.6243817504917074 0.0 0.024075957695025695 0.024075957695027104 0.024075957695789164 0.024075957695789168 1.5524735588815355 0.0 -5.602146499184981e-06 0.003742698886236588 0.0 0.0
0.0 0.0017645585042634188 0.0 0.6238641946109815 0.0 0.024502702779561916 0.024502702779561913 0.024502702779563353 0.024502702779563356 1.5524735588796732 0.0 -5.602146493973643e-06 0.003742698886237986 0.0 0.0
0.0 0.0017199141235018302 0.0 0.6233504450112372 0.0 0.02494245623831301 0.024942456238313013 0.024942456239083338 0.024942456239084126 1.5524735588775247 0.0 -5.602146487079588e-06 0.0037426988862391554 0.0 0.0
0.0 0.001674371557497377 0.0 0.6228404941972369 0.0 0.025395718148355253 0.025395718148355246 0.02539571814835525 0.025395718147583665 1.5524735588750465 0.0 -5.602146479320149e-06 0.003742698886240395 0.0 0.0
0.0 0.0016279477327568795 0.0 0.6223373317923575 0.0 0.025863243431739496 0.0258632434317395 0.0258632434317395 0.025863243430968835 1.552473558872139 0.0 -5.602146469568646e-06 0.0037426988862413473 0.0 0.0
0.0 0.001580653933524208 0.0 0.6218429508789556 0.0 0.02634553537133821 0.026345535371338196 0.026345535371339632 0.026345535371339636 1.5524735588687821 0.0 -5.602146458139875e-06 0.0037426988862421058 0.0 0.0
0.0 0.0015323371971484433 0.0 0.6213563249352654 0.0 0.026844342627302932 0.02684434262730293 0.02684434262730293 0.02684434262730293 1.552473558864606 0.0 -5.602146444891173e-06 0.0037426988862430868 0.0 0.0
0.0 0.0014827795199084486 0.0 0.6208714372387768 0.0 0.027360655729256052 0.02736065572925606 0.027360655729256056 0.02736065572849011 1.5524735588596263 0.0 -5.602146431080785e-06 0.0037426988862449876 0.0 0.0
0.0 0.00143179972828303 0.0 0.6203822785621066 0.0 0.027894965130993914 0.027894965130993907 0.027894965130993172 0.027894965130216966 1.552473558853842 0.0 -5.602146416657667e-06 0.003742698886247848 0.0 0.0
0.0 0.0013791459656583085 0.0 0.619876852935912 0.0 0.02844675151500902 0.02844675151500902 0.02844675151500902 0.02844675151500902 1.5524735588474743 0.0 -5.602146404046888e-06 0.003742698886252828 0.0 0.0
0.0 0.001324620132077225 0.0 0.6193461615095003 0.0 0.02901575041181279 0.02901575041181437 0.029015750411814364 0.0290157504118135 1.5524735588404068 0.0 -5.6021463929766805e-06 0.003742698886260071 0.0 0.0
0.0 0.0012678981993085282 0.0 0.6187752074474516 0.0 0.02960143769277207 0.029601437692772074 0.02960143769277307 0.02960143769277307 1.5524735588326972 0.0 -5.602146387497823e-06 0.003742698886271405 0.0 0.0
0.0 0.0012086377239824446 0.0 0.6181489901667104 0.0 0.030203539266736475 0.030203539266736475 0.03020353926673647 0.030203539266736475 1.5524735588242127 0.0 -5.602146391698857e-06 0.0037426988862883036 0.0 0.0
0.0 0.001146492109183395 0.0 0.6174485266675785 0.0 0.030820524441183775 0.03082052444118377 0.030820524441182287 0.030820524441185774 1.5524735588155487 0.0 -5.6021464181601415e-06 0.003742698886313467 0.0 0.0
0.0 0.0010810722857054575 0.0 0.6166538299138447 0.0 0.03145111095612891 0.031451110956128896 0.03145111095730911 0.031451110957304684 1.5524735588066965 0.0 -5.602146485472432e-06 0.0037426988863502614 0.0 0.0
0.0 0.001011942558524838 0.0 0.6157399264165084 0.0 0.03209300838725018 0.03209300838725019 0.03209300838724528 0.03209300838461748 1.552473558798366 0.0 -5.602146636515725e-06 0.0037426988864040925 0.0 0.0
0.0 0.0009387465349031234 0.0 0.6146828542179629 0.0 0.03274317779459883 0.03274317779460428 0.03274317779459883 0.032743177794604277 1.5524735587912746 0.0 -5.602146939835263e-06 0.0037426988864791167 0.0 0.0
0.0 0.0008610939693551677 0.0 0.6134526721146114 0.0 0.03339707039799579 0.0333970703979958 0.03339707039799579 0.03339707039799579 1.5524735587867233 0.0 -5.6021475418916645e-06 0.003742698886582706 0.0 0.0
0.0 0.000778644219415864 0.0 0.612018453605225 0.0 0.03404913565912711 0.034049135659127115 0.03404913565912711 0.0340491356591271 1.5524735587857124 0.0 -5.6021486934206014e-06 0.003742698886719281 0.0 0.0
0.0 0.0006913073227671081 0.0 0.610351313990577 0.0 0.03469107583427996 0.03469107583427996 0.03469107583427995 0.034691075834294115 1.5524735587901906 0.0 -5.602150802292784e-06 0.003742698886884265 0.0 0.0
0.0 0.000599031636295385 0.0 0.6084193901929953 0.0 0.035313088140091334 0.03531308814009133 0.03531308814009134 0.03531308814010036 1.5524735588006693 0.0 -5.6021545925165045e-06 0.0037426988870694964 0.0 0.0
0.0 0.0005021251989934561 0.0 0.6061958692994072 0.0 0.03590212732029403 0.03590212732029403 0.03590212732029403 0.0359021273203043 1.5524735588175558 0.0 -5.602161086158399e-06 0.003742698887242507 0.0 0.0
0.0 0.00040125573236923285 0.0 0.6036589885617646 0.0 0.03644190564246186 0.036441905642461844 0.03644190564246185 0.036441905641198 1.5524735588392757 0.0 -5.602171697687416e-06 0.003742698887351596 0.0 0.0
0.0 0.00029766715546392954 0.0 0.6008010379914375 0.0 0.0369129073278875 0.036912907327887504 0.036912907327888086 0.0369129073278875 1.552473558862055 0.0 -5.602187741953058e-06 0.003742698887326372 0.0 0.0
0.0 0.000193149885123611 0.0 0.5976263635283443 0.0 0.03729213531177532 0.03729213531177532 0.03729213531177532 0.03729213531177536 1.5524735588808745 0.0 -5.602210251743841e-06 0.0037426988871146227 0.0 0.0
0.0 9.040169401525163e-05 0.0 0.5941663713544701 0.0 0.03755313529932707 0.03755313529932707 0.03755313529932707 0.03755313529250923 1.5524735588917213 0.0 -5.60223785583337e-06 0.003742698886727393 0.0 0.0
0.0 -1.509860658868344e-05 0.0 0.5901683072956667 0.0 0.037674248383023405 0.037674248383021004 0.037674248383021004 0.0376742483843073 1.5524735588947578 0.0 -5.602311976591189e-06 0.003742698886364462 0.0 0.0
0.0 -0.00012239265608738424 0.0 0.5854830576927345 0.0 0.037593224693950676 0.03759322469395069 0.03759322469395068 0.037593224693995966 1.5524735588953618 0.0 -5.60246427433499e-06 0.003742698885998027 0.0 0.0
0.0 -0.0002193093608622677 0.0 0.5803987764502456 0.0 0.03723901397158591 0.037239013971588665 0.03723901397232353 0.037239013972308034 1.5524735590537115 0.0 -5.60259772127002e-06 0.0037426988812141395 0.0 0.0
0.0 -0.0002943949111973917 0.0 0.575275139942489 0.0 0.03657393913914929 0.036573939139149296 0.0365739391391493 0.036573939139149296 1.5524735609127156 0.0 -5.60262936922717e-06 0.003742698868057859 0.0 0.0
0.0 -0.00033892575719789245 0.0 0.5704802281046613 0.0 0.03560034865393296 0.03560034865391077 0.03560034865391078 0.03560034865391078 1.5524735686048852 0.0 -5.602549625843086e-06 0.00374269885138664 0.0 0.0
0.0 -0.00034837400047825327 0.0 0.5663135810653981 0.0 0.03435523831923823 0.03435523831928265 0.034355238319282555 0.03435523832515181 1.5524735868468758 0.0 -5.602443174541046e-06 0.0037426988417575096 0.0 0.0
0.0 -0.0003225433195603021 0.0 0.5629643604764522 0.0 0.03289831069572193 0.03289831069572191 0.03289831069572192 0.03289831070079913 1.552473558895096 0.0 -5.602146495899632e-06 0.003742698886213278 0.0 0.0
0.0 -0.00026512602370214324 0.0 0.5604905491056213 0.0 0.03129906600509001 0.031299066005090005 0.03129906600509001 0.03129906600509001 1.5524735588954626 0.0 -5.602146496878083e-06 0.0037426988862132734 0.0 0.0
0.0 -0.00018227728044944378 0.0 0.5588341538040273 0.0 0.029622367923971337 0.029622367923971347 0.02962236792397134 0.02962236792397134 1.5524735588960623 0.0 -5.602146498479914e-06 0.003742698886213268 0.0 0.0
0.0 -8.142206089328101e-05 0.0 0.5578533131454474 0.0 0.02792274861413996 0.02792274861413994 0.027922748614139944 0.02792274861413671 1.5524735588968004 0.0 -5.602146500451186e-06 0.0037426988862132595 0.0 0.0
0.0 2.9780670805787886e-05 0.0 0.5573583392245434 0.0 0.026242161379955838 0.026242161379955848 0.02624216137995503 0.02624216137995584 1.5524735588975205 0.0 -5.602146502374581e-06 0.0037426988862132534 0.0 0.0
0.0 0.00014420481146849867 0.0 0.5571496986470557 0.0 0.024612041906169207 0.02461204190616921 0.02461204190616921 0.02461204190616921 1.5524735588980656 0.0 -5.602146503829747e-06 0.003742698886213248 0.0 0.0
0.0 0.0002555936077238617 0.0 0.5570449566160803 0.0 0.023057602194824618 0.02305760219482461 0.02305760219482458 0.0230576021948249 1.5524735588982868 0.0 -5.602146504420877e-06 0.0037426988862132534 0.0 0.0
0.0 0.0003587702165576691 0.0 0.5568997230336626 0.0 0.02160186484321095 0.02160186484321095 0.02160186484321095 0.02160186484321095 1.5524735588980634 0.0 -5.602146503824028e-06 0.0037426988862132586 0.0 0.0
0.0 0.00044988094247707386 0.0 0.556624623680629 0.0 0.020267940643740864 0.020267940643740857 0.020267940643740868 0.02026794064374086 1.5524735588973848 0.0 -5.602146502011972e-06 0.0037426988862132604 0.0 0.0
0.0 0.0005263937488749561 0.0 0.5561882860924008 0.0 0.019080033545258036 0.019080033545257356 0.019080033545989136 0.019080033545988497 1.5524735588964396 0.0 -5.602146499487823e-06 0.0037426988862132742 0.0 0.0
0.0 0.0005871606340386602 0.0 0.5556153614670286 0.0 0.018061937220924425 0.018061937220924428 0.01806193722189285 0.018061937221894867 1.552473558895586 0.0 -5.602146497209057e-06 0.003742698886213281 0.0 0.0
0.0 0.000632431612808695 0.0 0.5549835433969984 0.0 0.01723586054142312 0.01723586054142413 0.017235860541424126 0.01723586054142413 1.55247359999945 0.0 -5.602256381693516e-06 0.0037426988850737986 0.0 0.0
0.0 0.0006633119741979747 0.0 0.5543975676119464 0.0 0.016621262078996692 0.01662126207899669 0.01662126207899669 0.016621262078997865 1.552473573544902 0.0 -5.602185728700707e-06 0.003742698885679819 0.0 0.0
0.0 0.0006813651537279825 0.0 0.5539732219763658 0.0 0.016234990768648573 0.01623499076864857 0.01623499076864857 0.016234990768647952 1.5524735614779852 0.0 -5.6021534251863e-06 0.003742698886100968 0.0 0.0
0.0 0.0006927617713022401 0.0 0.5536729417026593 0.0 0.015980460943635064 0.01598046094363506 0.01598046094363457 0.01598046094363506 1.5524735594217325 0.0 -5.602147910238552e-06 0.003742698886188395 0.0 0.0
0.0 0.0007035381927894456 0.0 0.5534093648502446 0.0 0.015746497309968122 0.015746497309968122 0.015746497309968122 0.01574649730996769 1.552473559289734 0.0 -5.602147554614805e-06 0.003742698886196635 0.0 0.0
0.0 0.0007142396992504753 0.0 0.5531975331858725 0.0 0.015530619847873448 0.015530619847873444 0.015530619848247057 0.015530619848247561 1.55247355919439 0.0 -5.602147297313416e-06 0.0037426988862036287 0.0 0.0
0.0 0.0007252541853205323 0.0 0.5530474795770383 0.0 0.01533084426898916 0.01533084426898916 0.015330844268989162 0.01533084426872296 1.5524735591241092 0.0 -5.602147108105465e-06 0.003742698886208599 0.0 0.0
0.0 0.0007366312554258818 0.0 0.5529582187250205 0.0 0.015146168799030888 0.015146168799031036 0.015146168798872591 0.015146168799031037 1.5524735590691203 0.0 -5.6021469607356695e-06 0.003742698886211387 0.0 0.0
0.0 0.000748438928042954 0.0 0.552928769078973 0.0 0.014975341642060077 0.014975341642060077 0.014975341642060078 0.014975341642060073 1.5524735590273382 0.0 -5.602146849043574e-06 0.003742698886212588 0.0 0.0
0.0 0.0007605512756703894 0.0 0.552953132654168 0.0 0.014818103128613461 0.014818103128613461 0.014818103128613416 0.014818103128565647 1.55247355899338 0.0 -5.602146758360773e-06 0.0037426988862128995 0.0 0.0
0.0 0.0007729273146034564 0.0 0.5530273195384563 0.0 0.014673696731437353 0.014673696731437359 0.014673696731437355 0.014673696731299729 1.552473558967304 0.0 -5.6021466887344174e-06 0.0037426988862134625 0.0 0.0
0.0 0.0007854666625245247 0.0 0.5531433461600421 0.0 0.014540859431986405 0.014540859431986403 0.014540859431986205 0.014540859432197625 1.5524735589483536 0.0 -5.602146638042792e-06 0.003742698886214092 0.0 0.0
0.0 0.0007981396205122764 0.0 0.5532992156891174 0.0 0.014419337979624698 0.014419337979624693 0.014419337979624433 0.014419337979624695 1.552473558933421 0.0 -5.602146597862823e-06 0.0037426988862146993 0.0 0.0
0.0 0.0008109363927706214 0.0 0.5534899491675224 0.0 0.014307624131463748 0.014307624131463748 0.014307624131464065 0.014307624131125591 1.552473558923146 0.0 -5.602146569837144e-06 0.0037426988862151733 0.0 0.0
0.0 0.0008239306398955084 0.0 0.5537155615855545 0.0 0.014204717732930144 0.014204717732930139 0.01420471773293014 0.01420471773293014 1.552473558915742 0.0 -5.602146549026184e-06 0.0037426988862156027 0.0 0.0
0.0 0.0008370983048484792 0.0 0.5539750526544661 0.0 0.014110617178108303 0.014110617178108303 0.014110617178108303 0.014110617177662238 1.5524735589098102 0.0 -5.602146531566926e-06 0.0037426988862159045 0.0 0.0
0.0 0.0008505555201734625 0.0 0.5542694414008593 0.0 0.014024073882276788 0.01402407388227679 0.014024073882277253 0.01402407388277392 1.5524735589057954 0.0 -5.602146518351297e-06 0.0037426988862161825 0.0 0.0
0.0 0.0008643913842200818 0.0 0.554604718314189 0.0 0.013945847577861955 0.013945847577861954 0.013945847577862472 0.013945847577861954 1.5524735589023198 0.0 -5.602146504752468e-06 0.003742698886216392 0.0 0.0
0.0 0.0008786355963151672 0.0 0.554982880224297 0.0 0.013876191509712102 0.013876191509712104 0.01387619150971154 0.013876191509712104 1.5524735588996517 0.0 -5.602146491014816e-06 0.0037426988862164505 0.0 0.0
0.0 0.0008932851792654148 0.0 0.555409898882794 0.0 0.013817115600197688 0.013817115600197688 0.013817115600197688 0.01381711560019769 1.552473558897401 0.0 -5.602146474133985e-06 0.0037426988862162155 0.0 0.0
0.0 0.0009082153810244126 0.0 0.5558897304735985 0.0 0.01377162671655467 0.013771626716554672 0.013771626716555277 0.01377162671655467 1.5524735588957923 0.0 -5.602146452995969e-06 0.0037426988862155016 0.0 0.0
0.0 0.0009232037320050971 0.0 0.5564253159016158 0.0 0.01374373027330138 0.01374373027330138 0.01374373027330138 0.013743730273302153 1.5524735588950258 0.0 -5.602146425931226e-06 0.0037426988862143355 0.0 0.0
0.0 0.0009376879842386899 0.0 0.5570115637815526 0.0 0.013739419157563928 0.013739419157563928 0.013739419157563928 0.013739419157563928 1.5524735588948968 0.0 -5.60214639489125e-06 0.0037426988862133185 0.0 0.0
0.0 0.0009499597622663152 0.0 0.5575903936600612 0.0 0.013762851005206654 0.013762851005206656 0.013762851005211093 0.0137628510004804 1.5524735588948966 0.0 -5.602146399657261e-06 0.0037426988862131836 0.0 0.0
0.0 0.000959089765974296 0.0 0.5581048790227124 0.0 0.013807933505200284 0.01380793350519898 0.013807933505198981 0.013807933505198985 1.5524735588948952 0.0 -5.602146435469946e-06 0.0037426988862129893 0.0 0.0
0.0 0.000965562429513011 0.0 0.5585561138472382 0.0 0.013868417321789561 0.013868417321789561 0.013868417321789086 0.01386841732128398 1.552473558894892 0.0 -5.602146459826572e-06 0.0037426988862128735 0.0 0.0
0.0 0.0009697629808863846 0.0 0.5589471627085429 0.0 0.013940056622866301 0.013940056622866185 0.013940056622866301 0.013940056622741745 1.5524735588948875 0.0 -5.602146475256659e-06 0.0037426988862128514 0.0 0.0
0.0 0.0009720383293143317 0.0 0.5592840685621947 0.0 0.01402011061506026 0.014020110615060258 0.014020110615060264 0.014020110615121224 1.5524735588948824 0.0 -5.602146484238096e-06 0.0037426988862128818 0.0 0.0
0.0 0.0009726857809351616 0.0 0.5595738596621704 0.0 0.014106840259161193 0.014106840259161193 0.014106840259161042 0.014106840259161046 1.5524735588948768 0.0 -5.6021464892297014e-06 0.003742698886212933 0.0 0.0
0.0 0.0009718383948167534 0.0 0.5598205446584501 0.0 0.01419975189382873 0.01419975189382873 0.014199751893828914 0.01419975189382873 1.5524735588948706 0.0 -5.602146492094469e-06 0.003742698886212991 0.0 0.0
0.0 0.0009696164570978159 0.0 0.560029124994569 0.0 0.014298853536796169 0.014298853536795969 0.014298853536795967 0.01429885353679597 1.5524735588948628 0.0 -5.6021464936342745e-06 0.003742698886213045 0.0 0.0
0.0 0.0009660312520814257 0.0 0.5602015937527912 0.0 0.014404648470584432 0.014404648470584433 0.01440464847058472 0.014404648470584432 1.5524735588948526 0.0 -5.602146494477623e-06 0.0037426988862130956 0.0 0.0
0.0 0.0009610459496111706 0.0 0.5603379434379688 0.0 0.0145176367706303 0.0145176367706303 0.014517636770630301 0.014517636770630301 1.552473558894839 0.0 -5.6021464949089015e-06 0.003742698886213148 0.0 0.0
0.0 0.0009545203598452179 0.0 0.5604361547348221 0.0 0.014639065418395703 0.014639065418395701 0.014639065418544877 0.014639065418395983 1.5524735588948195 0.0 -5.602146495077344e-06 0.0037426988862131988 0.0 0.0
0.0 0.000946351123095595 0.0 0.5604942158232181 0.0 0.014769681320106929 0.014769681320106929 0.014769681320011498 0.0147696813200115 1.552473558894793 0.0 -5.602146495079684e-06 0.0037426988862132443 0.0 0.0
0.0 0.000936362707988792 0.0 0.5605071140169083 0.0 0.014910226570940347 0.014910226570940347 0.014910226570940327 0.014910226570940327 1.5524735588947574 0.0 -5.602146494995904e-06 0.0037426988862132703 0.0 0.0
0.0 0.0009243611680777737 0.0 0.5604698328820699 0.0 0.015061693304224523 0.015061693304224525 0.015061693304224523 0.015061693304224459 1.552473558894708 0.0 -5.602146494864421e-06 0.003742698886213287 0.0 0.0
0.0 0.000910146914762039 0.0 0.5603763594437504 0.0 0.015224822011837374 0.01522482201183737 0.015224822011681176 0.015224822011837226 1.5524735588946417 0.0 -5.602146494739233e-06 0.003742698886213392 0.0 0.0
0.0 0.0008935571895960859 0.0 0.5602206882221487 0.0 0.01539985311017515 0.015399853110175154 0.01539985311017515 0.015399853109935748 1.5524735588945573 0.0 -5.602146494898567e-06 0.003742698886213664 0.0 0.0
0.0 0.0008744645756669983 0.0 0.5599998071084307 0.0 0.015587531901683944 0.01558753190168365 0.015587531901683646 0.015587531901683488 1.5524735588944458 0.0 -5.60214649597835e-06 0.00374269888621419 0.0 0.0
0.0 0.0008527585825067455 0.0 0.5597136936171523 0.0 0.01578935861277996 0.015789358612779955 0.015789358612780312 0.015789358612780312 1.5524735588942906 0.0 -5.602146498907929e-06 0.0037426988862150614 0.0 0.0
0.0 0.0008284730630294358 0.0 0.5593683269951056 0.0 0.01600684309094658 0.016006843090946583 0.01600684309094658 0.016006843090946583 1.5524735588940752 0.0 -5.6021465041819285e-06 0.0037426988862163156 0.0 0.0
0.0 0.0008016516658111398 0.0 0.5589746654471548 0.0 0.01624300342768384 0.01624300342768384 0.01624300342768293 0.016243003427684314 1.5524735588937482 0.0 -5.602146510938203e-06 0.003742698886217942 0.0 0.0
0.0 0.0007609597818441384 0.0 0.5583890565205073 0.0 0.016605128129543456 0.01660512812954346 0.01660512812954277 0.016605128128810133 1.5524735588885161 0.0 -5.602146569683153e-06 0.0037426988862375317 0.0 0.0
0.0 0.0006971469252576767 0.0 0.5575110737893623 0.0 0.01718632246298244 0.017186322462982444 0.017186322462982438 0.017186322462981383 1.5524735588522462 0.0 -5.602146843300232e-06 0.003742698886353546 0.0 0.0
0.0 0.000613715420780157 0.0 0.5564330061435394 0.0 0.017969231250918642 0.017969231250918656 0.017969231250918656 0.017969231250918653 1.5524735587525742 0.0 -5.602147166096309e-06 0.0037426988865969083 0.0 0.0
0.0 0.0005142483839866097 0.0 0.5552451681266948 0.0 0.01893474584884561 0.018934745848844057 0.018934745848844053 0.018934745848839425 1.5524735585593992 0.0 -5.602147148377712e-06 0.0037426988869214382 0.0 0.0
0.0 0.00040186204553700744 0.0 0.5540138898401171 0.0 0.02006221892683847 0.020062218926838463 0.02006221892683679 0.020062218926838463 1.5524735582557836 0.0 -5.602146574452793e-06 0.0037426988872503665 0.0 0.0
0.0 0.00027917753934791857 0.0 0.5527765342387997 0.0 0.02132820628480972 0.021328206284809734 0.021328206284808 0.021328206284807995 1.5524735578490387 0.0 -5.602145518323849e-06 0.003742698887532667 0.0 0.0
0.0 0.00014813972802309516 0.0 0.5515354879024991 0.0 0.022706957312346926 0.022706957312346933 0.022706957312346926 0.022706957312339897 1.5524735573736388 0.0 -5.6021442656796305e-06 0.0037426988877897853 0.0 0.0
0.0 9.816127877388546e-06 0.0 0.5502551339359953 0.0 0.024172160422173627 0.02417216042216994 0.024172160422173638 0.02417216042216801 1.5524735568810837 0.0 -5.6021431984077256e-06 0.0037426988881250015 0.0 0.0
0.0 -0.00013519114328411388 0.0 0.5488728851259606 0.0 0.025694960404343513 0.025694960404343516 0.025694960402232122 0.025694960404332993 1.5524735564481666 0.0 -5.602142818189004e-06 0.0037426988886676963 0.0 0.0
0.0 -0.0002867299228522298 0.0 0.5473051594413954 0.0 0.027245718251384804 0.02724571825138479 0.0272457182513848 0.02724571825138478 1.5524735561476481 0.0 -5.6021439709640685e-06 0.0037426988895831776 0.0 0.0
0.0 -0.0004444695404516485 0.0 0.5454674157917794 0.0 0.0287920429444712 0.02879204294446629 0.02879204294446626 0.02879204294183611 1.552473556054124 0.0 -5.6021481800744635e-06 0.003742698890966979 0.0 0.0
0.0 -0.0006075583687726612 0.0 0.5432891546116391 0.0 0.030299065473093453 0.03029906547309346 0.030299065473093478 0.030299065473093453 1.5524735562116876 0.0 -5.602157982312138e-06 0.003742698892752729 0.0 0.0
0.0 -0.000774355038277991 0.0 0.5407289034514248 0.0 0.03173071303261295 0.03173071303261295 0.031730713032612955 0.03173071303261295 1.5524735566069012 0.0 -5.602176622107893e-06 0.0037426988945956116 0.0 0.0
0.0 -0.0009419232345058394 0.0 0.5377952230201296 0.0 0.03304974269562025 0.033049742695620256 0.033049742695620256 0.03304974269562625 1.5524735571707502 0.0 -5.602205453904178e-06 0.0037426988957957865 0.0 0.0
0.0 -0.0011063830737997166 0.0 0.5345496218293537 0.0 0.034223497070397 0.034223497070397006 0.03422349707036869 0.03422349707040265 1.552473557767016 0.0 -5.602240421336375e-06 0.0037426988957222833 0.0 0.0
0.0 -0.0012629140911406722 0.0 0.5311125279211768 0.0 0.03522591437798039 0.03522591437798039 0.03522591437800682 0.03522591437800677 1.552473558271215 0.0 -5.60226907487368e-06 0.003742698894165609 0.0 0.0
0.0 -0.0014064122329520417 0.0 0.527651210496125 0.0 0.03604251004256803 0.036042510042568025 0.036042510042568025 0.0360425100425495 1.5524735586107612 0.0 -5.602276074594163e-06 0.0037426988916770708 0.0 0.0
0.0 -0.0015320108107025245 0.0 0.5243657384814756 0.0 0.03667285467044255 0.03667285467044255 0.03667285467044255 0.03667285467045342 1.5524735587911265 0.0 -5.602254168819385e-06 0.003742698889202623 0.0 0.0
0.0 -0.0016355714347927872 0.0 0.5214639958698641 0.0 0.037129033676181436 0.037129033676181436 0.03712903367619011 0.03712903367618146 1.5524735588657956 0.0 -5.6022133941094515e-06 0.003742698887455286 0.0 0.0
0.0 -0.0017138904167716014 0.0 0.519144717983675 0.0 0.03743286951445058 0.03743286951445059 0.03743286951445059 0.037432869517520465 1.5524735588890772 0.0 -5.6021743018595345e-06 0.0037426988865703757 0.0 0.0
0.0 -0.0017770144136379973 0.0 0.5171928463711125 0.0 0.037650529125289385 0.037650529125289385 0.037650529125289385 0.037650529127464964 1.5524735588933487 0.0 -5.60216064441447e-06 0.0037426988863444306 0.0 0.0
0.0 -0.0018367735388230052 0.0 0.5152764983812266 0.0 0.03783398968623816 0.03783398968623816 0.03783398968623816 0.037833989686238224 1.5524735588941105 0.0 -5.6021597922684884e-06 0.0037426988863037834 0.0 0.0
0.0 -0.0018932049379193055 0.0 0.5134086064605635 0.0 0.03798802276623949 0.03798802276623949 0.03798802276623949 0.037988022762223246 1.5524735588945044 0.0 -5.602158632174292e-06 0.003742698886274333 0.0 0.0
0.0 -0.0019464404937431811 0.0 0.5115951161295506 0.0 0.03811638855021005 0.03811638855021005 0.03811638855021005 0.03811638855021005 1.5524735588947072 0.0 -5.602157396934715e-06 0.0037426988862535263 0.0 0.0
0.0 -0.001996612089041464 0.0 0.5098419729070562 0.0 0.03822284722837993 0.03822284722837993 0.03822284722837993 0.038222847228379764 1.552473558894807 0.0 -5.60215611831058e-06 0.0037426988862393294 0.0 0.0
0.0 -0.0020438020035729114 0.0 0.5081541370137009 0.0 0.03831015723246326 0.03831015723246327 0.03831015723246283 0.03831015723246327 1.5524735588948564 0.0 -5.602154848209701e-06 0.0037426988862296388 0.0 0.0
0.0 -0.0020882015188384635 0.0 0.5065335603090274 0.0 0.03838157226227084 0.03838157226227084 0.03838157226227084 0.038381572252947284 1.5524735588948788 0.0 -5.602153665381692e-06 0.003742698886223439 0.0 0.0
0.0 -0.00212997072838911 0.0 0.504981205606159 0.0 0.03843959429699933 0.038439594296999335 0.038439594286129856 0.03843959428612985 1.552473558894889 0.0 -5.602152590440713e-06 0.003742698886219477 0.0 0.0
0.0 -0.0021692088384072526 0.0 0.5034990435017899 0.0 0.03848622683303221 0.038486226833032204 0.038486226845867375 0.03848622683281561 1.5524735588948935 0.0 -5.602151607639131e-06 0.0037426988862169545 0.0 0.0
0.0 -0.002206063169505209 0.0 0.5020870440155274 0.0 0.03852347019182082 0.03852347019176438 0.038523470191764386 0.03852347020688616 1.5524735588948955 0.0 -5.602150743723291e-06 0.0037426988862154253 0.0 0.0
0.0 -0.0022406682693617845 0.0 0.5007441843732416 0.0 0.03855282299669538 0.03855282299708843 0.038552822997088426 0.03855282297894072 1.5524735588948961 0.0 -5.6021500003737976e-06 0.0037426988862145037 0.0 0.0
0.0 -0.0022731346284481056 0.0 0.49947044208930924 0.0 0.03857578545302681 0.038575785453026805 0.03857578545302681 0.03857578545363944 1.5524735588948966 0.0 -5.602149355665854e-06 0.0037426988862139616 0.0 0.0
0.0 -0.002303578379391853 0.0 0.49826479813715174 0.0 0.03859360616890162 0.03859360616890161 0.03859360616890161 0.03859360614445638 1.5524735588948966 0.0 -5.602148809099923e-06 0.0037426988862136585 0.0 0.0
0.0 -0.002332121296953093 0.0 0.4971252369490096 0.0 0.03860728206479253 0.038607282064792525 0.03860728206479252 0.03860728206590118 1.5524735588948966 0.0 -5.602148355617897e-06 0.003742698886213484 0.0 0.0
0.0 -0.0023588186263704116 0.0 0.4960517472819806 0.0 0.038617563264704634 0.038617563264704634 0.03861756326470463 0.038617563298583714 1.5524735588948966 0.0 -5.6021479705098845e-06 0.0037426988862133775 0.0 0.0
0.0 -0.002383773727328647 0.0 0.4950423173159428 0.0 0.03862519669317043 0.03862519669317044 0.03862519669317043 0.03862519669317448 1.5524735588948966 0.0 -5.602147656291909e-06 0.003742698886213336 0.0 0.0
0.0 -0.0024070474872172213 0.0 0.49409593926692974 0.0 0.03863068079774617 0.03863068079774618 0.03863068079774617 0.03863068079458341 1.5524735588948966 0.0 -5.602147397880476e-06 0.0037426988862133124 0.0 0.0
0.0 -0.0024287248506458803 0.0 0.4932106050623425 0.0 0.03863451243796773 0.03863451243796771 0.038634512437967714 0.038634512497598895 1.5524735588948966 0.0 -5.602147190647315e-06 0.0037426988862132938 0.0 0.0
0.0 -0.002448866705001216 0.0 0.49238530691823496 0.0 0.03863719013282473 0.038637190132824746 0.03863719013282474 0.03863719013282474 1.5524735588948966 0.0 -5.6021470232730226e-06 0.00374269888621329 0.0 0.0
0.0 -0.00246753957981614 0.0 0.4916180405095964 0.0 0.03863896066454665 0.03863896066454666 0.038638960664546654 0.03863896067609725 1.5524735588948966 0.0 -5.6021468917592245e-06 0.003742698886213287 0.0 0.0
0.0 -0.0024854114353169113 0.0 0.4908817942941047 0.0 0.03864003079875436 0.03864003079875436 0.03864003079875434 0.038640030798709715 1.5524735588948966 0.0 -5.602146833031276e-06 0.0037426988862132846 0.0 0.0
0.0 -0.002503150231739741 0.0 0.4901495567289983 0.0 0.03864060732809377 0.03864060732809373 0.03864060732809374 0.03864060709087989 1.5524735588948966 0.0 -5.602146827223378e-06 0.003742698886213284 0.0 0.0
0.0 -0.002520611625729293 0.0 0.4894273295460084 0.0 0.03864069952959005 0.038640699529590046 0.03864069952959001 0.038640700206578074 1.5524735588948966 0.0 -5.6021468108596456e-06 0.003742698886213284 0.0 0.0
0.0 -0.0025377475028300076 0.0 0.4887171133226028 0.0 0.03864031141147597 0.03864031141147616 0.03864031141147602 0.03864031094945644 1.5524735588948966 0.0 -5.60214679169817e-06 0.0037426988862132846 0.0 0.0
0.0 -0.002554528163663683 0.0 0.4880209048886248 0.0 0.0386396953049694 0.03863969530496939 0.03863969530496937 0.038639695305085014 1.5524735588948966 0.0 -5.6021467702028925e-06 0.003742698886213284 0.0 0.0
0.0 -0.002570833322085334 0.0 0.48734370568756596 0.0 0.03863885974360718 0.03863885974366748 0.038638859743607167 0.03863885974366749 1.5524735588948966 0.0 -5.602146742456103e-06 0.0037426988862132846 0.0 0.0
0.0 -0.0025865723913391526 0.0 0.48668852033315096 0.0 0.03863755942047079 0.038637559420470785 0.038637559349137644 0.03863755934912249 1.5524735588948966 0.0 -5.602146712770884e-06 0.0037426988862132846 0.0 0.0
0.0 -0.0026017340871213 0.0 0.4860573419076573 0.0 0.038636297511043964 0.03863629751104395 0.03863629751104396 0.03863629751091625 1.5524735588948966 0.0 -5.602146683382742e-06 0.003742698886213281 0.0 0.0
0.0 -0.002616179708216977 0.0 0.48545517560216594 0.0 0.03863483212669574 0.038634832126695724 0.03863483207784673 0.03863483207785065 1.5524735588948966 0.0 -5.60214665174143e-06 0.003742698886213284 0.0 0.0
0.0 -0.0026298611401641787 0.0 0.4848840219941187 0.0 0.038633166365359004 0.03863316636535901 0.038633166366596874 0.03863316636535901 1.5524735588948966 0.0 -5.602146622410403e-06 0.0037426988862132833 0.0 0.0
0.0 -0.002642718984210833 0.0 0.48434787474318347 0.0 0.038631806790811254 0.038631806790811254 0.03863180679081125 0.03863180679081693 1.5524735588948966 0.0 -5.602146594369893e-06 0.0037426988862132833 0.0 0.0
0.0 -0.00265466829574429 0.0 0.4838487419219339 0.0 0.03863025651665201 0.03863025651664891 0.03863025651665201 0.03863025648746579 1.5524735588948966 0.0 -5.602146569985891e-06 0.0037426988862132846 0.0 0.0
0.0 -0.0026656072037022018 0.0 0.48339162122631324 0.0 0.03862877357042501 0.038628773570425025 0.03862877357042502 0.03862877359565245 1.5524735588948966 0.0 -5.602146548028393e-06 0.0037426988862132833 0.0 0.0
0.0 -0.002675487593628158 0.0 0.4829785132337466 0.0 0.03862736119457586 0.038627361194574994 0.03862736121639895 0.03862736119457585 1.5524735588948966 0.0 -5.602146530595915e-06 0.0037426988862132838 0.0 0.0
0.0 -0.002684231651688383 0.0 0.4826134153514736 0.0 0.03862627583102346 0.03862627583102346 0.03862627583151597 0.03862627583102438 1.5524735588948966 0.0 -5.602146516917342e-06 0.0037426988862132846 0.0 0.0
0.0 -0.002691748791120175 0.0 0.48229933219318516 0.0 0.03862527224299037 0.03862527224299037 0.03862527224299038 0.03862527224299096 1.5524735588948966 0.0 -5.6021465071986304e-06 0.0037426988862132838 0.0 0.0
0.0 -0.0026979668402402407 0.0 0.48203926462499214 0.0 0.03862435524619365 0.03862435524619365 0.038624355246193 0.03862435524619365 1.5524735588948966 0.0 -5.602146500940791e-06 0.0037426988862132846 0.0 0.0
0.0 -0.002702832042443115 0.0 0.48183620976542973 0.0 0.03862377968906282 0.038623779689062825 0.03862377968923364 0.038623779689062825 1.5524735588948966 0.0 -5.602146497442673e-06 0.003742698886213284 0.0 0.0
0.0 -0.0027062538109667226 0.0 0.4816931722281809 0.0 0.038623300344639074 0.038623300344639074 0.03862330034463907 0.03862330034463918 1.5524735588948966 0.0 -5.6021464958795945e-06 0.003742698886213284 0.0 0.0
