0.0 -0.0003259680543105261 0.0 0.5057783403157693 0.0 0.014086865689343472 0.014086865689343456 0.014086865675099654 0.014086865656722892 1.5524735601203714 0.0 -5.602149767497738e-06 0.0037426988862084734 0.0 0.0
0.0 -0.00038936474620544743 0.0 0.5045092528170135 0.0 0.014533407245946633 0.01453340724594663 0.01453340724594663 0.014533407245947396 1.5524735588809513 0.0 -5.6021491973859164e-06 0.0037426988864032082 0.0 0.0
0.0 -0.0004552253224845714 0.0 0.5031948712662238 0.0 0.014998631904989148 0.014998631904989151 0.014998631904989151 0.014998631904992999 1.5524735588782788 0.0 -5.602149626164906e-06 0.0037426988864357517 0.0 0.0
0.0 -0.0005234477337154654 0.0 0.5018401933514758 0.0 0.015482795288030487 0.015482795288029637 0.015482795288029634 0.015482795288029634 1.5524735588751695 0.0 -5.6021500531550285e-06 0.003742698886470848 0.0 0.0
0.0 -0.0005939541660540894 0.0 0.5004492164801524 0.0 0.015986153846844646 0.015986153846844646 0.015986153846844646 0.01598615384684016 1.5524735588715615 0.0 -5.602150478316319e-06 0.003742698886508688 0.0 0.0
0.0 -0.0006665465195113447 0.0 0.49903093950238314 0.0 0.016508972050906096 0.016508972050906092 0.016508972050906106 0.016508972050906106 1.5524735588673833 0.0 -5.602150830054733e-06 0.003742698886546833 0.0 0.0
0.0 -0.0007411229230344995 0.0 0.4975903601143891 0.0 0.017051507955494788 0.017051507955494788 0.017051507955493796 0.0170515079554938 1.5524735588625567 0.0 -5.602151140364741e-06 0.0037426988865864 0.0 0.0
0.0 -0.0008175277489343216 0.0 0.4961354731302727 0.0 0.017614274464094654 0.01761427446409465 0.01761427446409465 0.01761427446409465 1.5524735588569238 0.0 -5.6021513579688125e-06 0.0037426988866257086 0.0 0.0
0.0 -0.0008955756701312993 0.0 0.49467627019404564 0.0 0.01819803772489746 0.018198037724897462 0.01819803772489746 0.018198037724897455 1.5524735588502803 0.0 -5.602151442503523e-06 0.003742698886662914 0.0 0.0
0.0 -0.0009750870017303748 0.0 0.49322174640891264 0.0 0.01880331224474149 0.018803312244741487 0.018803312244741487 0.018803312245972124 1.5524735588425347 0.0 -5.60215140011281e-06 0.003742698886697098 0.0 0.0
0.0 -0.00105581552929271 0.0 0.49178290120289475 0.0 0.019430365701101737 0.019430365701101727 0.019430365701102934 0.019430365701101734 1.5524735588336107 0.0 -5.602151203318426e-06 0.0037426988867252115 0.0 0.0
0.0 -0.0011375702835488318 0.0 0.49037072276147053 0.0 0.020080215881943697 0.0200802158819437 0.02008021588194369 0.020080215881943697 1.5524735588230145 0.0 -5.60215086136058e-06 0.0037426988867468474 0.0 0.0
0.0 -0.0012200753506602508 0.0 0.4889982073426889 0.0 0.02075338370826248 0.0207533837082612 0.02075338370964186 0.020753383709635986 1.5524735588106824 0.0 -5.602150370037594e-06 0.003742698886758058 0.0 0.0
0.0 -0.001302969872250391 0.0 0.48768035927716036 0.0 0.021449893235308687 0.021449893235308683 0.021449893235308673 0.02144989323530304 1.552473558796622 0.0 -5.6021497433696645e-06 0.0037426988867547847 0.0 0.0
0.0 -0.0013859779343914662 0.0 0.4864301748235453 0.0 0.02217026538146979 0.02217026538146979 0.022170265381469795 0.02217026538147508 1.5524735587803147 0.0 -5.602149051567118e-06 0.0037426988867379878 0.0 0.0
0.0 -0.001468708979280817 0.0 0.4852646551421508 0.0 0.02291477744509856 0.022914777445098553 0.022914777445098556 0.02291477744509856 1.5524735587615859 0.0 -5.602148313378769e-06 0.0037426988867031575 0.0 0.0
0.0 -0.0015506987888570035 0.0 0.48420081638465234 0.0 0.023682706574180996 0.023682706574180996 0.023682706574180992 0.023682706574187667 1.5524735587409053 0.0 -5.602147598579918e-06 0.003742698886649249 0.0 0.0
0.0 -0.0016315199750327903 0.0 0.48325566720658597 0.0 0.02447382999052804 0.024473829990528048 0.024473829989233933 0.024473829990530473 1.5524735587177385 0.0 -5.6021469661250174e-06 0.0037426988865787592 0.0 0.0
0.0 -0.0017105936758581848 0.0 0.4824502286616898 0.0 0.02528718121768469 0.025287181217684692 0.025287181217684692 0.025287181217684696 1.5524735586925877 0.0 -5.602146449765352e-06 0.003742698886492101 0.0 0.0
0.0 -0.0017873579557562927 0.0 0.48180253217984875 0.0 0.026121038857993474 0.02612103885799347 0.026121038857993478 0.026121038857993474 1.552473558666267 0.0 -5.602146087211006e-06 0.003742698886398367 0.0 0.0
0.0 -0.0018634562178424033 0.0 0.4813212018535793 0.0 0.02700067108689918 0.02700067108689918 0.027000671086899183 0.027000671086101154 1.5524735586051377 0.0 -5.602145778733535e-06 0.003742698886317634 0.0 0.0
0.0 -0.001939617381336408 0.0 0.48103993270193546 0.0 0.027947135568589986 0.027947135568588098 0.027947135568588105 0.0279471355685881 1.5524735584969174 0.0 -5.602145436268443e-06 0.0037426988862345363 0.0 0.0
0.0 -0.0020136614143714477 0.0 0.48101889195064884 0.0 0.028950527080023623 0.028950527080023627 0.02895052708002362 0.028950527080023623 1.5524735583786005 0.0 -5.6021451164278294e-06 0.0037426988861752573 0.0 0.0
0.0 -0.0020833756050782216 0.0 0.4813142719031882 0.0 0.02999918366787754 0.029999183667877544 0.029999183667878477 0.029999183667878217 1.5524735582610298 0.0 -5.602144794943211e-06 0.0037426988861155967 0.0 0.0
0.0 -0.002146411206111656 0.0 0.481980301760199 0.0 0.03107893980503782 0.03107893980503781 0.031078939805037818 0.03107893980612244 1.5524735581604079 0.0 -5.602144404958984e-06 0.0037426988858764937 0.0 0.0
0.0 -0.0022004334193933607 0.0 0.48306224934587594 0.0 0.03217286512463815 0.03217286512463815 0.03217286512464126 0.032172865124638156 1.5524735580960412 0.0 -5.602143533573467e-06 0.003742698885375342 0.0 0.0
0.0 -0.002243170999241902 0.0 0.4845974064012836 0.0 0.03326226615759422 0.03326226615759423 0.033262266157594235 0.03326226615759422 1.5524735580829538 0.0 -5.602141042162752e-06 0.0037426988845740395 0.0 0.0
0.0 -0.002272564748645035 0.0 0.4866051044349132 0.0 0.03432542011413618 0.03432542011413618 0.034325420114136175 0.03432542011414099 1.5524735581334976 0.0 -5.602134890355403e-06 0.00374269888354582 0.0 0.0
0.0 -0.002286825739979779 0.0 0.48909267523076705 0.0 0.03534033488734275 0.03534033488734275 0.03534033488734275 0.035340334887342714 1.5524735582413032 0.0 -5.602122100076755e-06 0.0037426988824569804 0.0 0.0
0.0 -0.0022846206430206994 0.0 0.4920454592125811 0.0 0.036283982922834364 0.03628398292283436 0.03628398292283432 0.03628398292283958 1.5524735583904694 0.0 -5.602099776000135e-06 0.0037426988815903056 0.0 0.0
0.0 -0.0022650916281296046 0.0 0.4954297875808595 0.0 0.037133556213333564 0.03713355621333353 0.03713355621333352 0.037133556213333564 1.552473558553223 0.0 -5.602066291894984e-06 0.0037426988812299454 0.0 0.0
0.0 -0.002228123973271459 0.0 0.49918795090648416 0.0 0.03786845859850904 0.03786845859850908 0.03786845859850905 0.03786845859998518 1.5524735586981422 0.0 -5.6020235096599415e-06 0.0037426988815541886 0.0 0.0
0.0 -0.002174264099029836 0.0 0.5032461789538776 0.0 0.038471818847089286 0.038471818847089286 0.0384718188470893 0.03847181884708929 1.552473558803232 0.0 -5.601976711450485e-06 0.003742698882502473 0.0 0.0
0.0 -0.002104767683650119 0.0 0.5075126401088146 0.0 0.03893048746271253 0.03893048746271253 0.03893048746271253 0.03893048745592043 1.5524735588636014 0.0 -5.601935107234781e-06 0.0037426988838134756 0.0 0.0
0.0 -0.0020216210556652657 0.0 0.5118834093553438 0.0 0.03923729663423223 0.03923729663423268 0.03923729663399738 0.03923729663423223 1.5524735588884926 0.0 -5.60190865281408e-06 0.0037426988850748116 0.0 0.0
0.0 -0.0019274945679213249 0.0 0.5162474547052175 0.0 0.03939206840591242 0.03939206840601543 0.03939206840483641 0.03939206840596392 1.5524735588944607 0.0 -5.601904714016137e-06 0.0037426988859236036 0.0 0.0
0.0 -0.0018254043076375893 0.0 0.5204976553297065 0.0 0.03940063190535414 0.03940063190437278 0.03940063190437279 0.03940063279712104 1.5524735588948975 0.0 -5.601923887789568e-06 0.0037426988862126944 0.0 0.0
0.0 -0.0017187192256182186 0.0 0.5245327909066814 0.0 0.03927557778048013 0.03927557778048013 0.03927557778047975 0.039275577780479756 1.552473558897068 0.0 -5.601961472583095e-06 0.0037426988866067646 0.0 0.0
0.0 -0.0016108950220961786 0.0 0.5282655589248326 0.0 0.0390352686938742 0.03903526869387419 0.0390352686938742 0.03903526869347115 1.552473558925106 0.0 -5.602008108984145e-06 0.0037426988874523534 0.0 0.0
0.0 -0.0015052504978185204 0.0 0.5316295879780385 0.0 0.03870310263421867 0.03870310263421867 0.03870310263421867 0.0387031026323248 1.552473559006829 0.0 -5.602053606497577e-06 0.0037426988881492616 0.0 0.0
0.0 -0.0014023515071419764 0.0 0.5346516384229711 0.0 0.03829562540849678 0.03829562540849672 0.03829562540849678 0.038295625408491615 1.5524735591540186 0.0 -5.602085408108908e-06 0.003742698888589259 0.0 0.0
0.0 -0.0013015224083409481 0.0 0.5373925667390442 0.0 0.03782368647184302 0.037823686471843004 0.03782368647184302 0.03782368647183729 1.5524735593747112 0.0 -5.60210531906787e-06 0.0037426988888679446 0.0 0.0
0.0 -0.0012037237561610993 0.0 0.5398581498584217 0.0 0.037302297641644694 0.03730229764164466 0.03730229764164466 0.037302297641644694 1.552473559634928 0.0 -5.60212029308897e-06 0.003742698888872276 0.0 0.0
0.0 -0.001109412082861092 0.0 0.5420652165577114 0.0 0.03674323790933975 0.03674323790933975 0.03674323790635288 0.03674323790635288 1.5524735599126454 0.0 -5.602130912926331e-06 0.0037426988886999444 0.0 0.0
0.0 -0.0010189206577067374 0.0 0.5440296253099516 0.0 0.036156284356484374 0.03615628435648438 0.03615628435648438 0.03615628435649486 1.5524735601866335 0.0 -5.602138354542687e-06 0.003742698888418347 0.0 0.0
0.0 -0.0009322783146408832 0.0 0.5457722735050392 0.0 0.03554872174133987 0.03554872174133986 0.0355487217413399 0.035548721738749046 1.5524735604490676 0.0 -5.60214341954525e-06 0.003742698888101265 0.0 0.0
0.0 -0.000849421812378921 0.0 0.5473140772690538 0.0 0.03492658462185033 0.034926584621850325 0.03492658462185032 0.03492658462185033 1.5524735606906523 0.0 -5.602146845601227e-06 0.0037426988877858457 0.0 0.0
0.0 -0.0007701887054902013 0.0 0.5486739821308755 0.0 0.03429390408346048 0.03429390408346048 0.03429390408346048 0.03429390408346683 1.5524735609179023 0.0 -5.602149205413071e-06 0.0037426988874957492 0.0 0.0
0.0 -0.0006942947733687403 0.0 0.549872949185415 0.0 0.03365371425780955 0.03365371425780955 0.03365371425780955 0.033653714255863054 1.5524735611331777 0.0 -5.602150850738071e-06 0.0037426988872459955 0.0 0.0
0.0 -0.000621484007604212 0.0 0.5509269568208289 0.0 0.033007791085147085 0.03300779108514707 0.03300779108514708 0.033007791085143214 1.552473561347265 0.0 -5.602152083231302e-06 0.003742698887033191 0.0 0.0
0.0 -0.0005513729822016103 0.0 0.5518549955339365 0.0 0.032357165201054215 0.03235716520105421 0.0323571652010542 0.03235716520260394 1.5524735615684437 0.0 -5.602153065125763e-06 0.0037426988868616657 0.0 0.0
0.0 -0.0004836560844873937 0.0 0.5526720584139284 0.0 0.03170261077944305 0.03170261077944305 0.03170261077805428 0.03170261077805428 1.5524735617999001 0.0 -5.60215391777333e-06 0.0037426988867221857 0.0 0.0
0.0 -0.00041797245794065037 0.0 0.553393149791155 0.0 0.031044151897316585 0.031044151897316578 0.03104415189731658 0.031044151897316578 1.5524735620554917 0.0 -5.602154738168916e-06 0.0037426988866118534 0.0 0.0
0.0 -0.0003539597590406716 0.0 0.5540302881216778 0.0 0.03038080769553053 0.030380807695530528 0.03038080769553053 0.030380807695530528 1.5524735623590877 0.0 -5.602155630906508e-06 0.003742698886524058 0.0 0.0
0.0 -0.00029122029889869 0.0 0.554598485231341 0.0 0.029712102147366377 0.029712102147366377 0.029712102147370106 0.029712102147366377 1.5524735627087536 0.0 -5.602156610767398e-06 0.0037426988864579006 0.0 0.0
0.0 -0.00022937331928730433 0.0 0.5551097633230604 0.0 0.02903680435951718 0.029036804359517183 0.029036804359517183 0.029036804359517183 1.552473563131476 0.0 -5.602157766285872e-06 0.0037426988864073902 0.0 0.0
0.0 -0.00016806776085293774 0.0 0.5555741477698319 0.0 0.02835343018651275 0.028353430186512738 0.02835343018651275 0.02835343018651352 1.5524735636504254 0.0 -5.602159167680622e-06 0.0037426988863681816 0.0 0.0
0.0 -0.00010686910591452141 0.0 0.5560066578930303 0.0 0.027661003545368126 0.027661003545368115 0.027661003545368795 0.02766100354536812 1.55247356427314 0.0 -5.602160838270548e-06 0.0037426988863430025 0.0 0.0
0.0 -4.532294169615587e-05 0.0 0.5564193308866203 0.0 0.026957293471345074 0.026957293471345074 0.026957293471345074 0.026957293470606596 1.5524735650669668 0.0 -5.602162961940373e-06 0.0037426988863281875 0.0 0.0
0.0 1.6933078945036674e-05 0.0 0.55682418520495 0.0 0.026241319054122834 0.026241319054122837 0.026241319054122837 0.026241319054123427 1.5524735660313123 0.0 -5.60216553812797e-06 0.0037426988863240133 0.0 0.0
0.0 7.918915304939159e-05 0.0 0.5572290395159069 0.0 0.025525343912229794 0.025525343912228434 0.025525343912228438 0.025525343912953868 1.5524735666254539 0.0 -5.602167124337385e-06 0.003742698886325772 0.0 0.0
0.0 0.0001407354170792134 0.0 0.5576417124949439 0.0 0.024821632491351876 0.024821632491351883 0.024821632491353263 0.024821632490613373 1.5524735667312923 0.0 -5.602167405516807e-06 0.0037426988863345817 0.0 0.0
0.0 0.00020193414064835683 0.0 0.5580742226080744 0.0 0.024129204923454776 0.024129204923454776 0.02412920492345622 0.024129204924228265 1.5524735668808218 0.0 -5.602167800898222e-06 0.0037426988863562016 0.0 0.0
0.0 0.0002632397372181722 0.0 0.5585386070493266 0.0 0.023445830240285293 0.023445830240286843 0.02344583024028684 0.02344583024111278 1.552473567139207 0.0 -5.602168483204569e-06 0.0037426988863926147 0.0 0.0
0.0 0.0003250867317429034 0.0 0.5590498851387216 0.0 0.022770532253767756 0.02277053225376776 0.02277053225376776 0.02277053225376776 1.552473567460293 0.0 -5.60216932551029e-06 0.0037426988864505593 0.0 0.0
0.0 0.00038782618196513423 0.0 0.5596180822490671 0.0 0.022101826844918984 0.022101826844918997 0.022101826843919863 0.022101826843916827 1.552473567880872 0.0 -5.602170422515236e-06 0.0037426988865295035 0.0 0.0
0.0 0.0004518388495611005 0.0 0.5602552205833373 0.0 0.021438483073644692 0.02143848307364469 0.02143848307364469 0.02143848307364469 1.5524735684046558 0.0 -5.60217177560092e-06 0.0037426988866385677 0.0 0.0
0.0 0.0005175224267473271 0.0 0.5609763119661305 0.0 0.020780024867598414 0.020780024867598397 0.0207800248688518 0.020780024867596055 1.5524735690053517 0.0 -5.602173297365185e-06 0.0037426988867908483 0.0 0.0
0.0 0.0005852392539324115 0.0 0.5617933748529955 0.0 0.020125471408790497 0.020125471408787864 0.02012547140878786 0.0201254714087905 1.5524735697289822 0.0 -5.6021750889989565e-06 0.0037426988869939328 0.0 0.0
0.0 0.000655350196096819 0.0 0.5627214135733907 0.0 0.01947484665807699 0.019474846658076982 0.01947484665807699 0.01947484665966618 1.5524735705290797 0.0 -5.602176982006792e-06 0.0037426988872664166 0.0 0.0
0.0 0.0007281608734901134 0.0 0.5637754212132455 0.0 0.01882892469199729 0.018828924691997293 0.01882892469199729 0.01882892469200128 1.5524735713589985 0.0 -5.602178784070418e-06 0.0037426988876234856 0.0 0.0
0.0 0.0008040547164580679 0.0 0.5649743882669851 0.0 0.018188736081208554 0.01818873608120665 0.018188736081206656 0.01818873607918935 1.5524735721948344 0.0 -5.60218030281951e-06 0.00374269888809565 0.0 0.0
0.0 0.0008832877457597564 0.0 0.5663342931171216 0.0 0.017556056598695503 0.017556056598695514 0.01755605659869763 0.017556056598695507 1.552473572961664 0.0 -5.60218116991793e-06 0.003742698888690773 0.0 0.0
0.0 0.000966144202605085 0.0 0.5678760968504296 0.0 0.01693392009204301 0.01693392009204302 0.016933920092043017 0.016933920094580782 1.552473573516301 0.0 -5.602180671931399e-06 0.003742698889435062 0.0 0.0
0.0 0.001052786554268361 0.0 0.5696187449844461 0.0 0.01632635734931448 0.016326357349314487 0.016326357349309165 0.016326357349309168 1.552473573713592 0.0 -5.602177977504814e-06 0.003742698890317468 0.0 0.0
0.0 0.0011432780760534192 0.0 0.5715831536288696 0.0 0.015739402462218416 0.015739402462218437 0.015739402462218433 0.015739402462204583 1.552473573305344 0.0 -5.602171686757304e-06 0.003742698891301294 0.0 0.0
0.0 0.0012375899526943397 0.0 0.5737902201567388 0.0 0.015180339920029436 0.015180339920029437 0.015180339916546791 0.015180339916546793 1.552473572147774 0.0 -5.602160345449872e-06 0.0037426988923040787 0.0 0.0
0.0 0.001335388932767932 0.0 0.576255803017317 0.0 0.014658946558176901 0.01465894655817689 0.014658946558176896 0.014658946558198667 1.5524735700942869 0.0 -5.602142274776224e-06 0.0037426988931243102 0.0 0.0
0.0 0.0014362184613225795 0.0 0.5789967309703663 0.0 0.014187001665943567 0.014187001665943577 0.014187001670064906 0.014187001665935887 1.5524735672736185 0.0 -5.602115823655676e-06 0.0037426988935268654 0.0 0.0
0.0 0.0015391179230123404 0.0 0.5820187808893551 0.0 0.01377951786193249 0.013779517861904287 0.013779517861904284 0.013779517861904315 1.5524735640601495 0.0 -5.602080449128089e-06 0.003742698893137393 0.0 0.0
0.0 0.0016447628213692226 0.0 0.5853828091776347 0.0 0.01344734644040354 0.013447346440403542 0.013447346440407671 0.013447346440407671 1.5524735614035978 0.0 -5.602028251811292e-06 0.0037426988921594137 0.0 0.0
0.0 0.0017525872566194166 0.0 0.5891155762588856 0.0 0.013207033851209233 0.013207033851209233 0.013207033851209235 0.013207033851209275 1.552473559642928 0.0 -5.60195523019951e-06 0.003742698890205464 0.0 0.0
0.0 0.0018592724127461098 0.0 0.5931507109285894 0.0 0.013081978149673521 0.013081978149673523 0.013081978149672399 0.013081978150871225 1.5524735589538354 0.0 -5.601876949895754e-06 0.003742698887534574 0.0 0.0
0.0 0.001961362661864278 0.0 0.5974009108538537 0.0 0.013090542088898158 0.013090542088898127 0.013090542088898318 0.013090540754961898 1.552473558894898 0.0 -5.601806819071278e-06 0.0037426988862127412 0.0 0.0
0.0 0.0020554891408270837 0.0 0.6017649558651472 0.0 0.013245313502445996 0.013245313502445972 0.013245313505496062 0.013245313548013608 1.5524735588946856 0.0 -5.601759652075926e-06 0.0037426988859503413 0.0 0.0
0.0 0.0021386357758132464 0.0 0.6061357252214206 0.0 0.01355212263353419 0.01355212263353488 0.013552122633534882 0.013552122633517107 1.552473558891824 0.0 -5.6017472037634286e-06 0.0037426988851581647 0.0 0.0
0.0 0.0022081322164443735 0.0 0.610402186914543 0.0 0.014010791107979308 0.014010791107979554 0.014010791108248464 0.014010791098839641 1.5524735588796128 0.0 -5.6017743656467685e-06 0.0037426988839357376 0.0 0.0
0.0 0.0022619921329421573 0.0 0.6144604157935606 0.0 0.014614151088427027 0.014614151088427027 0.014614151088427028 0.014614151088427027 1.5524735588487792 0.0 -5.601833756721534e-06 0.0037426988825990585 0.0 0.0
0.0 0.002298959841851444 0.0 0.6182185800545014 0.0 0.015349053079740665 0.015349053079740669 0.0153490530797142 0.015349053079740663 1.5524735587920044 0.0 -5.6019104217480945e-06 0.003742698881548657 0.0 0.0
0.0 0.0023184889148927627 0.0 0.6216029092859361 0.0 0.0161986258873271 0.016198625887327102 0.016198625887326814 0.0161986258873314 1.5524735587078002 0.0 -5.6019871610645035e-06 0.003742698881080523 0.0 0.0
0.0 0.0023206940656274474 0.0 0.6245556939470678 0.0 0.017142273428197356 0.01714227342819736 0.01714227342819865 0.017142273426813955 1.5524735586039164 0.0 -5.602051599572552e-06 0.0037426988813139194 0.0 0.0
0.0 0.002306433116665649 0.0 0.6270432651989059 0.0 0.018157187778252152 0.018157187778252155 0.01815718777825215 0.018157187780156424 1.5524735584958755 0.0 -5.602097037748485e-06 0.0037426988821202467 0.0 0.0
0.0 0.0022770393943442892 0.0 0.6290509634937186 0.0 0.019220341451373357 0.01922034145137337 0.019220341451375286 0.019220341451373378 1.5524735584013254 0.0 -5.602124244038744e-06 0.003742698883230268 0.0 0.0
0.0 0.0022343018253222573 0.0 0.630586120674004 0.0 0.020309742379976164 0.020309742379976167 0.020309742379977926 0.02030974237997791 1.5524735583349127 0.0 -5.602137700077978e-06 0.003742698884338131 0.0 0.0
0.0 0.002180279608137582 0.0 0.6316680683088686 0.0 0.021403667773212603 0.021403667773210948 0.021403667773214015 0.021403667773209536 1.5524735583082732 0.0 -5.602143077589195e-06 0.003742698885239817 0.0 0.0
0.0 0.0021172439921620834 0.0 0.6323340981815021 0.0 0.022483424132194875 0.02248342413219487 0.02248342413219489 0.02248342413219391 1.5524735583208369 0.0 -5.60214467884179e-06 0.003742698885823451 0.0 0.0
0.0 0.002047529779058841 0.0 0.6326294781395327 0.0 0.02353208104305593 0.02353208104305593 0.023532081043055014 0.023532081043545237 1.5524735583683114 0.0 -5.602145073917883e-06 0.0037426988861087073 0.0 0.0
0.0 0.001973485720160473 0.0 0.6326084373922425 0.0 0.024535472926618698 0.02453547292661869 0.02453547292661869 0.024535472926618694 1.5524735584400025 0.0 -5.602145280451063e-06 0.003742698886178393 0.0 0.0
0.0 0.0018973245305299944 0.0 0.6323271682450307 0.0 0.0254819377850467 0.025481937785046694 0.025481937785046697 0.025481937785046697 1.55247355852409 0.0 -5.602145506174963e-06 0.0037426988862228473 0.0 0.0
0.0 0.0018212262484339184 0.0 0.6318458379232236 0.0 0.026361570302186287 0.026361570302184733 0.026361570302184733 0.026361570303007925 1.5524735586104017 0.0 -5.60214575942643e-06 0.003742698886287264 0.0 0.0
0.0 0.0017444619584209003 0.0 0.6311981414457204 0.0 0.02719542808957445 0.027195428089574467 0.027195428089574456 0.027195428089574456 1.5524735586590985 0.0 -5.6021459532688985e-06 0.00374269888635168 0.0 0.0
0.0 0.0016653882519808232 0.0 0.630392702906235 0.0 0.02800877939994107 0.028008779399941064 0.02800877939994106 0.028008779398682116 1.5524735586761318 0.0 -5.60214612934817e-06 0.0037426988864281965 0.0 0.0
0.0 0.0015845670604000767 0.0 0.6294475537352436 0.0 0.02879990289653669 0.028799902896536677 0.02879990289653668 0.02879990289653668 1.5524735586942828 0.0 -5.6021463822485085e-06 0.0037426988865019916 0.0 0.0
0.0 0.0015025772456928308 0.0 0.6283837149857268 0.0 0.029567832101800834 0.029567832101800844 0.029567832101800837 0.029567832101797524 1.552473558712516 0.0 -5.602146696038222e-06 0.003742698886565246 0.0 0.0
0.0 0.0014198461960870045 0.0 0.6272181953130054 0.0 0.030312344235908936 0.030312344235908947 0.030312344235908947 0.030312344237530455 1.5524735587299787 0.0 -5.602147056294676e-06 0.0037426988866170125 0.0 0.0
0.0 0.0013368381296150113 0.0 0.6259680108678598 0.0 0.031032716447787663 0.031032716447787656 0.03103271644778766 0.031032716447792118 1.5524735587470324 0.0 -5.602147438127778e-06 0.0037426988866543767 0.0 0.0
0.0 0.001253943604198824 0.0 0.624650162810001 0.0 0.03172922603252522 0.031729226032525246 0.03172922603252524 0.031729226032525225 1.5524735587627836 0.0 -5.6021478079137e-06 0.0037426988866773297 0.0 0.0
0.0 0.001171438533574201 0.0 0.6232776473977587 0.0 0.03240239391173366 0.03240239391173368 0.03240239391173368 0.032402393911733676 1.552473558777114 0.0 -5.6021481558355374e-06 0.0037426988866889883 0.0 0.0
0.0 0.0010896837762005198 0.0 0.6218654689614007 0.0 0.033052244139410866 0.03305224413941087 0.033052244139410866 0.03305224413941633 1.5524735587904397 0.0 -5.602148447060496e-06 0.003742698886687808 0.0 0.0
0.0 0.0010089552458439693 0.0 0.620426623758561 0.0 0.03367929763649987 0.033679297636499884 0.03367929763649987 0.03367929763649988 1.5524735588024814 0.0 -5.6021486710320316e-06 0.0037426988866767893 0.0 0.0
0.0 0.0009294439118014284 0.0 0.6189720999750041 0.0 0.03428457219254158 0.034284572192541586 0.034284572192541586 0.03428457219254158 1.552473558813066 0.0 -5.602148825900632e-06 0.0037426988866590804 0.0 0.0
0.0 0.0008513959883491366 0.0 0.6175128970387236 0.0 0.03486833548525235 0.034868335485252366 0.034868335485252366 0.03486833548525857 1.5524735588227214 0.0 -5.602148904188394e-06 0.00374269888663467 0.0 0.0
0.0 0.00077499116047513 0.0 0.6160580100530648 0.0 0.03543110202184455 0.03543110202184454 0.03543110202184455 0.035431102021850125 1.552473558831387 0.0 -5.602148915982054e-06 0.0037426988866061934 0.0 0.0
0.0 0.0007004147551610806 0.0 0.6146174306620904 0.0 0.03597363795087731 0.03597363795087732 0.03597363795087732 0.03597363795087732 1.5524735588390393 0.0 -5.602148854461214e-06 0.003742698886574553 0.0 0.0
0.0 0.0006278224001139226 0.0 0.6131991536807148 0.0 0.03649645617689205 0.036496456176889173 0.036496456176894405 0.03649645617535539 1.5524735588458773 0.0 -5.6021487381528535e-06 0.003742698886541305 0.0 0.0
0.0 0.0005573159663071132 0.0 0.6118081768048566 0.0 0.03699981475412182 0.036999814754121826 0.03699981475412182 0.03699981475561774 1.5524735588520573 0.0 -5.602148592852912e-06 0.0037426988865082245 0.0 0.0
0.0 0.0004890935537715152 0.0 0.6104534988853121 0.0 0.03748397815378067 0.03748397815378068 0.03748397815521773 0.03748397815522248 1.5524735588576206 0.0 -5.6021483996200095e-06 0.0037426988864741897 0.0 0.0
0.0 0.0004232329763092484 0.0 0.609139117329575 0.0 0.037949202828886676 0.037949202828886676 0.037949202828886676 0.03794920282749892 1.5524735588626113 0.0 -5.602148197043031e-06 0.0037426988864418483 0.0 0.0
0.0 0.00035983610499668364 0.0 0.6078700298334848 0.0 0.038395746832108966 0.03839574683210898 0.03839574683210898 0.03839574683211148 1.5524735588670697 0.0 -5.602147985195353e-06 0.0037426988864110978 0.0 0.0
0.0 0.00029904164101542173 0.0 0.606651241588347 0.0 0.038823368145513716 0.03882336814551371 0.03882336814551372 0.038823368145513716 1.5524735588711458 0.0 -5.602147770931536e-06 0.003742698886381802 0.0 0.0
