0.0 0.0008194110373832046 0.0 0.6278286132567199 0.0 0.03870657052323827 0.038706570607778844 0.038706570566439454 0.038706570567170875 1.5524735741060496 0.0 -5.602185968000852e-06 0.003742698882517163 0.0 0.0
0.0 0.0007383627695671826 0.0 0.6240067324710907 0.0 0.03855213816058067 0.03855213816058067 0.03855213816058068 0.03855213816058068 1.5524735589001961 0.0 -5.602263582447545e-06 0.0037426988857262645 0.0 0.0
0.0 0.0006570938122307685 0.0 0.6201917743957066 0.0 0.03840299746060193 0.03840299746060207 0.03840299746060207 0.038402997464685604 1.5524735588995655 0.0 -5.602264881588563e-06 0.0037426988857563333 0.0 0.0
0.0 0.0005754111039144305 0.0 0.6163817090864029 0.0 0.038261115875106284 0.038261115875106284 0.038261115875106284 0.038261115870348694 1.5524735588987701 0.0 -5.602266457636321e-06 0.0037426988857969584 0.0 0.0
0.0 0.0004931064365777959 0.0 0.6125754987777413 0.0 0.03812899217115386 0.038128992171153855 0.03812899217116442 0.038128992171164236 1.5524735588978482 0.0 -5.602268198169364e-06 0.003742698885849821 0.0 0.0
0.0 0.000410026847299821 0.0 0.6087721169481253 0.0 0.03800837501245743 0.03800837501245742 0.03800837501245742 0.038008375019368504 1.5524735588969751 0.0 -5.6022701094438245e-06 0.0037426988859083567 0.0 0.0
0.0 0.0003259754125185207 0.0 0.6049725189133449 0.0 0.037902266459172725 0.037902266459172725 0.037902266459172725 0.03790226645917307 1.5524735588961613 0.0 -5.602271939016447e-06 0.0037426988859760807 0.0 0.0
0.0 0.00024081758440428348 0.0 0.6011756819013747 0.0 0.037812165129201554 0.03781216512920156 0.03781216512920156 0.03781216512920156 1.5524735588955674 0.0 -5.60227394663102e-06 0.0037426988860416958 0.0 0.0
0.0 0.00015439326938982594 0.0 0.5973825687229851 0.0 0.0377405730048494 0.0377405730048494 0.037740573004850286 0.037740573005326364 1.552473558895173 0.0 -5.602275871058794e-06 0.0037426988861050227 0.0 0.0
0.0 6.657920416158221e-05 0.0 0.5935941496863575 0.0 0.037689491991760526 0.03768949199175863 0.03768949199175864 0.03768949199176052 1.5524735588949738 0.0 -5.602277705780196e-06 0.0037426988861586456 0.0 0.0
0.0 -2.2747874644580094e-05 0.0 0.5898113950994823 0.0 0.03766092398051622 0.03766092398051623 0.03766092398051622 0.03766092403734243 1.5524735588949063 0.0 -5.602279445392929e-06 0.003742698886196759 0.0 0.0
0.0 -0.00011369994629372916 0.0 0.5860372683504955 0.0 0.0376573736190764 0.037657373616348605 0.037657373616348536 0.03765737595441856 1.5524735588948961 0.0 -5.602280801475771e-06 0.0037426988862131923 0.0 0.0
0.0 -0.0002063393867487209 0.0 0.582273747532299 0.0 0.03768034600666032 0.037680346006660335 0.037680346006660335 0.0376803461621315 1.5524735588948966 0.0 -5.60228189693194e-06 0.0037426988862186384 0.0 0.0
0.0 -0.0003007116455133113 0.0 0.578525800356859 0.0 0.03773209788383288 0.03773209788382204 0.03773209788382204 0.03773209788383288 1.5524735588948935 0.0 -5.602282287189002e-06 0.0037426988862387634 0.0 0.0
0.0 -0.0003968975138223004 0.0 0.5747954011716795 0.0 0.037814383177095276 0.037814383177095276 0.037814383177095276 0.03781438321880984 1.5524735588948695 0.0 -5.602282388079478e-06 0.0037426988862763627 0.0 0.0
0.0 -0.0004948334392167352 0.0 0.5710905260465982 0.0 0.037928965048923756 0.03792896504892376 0.03792896504892377 0.03792896504892376 1.5524735588947842 0.0 -5.602281318994241e-06 0.0037426988863336996 0.0 0.0
0.0 -0.0005945761557175774 0.0 0.5674141496202381 0.0 0.038077598542372935 0.03807759854237293 0.03807759854237293 0.03807759854303859 1.552473558894566 0.0 -5.602279800389775e-06 0.003742698886413191 0.0 0.0
0.0 -0.000696038053873202 0.0 0.5637752482513336 0.0 0.038262048364162554 0.03826204836416257 0.038262048364162554 0.03826204836375378 1.5524735588940954 0.0 -5.602276973324915e-06 0.003742698886516339 0.0 0.0
0.0 -0.0007991484505226509 0.0 0.5601798086852718 0.0 0.038483324285308165 0.03848332428530768 0.03848332428530817 0.03848332428530768 1.5524735588932135 0.0 -5.602273295727666e-06 0.0037426988866415246 0.0 0.0
0.0 -0.0009038197361505244 0.0 0.5566368072845628 0.0 0.03874319100166105 0.03874319100166104 0.03874319100183017 0.03874319100166104 1.5524735588916576 0.0 -5.602268396224152e-06 0.0037426988867905794 0.0 0.0
0.0 -0.001009724905175677 0.0 0.5531552691335695 0.0 0.03904016271711551 0.03904016271711551 0.03904016272299548 0.03904016271711551 1.5524735588893128 0.0 -5.60226235649893e-06 0.003742698886946843 0.0 0.0
0.0 -0.0011163269429203691 0.0 0.5497293311762814 0.0 0.03936497842036193 0.03936497842036193 0.0393649784204433 0.03936497842036193 1.5524735588868197 0.0 -5.60225720507419e-06 0.003742698887070248 0.0 0.0
0.0 -0.0012231099146275326 0.0 0.5463461583067943 0.0 0.039706365565164284 0.039706365565164284 0.0397063655652307 0.03970636556516441 1.5524735588849312 0.0 -5.602253765192861e-06 0.00374269888714489 0.0 0.0
0.0 -0.0013297886624655864 0.0 0.5429878914881247 0.0 0.04005454381883203 0.04005454381883203 0.04005454381883203 0.04005454381883191 1.5524735588839906 0.0 -5.602252588706876e-06 0.003742698887177557 0.0 0.0
0.0 -0.0014360227831957556 0.0 0.5396366829216553 0.0 0.040398982734989874 0.040398982734989874 0.040398982734989874 0.04039898273116804 1.5524735588843306 0.0 -5.602253661207353e-06 0.0037426988871624048 0.0 0.0
0.0 -0.0015415342497828255 0.0 0.5362766628994106 0.0 0.04073065529572964 0.04073065529572964 0.04073065529580275 0.04073065529572977 1.552473558885709 0.0 -5.602256817287026e-06 0.003742698887107247 0.0 0.0
0.0 -0.0016459345445626343 0.0 0.5328919842016651 0.0 0.04103903426273059 0.04103903426273059 0.04103903426273059 0.04103903426282575 1.552473558887958 0.0 -5.602262229024462e-06 0.0037426988870059327 0.0 0.0
0.0 -0.0017487885240292744 0.0 0.5294717860570376 0.0 0.0413146005598105 0.0413146005598105 0.04131460055981052 0.041314600566661044 1.5524735588904326 0.0 -5.602269458568659e-06 0.0037426988868668114 0.0 0.0
0.0 -0.0018495279857069814 0.0 0.5260092163448403 0.0 0.04154734145748204 0.04154734145748204 0.04154734145748204 0.04154734145748162 1.5524735588926122 0.0 -5.6022781542929335e-06 0.0037426988866965556 0.0 0.0
0.0 -0.00194743325294803 0.0 0.5225014353411891 0.0 0.04172650051731146 0.04172650051731063 0.04172650051731063 0.04172650051731145 1.5524735588940972 0.0 -5.602287876699295e-06 0.0037426988865109983 0.0 0.0
0.0 -0.0020415568502289917 0.0 0.5189565989926029 0.0 0.041841839029381586 0.041841839029383786 0.041841839029381586 0.04184183900252243 1.552473558894765 0.0 -5.60229687474835e-06 0.0037426988863414504 0.0 0.0
0.0 -0.0021307220137917918 0.0 0.5153908730514932 0.0 0.04188263103044907 0.04188263103044907 0.04188263103044908 0.04188263094417464 1.5524735588948957 0.0 -5.6023035521653644e-06 0.0037426988862303084 0.0 0.0
0.0 -0.002213620409612285 0.0 0.5118274177964361 0.0 0.0418386618215386 0.041838661821538614 0.041838661821538614 0.04183866178281618 1.55247355889493 0.0 -5.602306343000181e-06 0.003742698886176091 0.0 0.0
0.0 -0.0022886565062177635 0.0 0.5083043828359557 0.0 0.041700740974197806 0.041700740974197806 0.041700740974197806 0.041700740981383204 1.552473558897592 0.0 -5.602302375993886e-06 0.003742698885839024 0.0 0.0
0.0 -0.002354025389544707 0.0 0.5048709097220776 0.0 0.04146044582542396 0.04146044582542395 0.041460445825423915 0.041460445825423915 1.5524735589196972 0.0 -5.6022901105695225e-06 0.003742698885117264 0.0 0.0
0.0 -0.002407775141255053 0.0 0.5015891100404053 0.0 0.041111624925799235 0.041111624925799235 0.04111162492579923 0.04111162492581574 1.5524735590066632 0.0 -5.602269109431028e-06 0.0037426988840745367 0.0 0.0
0.0 -0.0024478805001220964 0.0 0.498534050429017 0.0 0.04065139825315693 0.04065139825315692 0.04065139825315692 0.04065139825315692 1.5524735592416785 0.0 -5.6022411822406616e-06 0.0037426988829381987 0.0 0.0
0.0 -0.002472370278018536 0.0 0.49579074047367405 0.0 0.04008090248586416 0.04008090248586416 0.040080902485864156 0.04008090248586416 1.5524735597403307 0.0 -5.602210967176605e-06 0.003742698882083187 0.0 0.0
0.0 -0.002479430715083092 0.0 0.49345212087813 0.0 0.03940603784807639 0.03940603784807639 0.03940603784805697 0.03940603785114046 1.5524735606189322 0.0 -5.602184647822931e-06 0.003742698881921622 0.0 0.0
0.0 -0.0024675400170918755 0.0 0.4916180406715964 0.0 0.03863896658585698 0.03863896658585697 0.03863896658316657 0.03863896658584689 1.5524735619174832 0.0 -5.602167570237868e-06 0.003742698882703855 0.0 0.0
0.0 -0.0024359379035016797 0.0 0.4903643044536003 0.0 0.037794312683650126 0.03779431268365012 0.037794312683650126 0.03779431268364413 1.5524735636011062 0.0 -5.602162023575981e-06 0.0037426988841264787 0.0 0.0
0.0 -0.002385676097351774 0.0 0.48971956454556603 0.0 0.03689587555461578 0.03689587555461578 0.036895875554615785 0.03689587555461577 1.5524735653247155 0.0 -5.602163905494903e-06 0.0037426988854818034 0.0 0.0
0.0 -0.0023188978044340336 0.0 0.4896853755142892 0.0 0.035973411882337956 0.03597341188233797 0.03597341188233796 0.03597341188233813 1.552473566571757 0.0 -5.602166988181609e-06 0.003742698886066707 0.0 0.0
0.0 -0.0022381564178591885 0.0 0.49023633287647267 0.0 0.03505338508666691 0.03505338508666692 0.03505338508666692 0.035053385086670594 1.55247356709196 0.0 -5.602168346782628e-06 0.0037426988864681537 0.0 0.0
0.0 -0.0021462343347283994 0.0 0.4913260823139584 0.0 0.034158474732818654 0.034158474732818654 0.03415847473281866 0.03415847473282243 1.5524735668323595 0.0 -5.602166923842595e-06 0.0037426988875962487 0.0 0.0
0.0 -0.0020458512990823414 0.0 0.4928933513744059 0.0 0.033305585939384305 0.03330558593938431 0.033305585939384305 0.0333055859342561 1.5524735659810904 0.0 -5.602161921093232e-06 0.0037426988890257714 0.0 0.0
0.0 -0.0019395087494278544 0.0 0.49486994428964404 0.0 0.03250636194644976 0.032506361946449756 0.03250636194644976 0.03250636194955075 1.5524735648001589 0.0 -5.602153171985651e-06 0.003742698890325233 0.0 0.0
0.0 -0.0018294601073145346 0.0 0.4971827388051911 0.0 0.031767437222164796 0.03176743722216479 0.03176743722216479 0.031767437218674685 1.5524735635457017 0.0 -5.602141553015312e-06 0.003742698891204333 0.0 0.0
0.0 -0.0017174886126173 0.0 0.4997636853203661 0.0 0.031090703394603833 0.031090703394603795 0.0310907033946038 0.031090703394603795 1.552473562408504 0.0 -5.602128520594064e-06 0.0037426988915981747 0.0 0.0
0.0 -0.0016050659214894858 0.0 0.502547783820425 0.0 0.030474806211428083 0.030474806211428052 0.030474806215297016 0.030474806211428045 1.55247356147237 0.0 -5.602115763323286e-06 0.003742698891560966 0.0 0.0
0.0 -0.0014932615280072877 0.0 0.5054760884873263 0.0 0.02991490041194055 0.029914900411940556 0.029914900408042695 0.02991490040804279 1.5524735607684992 0.0 -5.602104749652398e-06 0.003742698891240716 0.0 0.0
0.0 -0.0013828787983076489 0.0 0.5084976707976008 0.0 0.02940515326319277 0.02940515326319277 0.02940515326319277 0.029405153267070782 1.5524735602585964 0.0 -5.6020963055938876e-06 0.0037426988907674117 0.0 0.0
0.0 -0.001274386963666897 0.0 0.5115686379740779 0.0 0.028937492955793894 0.028937492955800934 0.028937492955855595 0.028937492955800934 1.5524735599139763 0.0 -5.6020908612050666e-06 0.00374269889027056 0.0 0.0
0.0 -0.0011680924943589257 0.0 0.51465110271622 0.0 0.02850360721490809 0.02850360721492175 0.02850360721492175 0.02850360721492175 1.5524735596883406 0.0 -5.602088425516821e-06 0.00374269888981346 0.0 0.0
0.0 -0.001064218406223787 0.0 0.5177121716692301 0.0 0.02809569188373056 0.028095691883730563 0.028095691880197886 0.028095691880224486 1.5524735595442107 0.0 -5.60208875007112e-06 0.0037426988894198525 0.0 0.0
0.0 -0.0009628065441969207 0.0 0.5207249607041782 0.0 0.027705452380433496 0.027705452380433496 0.027705452380433496 0.027705452380433496 1.5524735594631798 0.0 -5.602091304712954e-06 0.0037426988891147684 0.0 0.0
0.0 -0.0008639908284211312 0.0 0.5236625669561105 0.0 0.02732584432026344 0.02732584432026344 0.027325844320263484 0.027325844320263484 1.5524735594256678 0.0 -5.602095848296741e-06 0.0037426988888750513 0.0 0.0
0.0 -0.0007678897422979253 0.0 0.5265040630550877 0.0 0.026951583206384692 0.02695158320638469 0.02695158320638469 0.026951583209671618 1.5524735594175285 0.0 -5.602101611320665e-06 0.003742698888680205 0.0 0.0
0.0 -0.0006746401858778514 0.0 0.5292285178874597 0.0 0.026577634609277048 0.026577634609277048 0.02657763461253906 0.026577634609255125 1.5524735594375483 0.0 -5.602108249604747e-06 0.0037426988885193107 0.0 0.0
0.0 -0.0005844966793097493 0.0 0.5318169671869741 0.0 0.026201217626659657 0.026201217626659664 0.02620121762667167 0.026201217626679846 1.5524735594754842 0.0 -5.60211524300978e-06 0.003742698888360942 0.0 0.0
0.0 -0.0004976077186179445 0.0 0.5342594267983024 0.0 0.025821066020057785 0.025821066020057782 0.025821066020063652 0.025821066020063652 1.5524735595247896 0.0 -5.602121822485843e-06 0.0037426988881991597 0.0 0.0
0.0 -0.0004138078777826732 0.0 0.5365688704858776 0.0 0.025439200896328656 0.025439200896328684 0.025439200896334394 0.025439200899397895 1.5524735595645363 0.0 -5.602126950729738e-06 0.003742698888037799 0.0 0.0
0.0 -0.000332872333752663 0.0 0.538762265683261 0.0 0.025058149885225502 0.02505814988524636 0.025058149882287373 0.025058149882272066 1.5524735595888646 0.0 -5.602130782879691e-06 0.0037426988878825275 0.0 0.0
0.0 -0.0002544417179182898 0.0 0.5408576025990635 0.0 0.024678942012319332 0.024678942012319325 0.024678942012319356 0.024678942012333484 1.5524735596067867 0.0 -5.602133600645517e-06 0.0037426988877500697 0.0 0.0
0.0 -0.0001782769465915338 0.0 0.5428678699988736 0.0 0.024302598278439277 0.02430259827843927 0.024302598278439273 0.024302598278439298 1.5524735596176322 0.0 -5.6021357530631934e-06 0.003742698887632724 0.0 0.0
0.0 -0.00010396904778450584 0.0 0.5448100727909421 0.0 0.023929145956371342 0.023929145956371346 0.023929145956358987 0.023929145956358987 1.5524735596285484 0.0 -5.602137297094297e-06 0.0037426988875424384 0.0 0.0
0.0 -3.1247749576196144e-05 0.0 0.5466962106942014 0.0 0.023558854323158192 0.023558854323158195 0.023558854323158192 0.023558854320473162 1.5524735596375854 0.0 -5.602138453393083e-06 0.0037426988874689074 0.0 0.0
0.0 4.025493608486381e-05 0.0 0.548539298704681 0.0 0.02319099412538489 0.02319099412538488 0.02319099412537361 0.02319099412537361 1.552473559652745 0.0 -5.602139287224982e-06 0.0037426988874188303 0.0 0.0
0.0 0.0001108998684512453 0.0 0.5503543411533026 0.0 0.022825589406914305 0.022825589406914284 0.022825589406914305 0.022825589406914305 1.5524735596682346 0.0 -5.602139792359358e-06 0.0037426988873887753 0.0 0.0
0.0 0.00018103810844137923 0.0 0.5521513634134997 0.0 0.02246115600187217 0.022461156001856455 0.022461156001856452 0.022461156001856452 1.552473559697176 0.0 -5.602140130853918e-06 0.0037426988873812427 0.0 0.0
0.0 0.0002509824017302179 0.0 0.5539433692380438 0.0 0.022097714732745972 0.022097714732745993 0.022097714732745993 0.022097714732745993 1.552473559727545 0.0 -5.602140224636147e-06 0.003742698887390734 0.0 0.0
0.0 0.00032113192341910973 0.0 0.5557423845771408 0.0 0.021733784643360725 0.02173378464336073 0.02173378464598367 0.021733784643365638 1.552473559773764 0.0 -5.6021401301636e-06 0.003742698887426293 0.0 0.0
0.0 0.00039179377681082517 0.0 0.5575604166425483 0.0 0.021369134921397262 0.02136913492139727 0.021369134921397255 0.021369134918739582 1.552473559825722 0.0 -5.602139804611055e-06 0.0037426988874816203 0.0 0.0
0.0 0.000463360007406863 0.0 0.5594114807183899 0.0 0.021003037911253745 0.02100303791125375 0.021003037911253738 0.02100303791126541 1.5524735598895298 0.0 -5.602139190042042e-06 0.003742698887565338 0.0 0.0
0.0 0.0005361689042553399 0.0 0.5613065949708168 0.0 0.020634511114148938 0.02063451111414893 0.02063451111415151 0.020634511111379667 1.5524735599701625 0.0 -5.602138309441068e-06 0.003742698887678878 0.0 0.0
0.0 0.0006105388553336754 0.0 0.5632597596930292 0.0 0.020263826990396312 0.020263826990412032 0.020263826990398942 0.020263826990398942 1.5524735600552313 0.0 -5.602136984602677e-06 0.0037426988878216123 0.0 0.0
0.0 0.000686801018636604 0.0 0.5652839823849565 0.0 0.019890756363773653 0.019890756363773653 0.019890756363770915 0.019890756363770926 1.5524735601515443 0.0 -5.602135142502328e-06 0.0037426988880011306 0.0 0.0
0.0 0.0007653275381676962 0.0 0.5673962604568661 0.0 0.01951582655055506 0.01951582655055505 0.019515826550570377 0.019515826553601484 1.5524735602499298 0.0 -5.602132471237751e-06 0.0037426988882235147 0.0 0.0
0.0 0.0008463759131809819 0.0 0.5696095864185227 0.0 0.01913980850360421 0.019139808503604215 0.019139808503621063 0.019139808503601294 1.552473560345996 0.0 -5.602128842422252e-06 0.00374269888848453 0.0 0.0
0.0 0.000930244628074769 0.0 0.5719409426882294 0.0 0.018764229679456183 0.01876422967945619 0.018764229679456186 0.018764229682728378 1.5524735604259627 0.0 -5.602123742717599e-06 0.0037426988887871706 0.0 0.0
0.0 0.0010161478022058098 0.0 0.5743782246236148 0.0 0.018395821680860354 0.01839582168086351 0.01839582168086348 0.018395821680863494 1.55247356039979 0.0 -5.602118014144452e-06 0.003742698888987491 0.0 0.0
0.0 0.001103046197999525 0.0 0.5769003174874797 0.0 0.01804180190550179 0.01804180190550179 0.018041801908951428 0.018041801905520363 1.5524735602580482 0.0 -5.6021123341160615e-06 0.0037426988890270855 0.0 0.0
0.0 0.0011907909948802439 0.0 0.5795101771671585 0.0 0.017705175770612362 0.01770517577061238 0.017705175770612407 0.017705175770612383 1.5524735600776494 0.0 -5.602105662238077e-06 0.0037426988890077242 0.0 0.0
0.0 0.0012791724952742598 0.0 0.5822097517732951 0.0 0.017389447021311025 0.017389447021311025 0.017389447021311004 0.017389447021338846 1.5524735598650152 0.0 -5.602097946231046e-06 0.0037426988889111396 0.0 0.0
0.0 0.0013679441703886488 0.0 0.585000981921508 0.0 0.017098619495489967 0.017098619495489967 0.01709861949548992 0.01709861949548992 1.5524735596336547 0.0 -5.6020890828765174e-06 0.0037426988887228345 0.0 0.0
0.0 0.0014568057332243292 0.0 0.5878828111108553 0.0 0.016836442206224725 0.01683644220622473 0.01683644220622473 0.01683644220625149 1.5524735594095405 0.0 -5.602079268898595e-06 0.0037426988884418084 0.0 0.0
0.0 0.0015454257097385266 0.0 0.5908551718840365 0.0 0.016607415866221446 0.01660741586622145 0.01660741586622145 0.016607415866221446 1.5524735592099026 0.0 -5.602068367025431e-06 0.0037426988880667777 0.0 0.0
0.0 0.001633376396788241 0.0 0.5939139956330735 0.0 0.016416034782428757 0.016416034782428764 0.016416034779777423 0.01641603477977993 1.5524735590556364 0.0 -5.602056787689159e-06 0.0037426988876168477 0.0 0.0
0.0 0.001720126733090669 0.0 0.5970532019290709 0.0 0.01626754013940134 0.016267540139401345 0.01626754013940136 0.016267540137615274 1.5524735589555476 0.0 -5.602044841132628e-06 0.003742698887124487 0.0 0.0
0.0 0.0018051400168596526 0.0 0.6002657138015854 0.0 0.016166921466337292 0.016166921466337292 0.01616692146633471 0.016166921466337116 1.5524735589081033 0.0 -5.602032776417078e-06 0.0037426988866626656 0.0 0.0
0.0 0.0018877592625764234 0.0 0.6035394528415352 0.0 0.016119160238529516 0.016119160238529516 0.016119160238692073 0.01611916024571602 1.552473558895561 0.0 -5.602021473130487e-06 0.00374269888632274 0.0 0.0
0.0 0.00196726659789383 0.0 0.6068613328526289 0.0 0.01612973640003205 0.0161297363995096 0.01612973639950962 0.016129736399770805 1.552473558894897 0.0 -5.602011375575713e-06 0.0037426988862126905 0.0 0.0
0.0 0.0020427757486552183 0.0 0.6102112656257788 0.0 0.016204118681351947 0.016204118681300252 0.016204118681300252 0.016204118681300252 1.552473558894883 0.0 -5.602003980101057e-06 0.003742698886176169 0.0 0.0
0.0 0.002113365097276447 0.0 0.6135661695767888 0.0 0.016347270957161077 0.016347270957161077 0.016347270957161077 0.016347270954609392 1.5524735588947334 0.0 -5.6020002337735454e-06 0.003742698886072381 0.0 0.0
0.0 0.0021781017418439435 0.0 0.6169009700366987 0.0 0.016563653814944925 0.016563653814944925 0.0165636538149293 0.016563653814944925 1.552473558894069 0.0 -5.602000785657707e-06 0.003742698885891108 0.0 0.0
0.0 0.002235841907864589 0.0 0.6201825862854152 0.0 0.016857965054760823 0.016857965054761052 0.01685796505451032 0.01685796505475182 1.5524735588920806 0.0 -5.602007046696178e-06 0.0037426988856297406 0.0 0.0
0.0 0.002285474497207885 0.0 0.623373962671344 0.0 0.017233145794696682 0.017233145794696685 0.017233145794696692 0.017233145794696685 1.5524735588874399 0.0 -5.602019197831713e-06 0.0037426988853068678 0.0 0.0
0.0 0.0023257808984357 0.0 0.6264320493024222 0.0 0.017691627456635224 0.017691627456635224 0.01769162745337135 0.01769162745663828 1.5524735588781444 0.0 -5.602036976838464e-06 0.0037426988849568288 0.0 0.0
0.0 0.0023555808187341876 0.0 0.6293108178951028 0.0 0.018234336420961453 0.018234336420961453 0.01823433642096017 0.01823433642096017 1.5524735588616543 0.0 -5.6020587519292215e-06 0.003742698884635721 0.0 0.0
0.0 0.0023736785274380747 0.0 0.6319582646632808 0.0 0.018860439187258295 0.0188604391872583 0.018860439187258295 0.018860439187258295 1.5524735588352079 0.0 -5.602082456721644e-06 0.0037426988844163475 0.0 0.0
0.0 0.002379171685700095 0.0 0.6343742059212879 0.0 0.019582187581333926 0.019582187581333926 0.019582187581333933 0.01958218758134185 1.5524735587877911 0.0 -5.602101125104252e-06 0.003742698884199975 0.0 0.0
0.0 0.002371019567761974 0.0 0.6365405128149403 0.0 0.020407803961851705 0.02040780396185027 0.02040780396185027 0.02040780396185027 1.5524735587080287 0.0 -5.6021163579093916e-06 0.003742698884066394 0.0 0.0
0.0 0.00234856643404126 0.0 0.6383933467620084 0.0 0.021325183906800688 0.02132518390679736 0.021325183906799026 0.021325183906799022 1.5524735586037328 0.0 -5.602129589958566e-06 0.003742698884242958 0.0 0.0
0.0 0.0023117071955682084 0.0 0.6398849074981762 0.0 0.022319998310336153 0.022319998310336157 0.022319998310344192 0.022319998310336153 1.5524735584821625 0.0 -5.602138496372995e-06 0.0037426988846805476 0.0 0.0
0.0 0.0022609780007625587 0.0 0.6409864377375323 0.0 0.02337544817067514 0.02337544817067514 0.023375448170675144 0.02337544816916323 1.5524735583574767 0.0 -5.6021429558760305e-06 0.003742698885241224 0.0 0.0
0.0 0.0021975164294853293 0.0 0.6416941874236485 0.0 0.024474774572742053 0.024474774572742056 0.024474774572742056 0.024474774571652445 1.5524735582434928 0.0 -5.6021443748873995e-06 0.0037426988857435467 0.0 0.0
0.0 0.0021226991456294838 0.0 0.6420173952658896 0.0 0.025602239594337897 0.0256022395943379 0.025602239594337908 0.025602239594339323 1.5524735581514226 0.0 -5.6021444870023135e-06 0.0037426988860651544 0.0 0.0
0.0 0.0020382918822702393 0.0 0.6419852870040849 0.0 0.026743387566160192 0.02674338756616019 0.026743387566160196 0.026743387566160196 1.5524735580890057 0.0 -5.6021443428918065e-06 0.0037426988861529367 0.0 0.0
0.0 0.0019461408522661002 0.0 0.6416380540726432 0.0 0.027886280820246415 0.027886280820246405 0.027886280820246415 0.027886280820246787 1.5524735580567115 0.0 -5.602144259208172e-06 0.0037426988862351617 0.0 0.0
0.0 0.0018481246332327978 0.0 0.6410248530259981 0.0 0.02902149649032688 0.029021496490326874 0.02902149648927592 0.02902149649032574 1.5524735580511053 0.0 -5.602144300809004e-06 0.0037426988864106294 0.0 0.0
0.0 0.0017461372406749759 0.0 0.6402008159184962 0.0 0.030141371594131525 0.03014137159413152 0.030141371594131522 0.03014137159277108 1.552473558068328 0.0 -5.602144503783497e-06 0.0037426988866125937 0.0 0.0
0.0 0.0016419366542251874 0.0 0.6392230379047364 0.0 0.031240746726547725 0.03124074672654772 0.031240746726547728 0.031240746726547725 1.5524735581008806 0.0 -5.602144820632819e-06 0.003742698886786206 0.0 0.0
0.0 0.00153716472051356 0.0 0.6381475951129522 0.0 0.03231571107483774 0.03231571107483774 0.03231571107483774 0.032315711074840894 1.5524735581443834 0.0 -5.6021451568180085e-06 0.0037426988868969084 0.0 0.0
0.0 0.0014333967560175203 0.0 0.6370285593458467 0.0 0.033362600659780375 0.033362600659780355 0.03336260066151719 0.03336260066151718 1.5524735581970548 0.0 -5.6021454216070715e-06 0.0037426988869302758 0.0 0.0
0.0 0.001332014131571976 0.0 0.6359149859730009 0.0 0.03437874363506378 0.034378743635063755 0.034378743635063776 0.03437874363507022 1.5524735582549858 0.0 -5.6021455667001e-06 0.0037426988868924935 0.0 0.0
0.0 0.001234285061511127 0.0 0.6348489395862865 0.0 0.035360706820002134 0.03536070682000215 0.03536070682000215 0.03536070682000524 1.5524735583187095 0.0 -5.6021456144438865e-06 0.003742698886800879 0.0 0.0
0.0 0.0011413390597932653 0.0 0.6338674795865256 0.0 0.03630529905080946 0.036305299050809446 0.036305299052350644 0.03630529905235064 1.5524735583858902 0.0 -5.602145608502319e-06 0.00374269888667684 0.0 0.0
0.0 0.0010541939728488778 0.0 0.6329976887208103 0.0 0.03720756287418543 0.03720756287418542 0.03720756287418543 0.03720756287418803 1.5524735584581022 0.0 -5.602145618694034e-06 0.0037426988865454014 0.0 0.0
0.0 0.0009736936050079269 0.0 0.6322586511740351 0.0 0.03806227795790068 0.03806227795790068 0.03806227795790519 0.03806227795790234 1.5524735585326672 0.0 -5.602145676936277e-06 0.003742698886426284 0.0 0.0
0.0 0.0009004723762820668 0.0 0.6316584591971369 0.0 0.03886345622116269 0.03886345622116269 0.03886345622116269 0.03886345622116269 1.552473558607259 0.0 -5.602145790137281e-06 0.003742698886333309 0.0 0.0
0.0 0.0008325319801171563 0.0 0.6311787890493106 0.0 0.03963232193322409 0.039632321933224086 0.03963232193240534 0.03963232193322409 1.5524735586444005 0.0 -5.602145850583399e-06 0.0037426988862795567 0.0 0.0
0.0 0.0007674847226952173 0.0 0.6307942699979721 0.0 0.040393088672482834 0.04039308867248284 0.04039308867181142 0.0403930886724833 1.5524735586486391 0.0 -5.6021458465959366e-06 0.003742698886249918 0.0 0.0
0.0 0.0007052005173560064 0.0 0.6304949216419452 0.0 0.041144240245585245 0.04114424024558524 0.04114424024558496 0.04114424024612026 1.5524735586548655 0.0 -5.602145856847361e-06 0.003742698886229192 0.0 0.0
0.0 0.0006455549244610686 0.0 0.6302717601209845 0.0 0.04188451203198504 0.041884512031985045 0.04188451203198505 0.04188451203198597 1.5524735586626972 0.0 -5.602145875551481e-06 0.0037426988862155016 0.0 0.0
0.0 0.0005885084490890395 0.0 0.630117809646791 0.0 0.04261214254328526 0.04261214254328526 0.04261214254328526 0.04261214254328526 1.5524735586726557 0.0 -5.602145901654059e-06 0.0037426988862070605 0.0 0.0
0.0 0.0005339366514475434 0.0 0.6300240863592884 0.0 0.04332586715770176 0.04332586715770176 0.04332586715751802 0.04332586715770176 1.552473558683983 0.0 -5.602145931950885e-06 0.003742698886202724 0.0 0.0
0.0 0.0004817023192252829 0.0 0.6299825991913097 0.0 0.044024922932167525 0.04402492293216752 0.044024922932167525 0.04402492293207785 1.552473558695957 0.0 -5.602145964045209e-06 0.0037426988862011333 0.0 0.0
0.0 0.0004317107119479583 0.0 0.6299863611122242 0.0 0.04470829849145177 0.04470829849145176 0.04470829849145176 0.04470829849145829 1.5524735587087397 0.0 -5.602145998225148e-06 0.0037426988862014226 0.0 0.0
0.0 0.00038388550452508294 0.0 0.6300283888390569 0.0 0.04537473242233333 0.045374732422333336 0.04537473242233333 0.045374732422333454 1.5524735587224325 0.0 -5.602146034742223e-06 0.0037426988862017648 0.0 0.0
0.0 0.0003380894843807538 0.0 0.630100691304822 0.0 0.046023461781918476 0.046023461781918476 0.04602346178191847 0.046023461781918476 1.5524735587363394 0.0 -5.60214607174932e-06 0.0037426988862016026 0.0 0.0
0.0 0.0002942816679248734 0.0 0.6301992785974455 0.0 0.046653730042616394 0.046653730042616394 0.046653730042616394 0.046653730042616394 1.5524735587503162 0.0 -5.602146108873633e-06 0.003742698886201088 0.0 0.0
0.0 0.0002523673148002731 0.0 0.6303171636863126 0.0 0.04726452582889759 0.0472645258288976 0.047264525828897605 0.04726452582889722 1.552473558764439 0.0 -5.602146146365216e-06 0.003742698886200848 0.0 0.0
0.0 0.00021226296909155349 0.0 0.6304493526229457 0.0 0.047855341046433596 0.04785534104643359 0.04785534104643359 0.04785534104643401 1.5524735587781229 0.0 -5.6021461826965475e-06 0.0037426988862009265 0.0 0.0
0.0 0.00017395170439796933 0.0 0.6305928557840346 0.0 0.04842542077157866 0.04842542077157866 0.04842542077182158 0.04842542077157911 1.5524735587914544 0.0 -5.602146218100607e-06 0.003742698886201198 0.0 0.0
0.0 0.00013736283761920265 0.0 0.6307416864276545 0.0 0.04897375523243096 0.04897375523243096 0.04897375523243105 0.04897375523243143 1.5524735588044687 0.0 -5.602146252767338e-06 0.0037426988862019955 0.0 0.0
0.0 0.00010246102732042781 0.0 0.6308928511827974 0.0 0.04949983954180406 0.04949983954180405 0.04949983954180397 0.04949983954180349 1.5524735588166927 0.0 -5.602146285393802e-06 0.0037426988862029977 0.0 0.0
0.0 6.927181926314979e-05 0.0 0.6310443644622745 0.0 0.05000267034215882 0.050002670342158814 0.050002670342415276 0.050002670342158814 1.5524735588283252 0.0 -5.602146316484317e-06 0.0037426988862041422 0.0 0.0
0.0 3.7735814809419714e-05 0.0 0.6311922326065611 0.0 0.050481741143277734 0.05048174114327773 0.05048174114327773 0.05048174114327773 1.552473558838988 0.0 -5.60214634507665e-06 0.0037426988862054355 0.0 0.0
0.0 7.884201927716585e-06 0.0 0.6313354665696189 0.0 0.050936300228442234 0.05093630022844223 0.050936300228442234 0.05093630022844141 1.5524735588487448 0.0 -5.602146371260438e-06 0.003742698886206732 0.0 0.0
0.0 -2.0281530745892342e-05 0.0 0.631471080475581 0.0 0.051365342636249936 0.05136534263624994 0.051365342636249936 0.051365342636249936 1.5524735588576204 0.0 -5.60214639513147e-06 0.0037426988862080154 0.0 0.0
