0.0 0.0019811640874936058 0.0 0.622132494130074 0.0 0.020976060564373424 0.020976060564368647 0.020976060653534516 0.020976060657129817 1.5524735589404712 0.0 -5.602146617057807e-06 0.003742698886212896 0.0 0.0
0.0 0.0017713566100994872 0.0 0.6123588359070129 0.0 0.02061583230103047 0.02061583230103042 0.0206158323010318 0.020615832302510857 1.5524735588948968 0.0 -5.6021464957003445e-06 0.003742698886213282 0.0 0.0
0.0 0.0015581096601679511 0.0 0.6025884593054066 0.0 0.020303617738544576 0.020303617738544576 0.020303617738544603 0.020303617737580836 1.5524735588948966 0.0 -5.602146495737945e-06 0.0037426988862132825 0.0 0.0
0.0 0.0013396696583939487 0.0 0.5928170258877843 0.0 0.020061913811888075 0.020061913811888328 0.020061913811888078 0.020061913811627613 1.5524735588948966 0.0 -5.602146495782156e-06 0.0037426988862132838 0.0 0.0
0.0 0.0011144145893351365 0.0 0.583047191743404 0.0 0.01991372880236897 0.019913728803642665 0.01991372880236897 0.01991372880238723 1.5524735588948966 0.0 -5.602146495831602e-06 0.0037426988862132846 0.0 0.0
0.0 0.00088101261291114 0.0 0.5732906305501678 0.0 0.019881085323994418 0.01988108532399441 0.019881085323994383 0.01988108511866706 1.5524735588948966 0.0 -5.602146495883193e-06 0.0037426988862132846 0.0 0.0
0.0 0.0006385352197665718 0.0 0.56357502435283 0.0 0.01998578140246757 0.01998578140246755 0.019985781402467578 0.01998578140246756 1.5524735588948966 0.0 -5.602146495928779e-06 0.003742698886213284 0.0 0.0
0.0 0.00038639219036395165 0.0 0.5539390733621994 0.0 0.02024863288355787 0.020248632883557872 0.02024863288355786 0.0202486327931118 1.5524735588948966 0.0 -5.6021464959600245e-06 0.003742698886213284 0.0 0.0
0.0 0.00012456088296144608 0.0 0.544440505759926 0.0 0.02068898555666881 0.02068898555666877 0.020688985561880615 0.02068898555661149 1.5524735588948966 0.0 -5.6021464959638455e-06 0.0037426988862132838 0.0 0.0
0.0 -0.00014643069283723893 0.0 0.5351530880751091 0.0 0.021323960720586402 0.021323960720590663 0.02132396072058641 0.021323960720604055 1.5524735588948966 0.0 -5.602146495930249e-06 0.003742698886213284 0.0 0.0
0.0 -0.0004253467597897077 0.0 0.5261716341229742 0.0 0.02216796283546369 0.022167962835463694 0.02216796283544606 0.02216796283544606 1.5524735588948966 0.0 -5.602146495853549e-06 0.003742698886213285 0.0 0.0
0.0 -0.0007102110963830609 0.0 0.5176080300830711 0.0 0.023230922967939716 0.023230922967939716 0.023230922967939716 0.023230922978026217 1.5524735588948966 0.0 -5.60214649574176e-06 0.0037426988862132855 0.0 0.0
0.0 -0.0009983310940627269 0.0 0.5095902342105715 0.0 0.024518297170219826 0.02451829717021955 0.024518297170380458 0.024518297174349293 1.5524735588948966 0.0 -5.602146495615687e-06 0.003742698886213287 0.0 0.0
0.0 -0.0012860839070793354 0.0 0.5022643111418489 0.0 0.026028819329015226 0.026028819329015226 0.026028819329015324 0.026028819329016885 1.5524735588948966 0.0 -5.602146495501948e-06 0.0037426988862132877 0.0 0.0
0.0 -0.001569052703180857 0.0 0.4957864554505202 0.0 0.0277537299351616 0.027753729935161592 0.0277537299351616 0.0277537299351616 1.5524735546492 0.0 -5.604013397185409e-06 0.0037426989672284094 0.0 0.0
0.0 -0.0018420104324784168 0.0 0.4903199440271075 0.0 0.02967554917450461 0.02967554917450463 0.02967554917450461 0.029675549170416385 1.5524735520349544 0.0 -5.6031196561635976e-06 0.0037426989597647937 0.0 0.0
0.0 -0.0020989963977336066 0.0 0.48602726721065986 0.0 0.03176652809446477 0.031766528094464765 0.03176652809446477 0.031766528094405194 1.5524735487464068 0.0 -5.602508949316752e-06 0.0037426989412495705 0.0 0.0
0.0 -0.0023335732662214284 0.0 0.4830610349143053 0.0 0.03398915541536106 0.03398915541536105 0.033989155419304355 0.03398915541930435 1.5524735451290488 0.0 -5.602200120045777e-06 0.0037426989163363475 0.0 0.0
0.0 -0.0025388920378273177 0.0 0.4815560237324835 0.0 0.03629442326273601 0.03629442326273602 0.036294423262736006 0.03629442326273601 1.5524735588948906 0.0 -5.602146495351805e-06 0.003742698886213284 0.0 0.0
0.0 -0.0027081118596704425 0.0 0.48161515345676326 0.0 0.038622925230528384 0.03862292523052836 0.038622925230466384 0.038622925230466384 1.5524735588948888 0.0 -5.602146495347339e-06 0.0037426988862132838 0.0 0.0
0.0 -0.0028354814418765743 0.0 0.483273437832877 0.0 0.040907732682496596 0.040907732682496596 0.040907732682496596 0.04090773268514744 1.5524735588948888 0.0 -5.602146495346946e-06 0.0037426988862132838 0.0 0.0
0.0 -0.0029193334855206077 0.0 0.4864127644082666 0.0 0.043087145520286536 0.0430871455202866 0.04308714552025755 0.04308714552025755 1.5524735588948901 0.0 -5.602146495350898e-06 0.003742698886213283 0.0 0.0
0.0 -0.002960170604044347 0.0 0.49086281624158223 0.0 0.04511185547007016 0.04511185547007016 0.045111855470025074 0.04511185547008049 1.5524735452712297 0.0 -5.601878455399879e-06 0.003742698834274019 0.0 0.0
0.0 -0.0029598991996819196 0.0 0.49643706930420556 0.0 0.04694636805348823 0.04694636805348824 0.046946368053488244 0.04694636805349894 1.5524735490293504 0.0 -5.601540966271516e-06 0.0037426988177132843 0.0 0.0
0.0 -0.002921345430993993 0.0 0.5029478132470306 0.0 0.04856734367018011 0.04856734367018012 0.04856734367027265 0.04856734367018012 1.5524735524635909 0.0 -5.601025030442625e-06 0.0037426988111845063 0.0 0.0
0.0 -0.002847924420007051 0.0 0.5102141872492437 0.0 0.04996173932713787 0.049961739327137863 0.04996173932713803 0.049961739330934715 1.5524735551514195 0.0 -5.600370309908868e-06 0.003742698814999622 0.0 0.0
0.0 -0.002743419646012329 0.0 0.5180682153946201 0.0 0.05112578864435566 0.05112578864435566 0.05112578864435564 0.051125788644355644 1.5524735588948966 0.0 -5.602146495283803e-06 0.003742698886213282 0.0 0.0
0.0 -0.0026117105511670124 0.0 0.5263607617652654 0.0 0.05206324387874419 0.0520632438787442 0.05206324387874439 0.0520632438787442 1.5524735588948966 0.0 -5.602146495225772e-06 0.003742698886213283 0.0 0.0
0.0 -0.0024566188271736137 0.0 0.53496265686947 0.0 0.052783656982418006 0.05278365698241802 0.052783656982399674 0.05278365698239966 1.5524735588948966 0.0 -5.602146495157433e-06 0.003742698886213284 0.0 0.0
0.0 -0.0022817667682148214 0.0 0.5437636703282368 0.0 0.05330010356973285 0.0533001035697372 0.0533001035708562 0.053300103548168706 1.5524735588948966 0.0 -5.602146495086997e-06 0.003742698886213284 0.0 0.0
0.0 -0.0020904995783917984 0.0 0.5526765221891659 0.0 0.05362944668194905 0.05362944668194905 0.0536294466819491 0.05362944668193573 1.5524735588948966 0.0 -5.60214649502099e-06 0.003742698886213284 0.0 0.0
0.0 -0.0018858158649385488 0.0 0.5616329154998044 0.0 0.05379008008451068 0.053790080084510694 0.05379008008451067 0.05379008008475861 1.5524735588948966 0.0 -5.602146494963895e-06 0.0037426988862132846 0.0 0.0
0.0 -0.0016704213948292885 0.0 0.5705805391891056 0.0 0.05380167336799795 0.053801673367998404 0.05380167336798951 0.05380167336798951 1.5524735588948966 0.0 -5.6021464949178004e-06 0.0037426988862132846 0.0 0.0
0.0 -0.0014465832627833962 0.0 0.5794860839238435 0.0 0.053684176632781466 0.05368417663278146 0.05368417663281004 0.05368417663261668 1.5524735588948966 0.0 -5.602146494880326e-06 0.0037426988862132846 0.0 0.0
0.0 -0.0012163464063186206 0.0 0.5883262395102672 0.0 0.053457806053628855 0.053457806053628855 0.05345780605354773 0.05345780604930165 1.5524735588948966 0.0 -5.602146494850148e-06 0.003742698886213284 0.0 0.0
0.0 -0.0009814061888336202 0.0 0.5970907070029393 0.0 0.05314229857164246 0.05314229857164245 0.05314229857164247 0.05314229857169827 1.5524735588948966 0.0 -5.602146494822916e-06 0.003742698886213284 0.0 0.0
0.0 -0.0007431565140645324 0.0 0.6057801981273265 0.0 0.05275690870336925 0.05275690870336926 0.05275690868190724 0.05275690870337173 1.5524735588948966 0.0 -5.602146494793681e-06 0.0037426988862132846 0.0 0.0
0.0 -0.0005028638688312563 0.0 0.6143984367177333 0.0 0.052320145632659645 0.05232014563265966 0.05232014563262947 0.0523201456497086 1.5524735588948966 0.0 -5.6021464947605505e-06 0.003742698886213284 0.0 0.0
0.0 -0.00026160228212996755 0.0 0.6229571489181044 0.0 0.05185053142209303 0.05185053142206535 0.05185053142206536 0.05185053142209431 1.5524735588948966 0.0 -5.602146494718102e-06 0.003742698886213285 0.0 0.0
