0.0 0.002609528638706061 0.0 0.6287264423966772 0.0 0.01457651202855793 0.01457651202858282 0.014576511993869517 0.014576511996722281 1.5524735598260042 0.0 -5.602148981543765e-06 0.0037426988862092553 0.0 0.0
0.0 0.002476546741431823 0.0 0.6254006481467104 0.0 0.015294304943115195 0.015294304943116047 0.01529430494311605 0.01529430494311605 1.5524735588007468 0.0 -5.602213311869349e-06 0.0037426988889291734 0.0 0.0
0.0 0.002343011368555735 0.0 0.62205184677608 0.0 0.016012062996294204 0.016012062996294204 0.016012062996294207 0.016012062996303422 1.55247355879899 0.0 -5.6022162834199625e-06 0.0037426988889983177 0.0 0.0
0.0 0.0022089440716680365 0.0 0.6186740707661191 0.0 0.016727524209541714 0.016727524209541718 0.016727524209531285 0.016727524209541707 1.5524735587984124 0.0 -5.602219909364079e-06 0.003742698889061517 0.0 0.0
0.0 0.00207429258299829 0.0 0.6152613371233043 0.0 0.01743942877126895 0.01743942877126895 0.017439428772794505 0.017439428772802808 1.5524735587985126 0.0 -5.602224264920003e-06 0.0037426988891259803 0.0 0.0
0.0 0.001939065521858761 0.0 0.6118086706370027 0.0 0.01814601840223228 0.018146018402232282 0.01814601840223165 0.018146018403578178 1.5524735587995706 0.0 -5.602229344408285e-06 0.0037426988891852307 0.0 0.0
0.0 0.0018033323949381008 0.0 0.6083121038805699 0.0 0.018845036348307944 0.018845036348307958 0.018845036348307954 0.018845036347203144 1.552473558801846 0.0 -5.602235137307533e-06 0.0037426988892322434 0.0 0.0
0.0 0.0016670537073414456 0.0 0.6047646610691896 0.0 0.019534721118946437 0.019534721118946444 0.01953472111894644 0.01953472111894644 1.5524735588050365 0.0 -5.602242055306305e-06 0.0037426988892751392 0.0 0.0
0.0 0.0015302380785511705 0.0 0.6011613669919873 0.0 0.020213314433499257 0.020213314433499437 0.02021331443350188 0.02021331443350188 1.552473558809085 0.0 -5.602250034657735e-06 0.003742698889309056 0.0 0.0
0.0 0.0013929550152335939 0.0 0.5974982542223826 0.0 0.02087855953835846 0.020878559538358463 0.020878559538358977 0.020878559538358495 1.5524735588141538 0.0 -5.602259100948357e-06 0.003742698889326129 0.0 0.0
0.0 0.0012552924393487764 0.0 0.5937713590825365 0.0 0.021527949642119005 0.021527949642119005 0.02152794964211901 0.02152794964211901 1.5524735588202228 0.0 -5.60226939991768e-06 0.003742698889321987 0.0 0.0
0.0 0.0011172533282310787 0.0 0.5899747098243033 0.0 0.02215947482099654 0.022159474820996557 0.022159474820995256 0.022159474820995274 1.5524735588268928 0.0 -5.602281383830873e-06 0.003742698889302672 0.0 0.0
0.0 0.0009789921332296516 0.0 0.5861063470909282 0.0 0.022770381453244996 0.022770381453245 0.022770381453247092 0.022770381453247092 1.5524735588342884 0.0 -5.602294700975743e-06 0.0037426988892524204 0.0 0.0
0.0 0.0008405783613302716 0.0 0.5821623034595019 0.0 0.023358412784341174 0.023358412784341174 0.023358412784366865 0.02335841278434425 1.5524735588419698 0.0 -5.602309837605987e-06 0.003742698889177263 0.0 0.0
0.0 0.0007021848788968657 0.0 0.5781406233226296 0.0 0.023920565154632638 0.02392056515463263 0.023920565154632707 0.023920565154636926 1.5524735588499512 0.0 -5.602326690797128e-06 0.0037426988890658128 0.0 0.0
0.0 0.0005639420802343761 0.0 0.5740383470408205 0.0 0.024454083337822848 0.024454083337822848 0.024454083337822848 0.024454083337817165 1.5524735588578493 0.0 -5.602345657894836e-06 0.003742698888920719 0.0 0.0
0.0 0.0004260525312871288 0.0 0.569855515834478 0.0 0.02495621691952622 0.024956216919440232 0.02495621691944008 0.024956216915445105 1.5524735588653875 0.0 -5.602366387287334e-06 0.0037426988887387 0.0 0.0
0.0 0.00028874998585291415 0.0 0.5655911818839785 0.0 0.025423463766106796 0.025423463766106793 0.025423463766106793 0.02542346376066816 1.5524735588724607 0.0 -5.602389258070555e-06 0.003742698888515248 0.0 0.0
0.0 0.00015226106703816725 0.0 0.5612463866992363 0.0 0.02585307506456072 0.025853075064560724 0.02585307506456072 0.025853075064388865 1.5524735588786567 0.0 -5.602414006628599e-06 0.003742698888259553 0.0 0.0
0.0 1.6934172743230833e-05 0.0 0.5568241873567426 0.0 0.02624130506255993 0.02624130506255993 0.026241305062576794 0.026241305062560363 1.5524735588839458 0.0 -5.602440226638962e-06 0.003742698887966841 0.0 0.0
0.0 -0.00011730851052321591 0.0 0.5523205864653603 0.0 0.026587897306113585 0.026587897306114217 0.026587897306114217 0.026587897306114217 1.5524735588878784 0.0 -5.602469946297006e-06 0.003742698887681611 0.0 0.0
0.0 -0.00025085816600617475 0.0 0.5477444629260771 0.0 0.02690111746736535 0.026901117467365357 0.02690111746736535 0.026901117482789446 1.5524735588901828 0.0 -5.602499687120969e-06 0.00374269888746719 0.0 0.0
0.0 -0.00038403678223025164 0.0 0.5431136682589874 0.0 0.02719124596919308 0.027191245969193083 0.027191245969193083 0.027191245969193083 1.552473558891406 0.0 -5.602526136192532e-06 0.0037426988873285522 0.0 0.0
0.0 -0.0005172881224114876 0.0 0.5384440384411 0.0 0.027469560154620903 0.027469560154620903 0.027469560154622197 0.02746956015531396 1.5524735588919225 0.0 -5.602549081459781e-06 0.0037426988872692195 0.0 0.0
0.0 -0.0006511465360095506 0.0 0.533748404839615 0.0 0.02774758260913107 0.02774758260981946 0.02774758260985497 0.02774758260912971 1.5524735588919123 0.0 -5.602568869249708e-06 0.003742698887290985 0.0 0.0
0.0 -0.0007860685592072503 0.0 0.529043596210944 0.0 0.028037092375294042 0.028037092375294042 0.028037092357180004 0.028037092357180007 1.5524735588913539 0.0 -5.602583483825418e-06 0.0037426988873992175 0.0 0.0
0.0 -0.0009226381446094051 0.0 0.5243434292223296 0.0 0.028350613756163462 0.028350613756133135 0.028350613756133135 0.028350613771738482 1.5524735588899685 0.0 -5.602593473975159e-06 0.003742698887616038 0.0 0.0
0.0 -0.0010612580716834275 0.0 0.5196677297432832 0.0 0.028700180671334966 0.028700180671334966 0.02870018067088158 0.02870018067088073 1.5524735588871859 0.0 -5.6025961424175255e-06 0.0037426988879573956 0.0 0.0
0.0 -0.001202258948041757 0.0 0.5150393245190247 0.0 0.029097831789125256 0.029097831789125256 0.029097831789125256 0.029097831789125256 1.5524735588818166 0.0 -5.602590035301093e-06 0.0037426988884485834 0.0 0.0
0.0 -0.0013457180365874046 0.0 0.5104900503735167 0.0 0.029555120156349517 0.029555120156349517 0.029555120156349517 0.02955512016423705 1.5524735588717111 0.0 -5.602571808185763e-06 0.0037426988891011703 0.0 0.0
0.0 -0.0014915795398782327 0.0 0.5060557528020051 0.0 0.03008310515850539 0.030083105158505395 0.030083105158378243 0.030083105158378243 1.5524735588530942 0.0 -5.602540847461354e-06 0.003742698889913995 0.0 0.0
0.0 -0.0016393941256612516 0.0 0.5017833066997442 0.0 0.030691113539615535 0.03069111353961553 0.030691113539615532 0.03069111354270683 1.5524735588202145 0.0 -5.602495411414599e-06 0.003742698890825842 0.0 0.0
0.0 -0.001788439211760545 0.0 0.49772561495776924 0.0 0.03138673140709481 0.03138673140709482 0.03138673140711569 0.03138673140709477 1.5524735587646543 0.0 -5.60243765528156e-06 0.003742698891730163 0.0 0.0
0.0 -0.0019374528483301113 0.0 0.49394962573461065 0.0 0.03217481689204704 0.03217481689204705 0.03217481689204704 0.03217481689239761 1.5524735586759781 0.0 -5.602370034263195e-06 0.003742698892428597 0.0 0.0
0.0 -0.002084850232373623 0.0 0.49052732989756637 0.0 0.03305748572958841 0.03305748572958841 0.03305748572958841 0.03305748572958844 1.5524735585424665 0.0 -5.602300360186163e-06 0.00374269889270684 0.0 0.0
0.0 -0.0022284801598668525 0.0 0.4875397921197193 0.0 0.03403211737834921 0.03403211737834921 0.0340321173783492 0.034032117378349165 1.5524735583573441 0.0 -5.602236877377549e-06 0.0037426988923295987 0.0 0.0
0.0 -0.0023658062000758927 0.0 0.4850711416501208 0.0 0.03509184548192251 0.03509184548192251 0.035091845481922505 0.03509184548192711 1.5524735581216091 0.0 -5.602187989491571e-06 0.003742698891211507 0.0 0.0
0.0 -0.002493796206803496 0.0 0.483208594766153 0.0 0.03622405766327748 0.036224057663277485 0.036224057663277485 0.03622405766326944 1.5524735578547681 0.0 -5.602157977528876e-06 0.0037426988894837233 0.0 0.0
0.0 -0.00260908923229614 0.0 0.48203246686246226 0.0 0.03740937935111745 0.03740937935111746 0.03740937935111208 0.03740937935111747 1.5524735576014568 0.0 -5.602145275185699e-06 0.003742698887615405 0.0 0.0
0.0 -0.002708111657949964 0.0 0.48161515342608474 0.0 0.03862292234384505 0.03862292234384505 0.03862292234384504 0.038622922343110294 1.5524735574203639 0.0 -5.602142578529733e-06 0.0037426988863171326 0.0 0.0
0.0 -0.0027879364312819776 0.0 0.48199607039579945 0.0 0.03983774519270422 0.03983774519270422 0.03983774519270422 0.03983774519205983 1.5524735573559574 0.0 -5.602142364935532e-06 0.0037426988859841394 0.0 0.0
0.0 -0.0028475129585630826 0.0 0.48313661122583135 0.0 0.04102678131994643 0.041026781319946436 0.04102678131994643 0.041026781319949766 1.5524735574256228 0.0 -5.60214153825584e-06 0.0037426988849952997 0.0 0.0
0.0 -0.002886731851291677 0.0 0.4849651298585028 0.0 0.042164911464499966 0.04216491146449996 0.04216491146449995 0.042164911464499924 1.5524735576117703 0.0 -5.602136479433142e-06 0.0037426988834411688 0.0 0.0
0.0 -0.0029060813052340278 0.0 0.48740189547577023 0.0 0.04323250429786831 0.04323250429786831 0.043232504297868325 0.043232504300851064 1.5524735578623359 0.0 -5.602123000609818e-06 0.0037426988818741688 0.0 0.0
0.0 -0.0029067151230329435 0.0 0.49036007406989984 0.0 0.04421666828035979 0.04421666828035979 0.0442166682803598 0.04421666828037628 1.5524735581211235 0.0 -5.602099056444344e-06 0.003742698880722954 0.0 0.0
0.0 -0.0028901384842261904 0.0 0.493755746327471 0.0 0.04511026758215129 0.04511026758215129 0.045110267582125475 0.045110267582125475 1.5524735583504348 0.0 -5.602065298189142e-06 0.0037426988801692713 0.0 0.0
0.0 -0.0028580974556392585 0.0 0.4975079301104144 0.0 0.04591042187039847 0.04591042187039846 0.045910421868009685 0.045910421868009636 1.5524735585334999 0.0 -5.6020247992540385e-06 0.0037426988802104696 0.0 0.0
0.0 -0.0028124714766400204 0.0 0.501544574680462 0.0 0.04661901597943948 0.046619015979439515 0.04661901597943951 0.04661901598095934 1.5524735586660638 0.0 -5.60198126019092e-06 0.003742698880684174 0.0 0.0
0.0 -0.0027552222682508897 0.0 0.5057985895247692 0.0 0.047240693208128716 0.047240693208128716 0.047240693208129396 0.04724069320813399 1.5524735587557184 0.0 -5.601939042059241e-06 0.003742698881417525 0.0 0.0
0.0 -0.0026881773167052353 0.0 0.5102168469304327 0.0 0.047782869717439155 0.047782869717439155 0.047782869717439155 0.047782869717435034 1.5524735588124703 0.0 -5.601900180185007e-06 0.003742698882222937 0.0 0.0
0.0 -0.002613148670449296 0.0 0.514752194686458 0.0 0.04825472155697891 0.0482547215569789 0.048254721556978915 0.04825472155697871 1.5524735588466072 0.0 -5.601866995920567e-06 0.0037426988829854036 0.0 0.0
0.0 -0.0025318126541522485 0.0 0.5193684575067626 0.0 0.04866719267566783 0.04866719267566784 0.04866719267566765 0.04866719267085737 1.5524735588661613 0.0 -5.601839581594103e-06 0.003742698883624899 0.0 0.0
0.0 -0.002445786193505871 0.0 0.5240334537709587 0.0 0.04903173350316851 0.04903173350316851 0.04903173350316851 0.049031733503302054 1.5524735588770608 0.0 -5.601818774238377e-06 0.003742698884123221 0.0 0.0
0.0 -0.0023565065290693157 0.0 0.5287239969456383 0.0 0.04936030898146783 0.04936030898146782 0.049360308981467836 0.04936030897270361 1.552473558882939 0.0 -5.601803362254263e-06 0.0037426988844759396 0.0 0.0
0.0 -0.002265338729427367 0.0 0.533419901372602 0.0 0.04966488884648046 0.04966488884648046 0.049664888846480466 0.04966488884648098 1.552473558885942 0.0 -5.601793248453509e-06 0.003742698884699592 0.0 0.0
0.0 -0.0021735403501586567 0.0 0.5381069756208421 0.0 0.04995795254044413 0.04995795254044528 0.04995795254044528 0.04995795255150939 1.552473558887125 0.0 -5.601787123230999e-06 0.0037426988848006325 0.0 0.0
0.0 -0.002082385872578422 0.0 0.542768038655699 0.0 0.0502512245830015 0.0502512245830015 0.050251224583001484 0.050251224583042514 1.5524735588870178 0.0 -5.601786176983833e-06 0.003742698884797507 0.0 0.0
0.0 -0.0019930351343817173 0.0 0.5473899143272531 0.0 0.050556185854847155 0.050556185854847155 0.050556185854809546 0.05055618585480955 1.5524735588855934 0.0 -5.601789337157311e-06 0.003742698884689293 0.0 0.0
0.0 -0.0019067017295143942 0.0 0.5519564293826338 0.0 0.05088406239828705 0.050884062398318844 0.05088406239828704 0.05088406239828704 1.5524735588823462 0.0 -5.60179753592254e-06 0.003742698884471541 0.0 0.0
0.0 -0.0018245737059902863 0.0 0.5564494249780767 0.0 0.051245076892378054 0.051245076892378644 0.051245076892535796 0.051245076899165076 1.5524735588762582 0.0 -5.601811218097548e-06 0.0037426988841421658 0.0 0.0
0.0 -0.00174747527691481 0.0 0.5608597748220194 0.0 0.051647466152044554 0.05164746615204455 0.051647466152044734 0.05164746615205353 1.5524735588657854 0.0 -5.601827403911797e-06 0.003742698883700672 0.0 0.0
0.0 -0.0016752917990680164 0.0 0.5651914837859277 0.0 0.05209098654928646 0.05209098654928647 0.05209098654928658 0.05209098654935423 1.5524735588513219 0.0 -5.601842172090727e-06 0.003742698883228158 0.0 0.0
0.0 -0.0016078192178820736 0.0 0.5694416072328734 0.0 0.05257188271053058 0.05257188271053058 0.052571882710530586 0.05257188271278417 1.5524735588336926 0.0 -5.60185748986237e-06 0.003742698882787183 0.0 0.0
0.0 -0.001544879024523915 0.0 0.5736091860927702 0.0 0.053087402618427586 0.053087402618422416 0.05308740261842758 0.05308740261842241 1.5524735588126142 0.0 -5.6018727443263964e-06 0.0037426988823727665 0.0 0.0
0.0 -0.0014861893512337942 0.0 0.5776952731158699 0.0 0.05363404734823505 0.05363404734823504 0.05363404734823632 0.053634047348235 1.552473558788824 0.0 -5.601887387056468e-06 0.003742698882000645 0.0 0.0
0.0 -0.001431547631765774 0.0 0.5816999095276364 0.0 0.05420906648557471 0.05420906648557472 0.05420906648557471 0.05420906648530576 1.5524735587622795 0.0 -5.601901675355457e-06 0.0037426988816681235 0.0 0.0
0.0 -0.001380679129165614 0.0 0.5856261374119113 0.0 0.05480971442681092 0.05480971442681092 0.054809714426805996 0.054809714427124616 1.5524735587334542 0.0 -5.6019148908474295e-06 0.0037426988813724265 0.0 0.0
0.0 -0.0013333147477660868 0.0 0.5894760023190531 0.0 0.05543299392866075 0.055432993928660745 0.05543299392866073 0.055432993928668337 1.5524735587032574 0.0 -5.6019273224057e-06 0.0037426988811225066 0.0 0.0
0.0 -0.0012891925232153185 0.0 0.5932535391291678 0.0 0.05607666106510988 0.05607666106510989 0.05607666106509568 0.05607666106509571 1.5524735586714853 0.0 -5.601938568967023e-06 0.003742698880902162 0.0 0.0
0.0 -0.001248061775289168 0.0 0.5969607896466511 0.0 0.056737968631037965 0.056737968631037965 0.05673796863103331 0.05673796863105513 1.552473558639481 0.0 -5.601949131943432e-06 0.003742698880725606 0.0 0.0
0.0 -0.0012096308400425836 0.0 0.6006037855783817 0.0 0.05741492594555496 0.05741492594555495 0.05741492594556899 0.05741492594410992 1.552473558606842 0.0 -5.601958223499103e-06 0.0037426988805685517 0.0 0.0
0.0 -0.0011736193379329619 0.0 0.6041865655588752 0.0 0.058105039047532045 0.05810503904753205 0.05810503904753205 0.0581050390475109 1.552473558575078 0.0 -5.60196634388136e-06 0.0037426988804442566 0.0 0.0
0.0 -0.0011397653043958155 0.0 0.6077131644712174 0.0 0.05880606401298962 0.05880606401298959 0.05880606401473495 0.05880606401301205 1.5524735585445382 0.0 -5.6019735521218225e-06 0.003742698880347812 0.0 0.0
0.0 -0.001107819547620897 0.0 0.6111886099911591 0.0 0.05951625859593104 0.05951625859593105 0.05951625859593104 0.05951625859593104 1.5524735585149083 0.0 -5.6019797083162054e-06 0.0037426988802665975 0.0 0.0
0.0 -0.0010774847618391626 0.0 0.6146199303704706 0.0 0.06023388375793667 0.06023388375793672 0.06023388375593673 0.060233883755936725 1.5524735584867326 0.0 -5.60198449447683e-06 0.003742698880192297 0.0 0.0
0.0 -0.0010484989823240764 0.0 0.6180111604960863 0.0 0.060956695574091016 0.06095669557409101 0.060956695576113294 0.06095669557409105 1.5524735584617768 0.0 -5.601988525303464e-06 0.0037426988801427213 0.0 0.0
0.0 -0.001020613017414523 0.0 0.621367328043881 0.0 0.0616829518009772 0.0616829518009772 0.061682951800977194 0.06168295180305029 1.5524735584395177 0.0 -5.601991643277258e-06 0.003742698880105227 0.0 0.0
0.0 -0.0009935904483255487 0.0 0.6246944534830275 0.0 0.06241141186883084 0.06241141186883085 0.06241141186883084 0.06241141186883084 1.552473558419174 0.0 -5.6019936867034245e-06 0.003742698880067099 0.0 0.0
0.0 -0.0009671211964220554 0.0 0.6279985722734991 0.0 0.0631398350644776 0.0631398350644776 0.06313983506447764 0.06313983506447769 1.552473558403783 0.0 -5.6019946729782376e-06 0.003742698880044534 0.0 0.0
0.0 -0.0009410353720074225 0.0 0.631283700563424 0.0 0.06386722764588172 0.06386722764588167 0.06386722764588172 0.06386722764590747 1.552473558390474 0.0 -5.601994955357497e-06 0.003742698880023448 0.0 0.0
