0.0 0.002627269468049395 0.0 0.6266715802272895 0.0 0.013656808728361869 0.013656808728322036 0.013656808763382622 0.013656808832320828 1.5524735603969477 0.0 -5.602150505958943e-06 0.003742698886207772 0.0 0.0
0.0 0.0025130458039619163 0.0 0.6213438895774287 0.0 0.013458482537630686 0.013458482537630682 0.013458482537630682 0.013458482533540808 1.5524735592138963 0.0 -5.602590927848162e-06 0.0037426988818475048 0.0 0.0
0.0 0.002399044906044555 0.0 0.6160490888322313 0.0 0.013267962641223341 0.01326796264122334 0.01326796264122334 0.013267962641219681 1.5524735591786933 0.0 -5.602591192875844e-06 0.003742698882141798 0.0 0.0
0.0 0.002285027635688073 0.0 0.6107871327204429 0.0 0.013088497293090508 0.013088497293090506 0.013088497293087137 0.013088497289438068 1.5524735591280583 0.0 -5.602591387584668e-06 0.0037426988825644252 0.0 0.0
0.0 0.0021707248960985224 0.0 0.6055559756992721 0.0 0.012923083749418215 0.012923083749418217 0.012923083752556618 0.012923083752553632 1.5524735590701486 0.0 -5.60259221360707e-06 0.0037426988830828118 0.0 0.0
0.0 0.0020559581773714345 0.0 0.6003565768264073 0.0 0.012774474052783072 0.012774474052783074 0.012774474052785307 0.012774474052747193 1.5524735590134853 0.0 -5.602592686775809e-06 0.0037426988836662747 0.0 0.0
0.0 0.0019405192706262258 0.0 0.5951878983429149 0.0 0.012645166985629463 0.01264516698563082 0.01264516698563082 0.01264516698417941 1.5524735589652658 0.0 -5.602593506443644e-06 0.003742698884272758 0.0 0.0
0.0 0.0018242296664276942 0.0 0.5900508993088076 0.0 0.012537914574345436 0.012537914574345591 0.01253791457434543 0.012537914574174762 1.5524735589292595 0.0 -5.602594000770992e-06 0.00374269888487442 0.0 0.0
0.0 0.0017069717434396727 0.0 0.5849475465706927 0.0 0.012454970370533943 0.012454970370533947 0.012454970370534004 0.01245497037047275 1.5524735589075593 0.0 -5.602593815262132e-06 0.0037426988854154016 0.0 0.0
0.0 0.0015886094654303591 0.0 0.5798798032299809 0.0 0.01239883795330221 0.012398837953302214 0.012398837953310773 0.012398837953302213 1.5524735588976675 0.0 -5.6025929294447105e-06 0.003742698885854024 0.0 0.0
0.0 0.0014690436269878904 0.0 0.5748496398836065 0.0 0.012371520830091416 0.012371520830120475 0.012371520830092676 0.012371520800437841 1.5524735588950846 0.0 -5.602591315861277e-06 0.0037426988861339076 0.0 0.0
0.0 0.0013481806647117486 0.0 0.5698600236655906 0.0 0.01237527411944369 0.012375274119443658 0.012375274119443563 0.012375274118203944 1.552473558894895 0.0 -5.602588599210245e-06 0.0037426988862136966 0.0 0.0
0.0 0.0012260303744458998 0.0 0.5649159335294461 0.0 0.012411606180732318 0.012411606180732318 0.012411605954217154 0.01241160601376037 1.552473558894896 0.0 -5.602584038123774e-06 0.0037426988862315083 0.0 0.0
0.0 0.0011025360224828325 0.0 0.5600203441126375 0.0 0.012482271757783499 0.0124822717577835 0.012482271757566435 0.012482271873449153 1.5524735588948917 0.0 -5.602578326656465e-06 0.0037426988862785974 0.0 0.0
0.0 0.0009777130465067018 0.0 0.5551792309068828 0.0 0.01258903115412567 0.012589031154125666 0.012589031080302744 0.012589031080378413 1.5524735588948615 0.0 -5.602570420239807e-06 0.0037426988863579376 0.0 0.0
0.0 0.0008516264874332851 0.0 0.5503975841157572 0.0 0.012732642191870803 0.012732642191923134 0.012732642191870798 0.012732642244046128 1.5524735588947678 0.0 -5.602560693767674e-06 0.003742698886468977 0.0 0.0
0.0 0.0007243158402289495 0.0 0.5456823795222193 0.0 0.012914866528790212 0.012914866528790214 0.012914866567367195 0.012914866528790208 1.5524735588945444 0.0 -5.602548524772114e-06 0.0037426988866155436 0.0 0.0
0.0 0.0005959126753511246 0.0 0.5410406116529185 0.0 0.013136215417805977 0.013136215417833648 0.013136215417833642 0.013136215417833642 1.5524735588941072 0.0 -5.6025340138416845e-06 0.0037426988867922725 0.0 0.0
0.0 0.0004665060910586081 0.0 0.5364782710010444 0.0 0.013397448588830019 0.01339744858880843 0.01339744856576083 0.013397448565760832 1.5524735588933354 0.0 -5.602517636090362e-06 0.003742698886998549 0.0 0.0
0.0 0.0003362573569747613 0.0 0.5320043489160501 0.0 0.013699330565929044 0.013699330565929048 0.013699330566593223 0.013699330547793074 1.5524735588920715 0.0 -5.602498607563662e-06 0.0037426988872304562 0.0 0.0
0.0 0.00020669931484656675 0.0 0.52767191306508 0.0 0.01403844583061357 0.01403844583061357 0.01403844583014398 0.014038445830157276 1.5524735588903409 0.0 -5.602464122497967e-06 0.0037426988874283804 0.0 0.0
0.0 7.91355217395057e-05 0.0 0.5235260214530456 0.0 0.014411866090571166 0.014411866090581685 0.014411866090571452 0.014411866090581685 1.5524735588881187 0.0 -5.6024195842083945e-06 0.0037426988875761034 0.0 0.0
0.0 -4.675389351373589e-05 0.0 0.5195556597930375 0.0 0.01482032381368056 0.01482032381368056 0.01482032381368056 0.014820323822007198 1.5524735588850809 0.0 -5.602381786163199e-06 0.003742698887723958 0.0 0.0
0.0 -0.00017112040554942442 0.0 0.515756815668654 0.0 0.01526456270756002 0.01526456270770357 0.015264562701322247 0.01526456270132809 1.5524735588810001 0.0 -5.602348318673856e-06 0.003742698887866103 0.0 0.0
0.0 -0.00029424854741634657 0.0 0.5121214680353964 0.0 0.01574582011624098 0.015745820116240976 0.01574582011624965 0.015745820116330318 1.552473558875521 0.0 -5.602319575443768e-06 0.0037426988880081753 0.0 0.0
0.0 -0.00041630820860993293 0.0 0.5086456007381769 0.0 0.01626508978711557 0.016265089787115578 0.016265089787115525 0.01626508978717106 1.5524735588682954 0.0 -5.602294281751997e-06 0.0037426988881438575 0.0 0.0
0.0 -0.0005374579940372801 0.0 0.505327190709317 0.0 0.01682386873614921 0.01682386873614921 0.016823868734148643 0.016823868734148643 1.552473558858737 0.0 -5.602271816601444e-06 0.0037426988882726508 0.0 0.0
0.0 -0.0006578933386430626 0.0 0.5021642073892372 0.0 0.01742415405365265 0.017424154053652652 0.01742415405365363 0.017424154052621595 1.5524735588460292 0.0 -5.602251978421039e-06 0.003742698888395887 0.0 0.0
0.0 -0.0007776525614236379 0.0 0.4991596291524326 0.0 0.018067450777465896 0.018067450777465896 0.018067450777202097 0.018067450777202097 1.5524735588294325 0.0 -5.602233980198093e-06 0.0037426988884996753 0.0 0.0
0.0 -0.0008968363568002261 0.0 0.4963184124700974 0.0 0.01875676737378908 0.018756767373789084 0.018756767373789084 0.018756767373788712 1.5524735588071392 0.0 -5.602217650563139e-06 0.003742698888586385 0.0 0.0
0.0 -0.0010154123604678698 0.0 0.49364952246296334 0.0 0.019494618648801185 0.019494618648801185 0.01949461864880119 0.019494618648802062 1.5524735587776042 0.0 -5.602202737857422e-06 0.003742698888638665 0.0 0.0
0.0 -0.0011332519789008994 0.0 0.4911659254079871 0.0 0.020283525821667443 0.02028352582166747 0.02028352582166747 0.020283525820314327 1.5524735587386298 0.0 -5.602189184537442e-06 0.0037426988886402114 0.0 0.0
0.0 -0.0012500950479736612 0.0 0.48888758210786964 0.0 0.021126521408353773 0.021126521408355334 0.021126521408355334 0.021126521408353787 1.5524735586869003 0.0 -5.6021769275703905e-06 0.0037426988885698753 0.0 0.0
0.0 -0.0013654818150162903 0.0 0.48684046634280675 0.0 0.02202589743459868 0.0220258974345987 0.022025897436460728 0.022025897436460728 1.5524735586193532 0.0 -5.602166225194315e-06 0.003742698888400075 0.0 0.0
0.0 -0.0014788194681726514 0.0 0.485054560544454 0.0 0.022983452265850343 0.022983452265850343 0.022983452265853965 0.02298345226586447 1.5524735585322555 0.0 -5.6021575085587105e-06 0.0037426988881154935 0.0 0.0
0.0 -0.0015892137358838646 0.0 0.4835708578128484 0.0 0.02400050182487314 0.02400050182487314 0.02400050182486527 0.024000501824876626 1.5524735584213618 0.0 -5.602150972782537e-06 0.003742698887700709 0.0 0.0
0.0 -0.001695491455646877 0.0 0.4824373757553742 0.0 0.025076873040284022 0.02507687304028705 0.025076873040287054 0.025076873040287054 1.5524735582842362 0.0 -5.602146809011726e-06 0.003742698887177874 0.0 0.0
0.0 -0.0017960306854943279 0.0 0.4817131726268109 0.0 0.02620991010969997 0.026209910109699978 0.026209910109699967 0.026209910109700068 1.5524735581226952 0.0 -5.602144738320601e-06 0.003742698886620795 0.0 0.0
0.0 -0.0018888569326976016 0.0 0.481464346174246 0.0 0.027394468086923304 0.027394468086923293 0.027394468087382735 0.027394468087382735 1.5524735579429463 0.0 -5.602143952488294e-06 0.003742698886204507 0.0 0.0
0.0 -0.0019715086071803605 0.0 0.4817650564143274 0.0 0.028621414272734694 0.02862141427273469 0.028621414272734687 0.028621414273241882 1.5524735577621405 0.0 -5.602143460700451e-06 0.0037426988860579883 0.0 0.0
0.0 -0.002043060616752531 0.0 0.48272996178096966 0.0 0.029915936574590494 0.0299159365745905 0.029915936574593377 0.029915936576123375 1.5524735574417732 0.0 -5.602142070455439e-06 0.0037426988852627455 0.0 0.0
0.0 -0.002100336238363296 0.0 0.4845010545205192 0.0 0.031281513276812715 0.03128151327681271 0.03128151327682197 0.031281513276812715 1.5524735570276647 0.0 -5.602135679409804e-06 0.003742698882858999 0.0 0.0
0.0 -0.0021377166382382114 0.0 0.487161100226239 0.0 0.03266876899676223 0.03266876899676223 0.032668768996742384 0.0326687690000942 1.5524735568247392 0.0 -5.602111541743469e-06 0.0037426988784457884 0.0 0.0
0.0 -0.0021508125391369363 0.0 0.4907348813797316 0.0 0.03402598457907997 0.034025984579079974 0.03402598457907995 0.034025984579112746 1.5524735569170256 0.0 -5.602044749178686e-06 0.0037426988726727583 0.0 0.0
0.0 -0.0021368934207228133 0.0 0.49518811467915985 0.0 0.03530459651220184 0.03530459651220184 0.035304596512201844 0.03530459650853955 1.5524735572697712 0.0 -5.601906321199758e-06 0.0037426988672735508 0.0 0.0
0.0 -0.002094958515289452 0.0 0.500434404473572 0.0 0.036462458701830715 0.03646245870183071 0.036462458701830715 0.0364624587018308 1.5524735577564468 0.0 -5.601680120379052e-06 0.0037426988642670265 0.0 0.0
0.0 -0.002025766823955343 0.0 0.5063461861035187 0.0 0.03746786084189375 0.03746786084189371 0.03746786084189375 0.037467860841895385 1.5524735582225295 0.0 -5.601378998077055e-06 0.0037426988647893144 0.0 0.0
0.0 -0.0019315258730127954 0.0 0.5127707155443422 0.0 0.03830055437580683 0.038300554375806824 0.038300554373422516 0.03830055437574321 1.552473558567462 0.0 -5.601046521676993e-06 0.0037426988685108267 0.0 0.0
0.0 -0.0018156101634659533 0.0 0.5195440621025382 0.0 0.03895252510821616 0.03895252510821616 0.038952525108230704 0.03895252510022456 1.552473558768031 0.0 -5.6007439320799795e-06 0.003742698873917857 0.0 0.0
0.0 -0.0016820657682112114 0.0 0.526507135325857 0.0 0.039426518591545306 0.03942651859154529 0.039426518591545306 0.03942651859085756 1.5524735588584244 0.0 -5.600525215913188e-06 0.003742698879225715 0.0 0.0
0.0 -0.0015354885529323186 0.0 0.5335077005062884 0.0 0.03973504309587873 0.039735043095878726 0.039735043129526665 0.03973504312952301 1.5524735588881058 0.0 -5.600428860914809e-06 0.0037426988831802946 0.0 0.0
0.0 -0.001380411150403446 0.0 0.5404144387753619 0.0 0.03989664150784309 0.039896641507829095 0.039896641507829116 0.03989664150782911 1.552473558894331 0.0 -5.600457446167323e-06 0.0037426988854003806 0.0 0.0
0.0 -0.0012213198804869674 0.0 0.5471139576116666 0.0 0.03993513632580264 0.03993513632580262 0.03993513632580262 0.03993513595081773 1.5524735588948966 0.0 -5.600594272658961e-06 0.003742698886173283 0.0 0.0
0.0 -0.0010624209978035673 0.0 0.55350984305951 0.0 0.039876127240087995 0.039876127240087975 0.03987612724008799 0.03987612724008799 1.552473558894959 0.0 -5.600808696077538e-06 0.0037426988864515264 0.0 0.0
0.0 -0.0009074693128223964 0.0 0.5595236900503915 0.0 0.03974499330844626 0.03974499330844626 0.03974499330844627 0.03974499330723683 1.5524735588973364 0.0 -5.601062804881971e-06 0.0037426988872246384 0.0 0.0
0.0 -0.000759984704270201 0.0 0.5650860999180198 0.0 0.03956687760411439 0.03956687760411439 0.03956687760411439 0.03956687760411439 1.552473558903574 0.0 -5.6013258723121264e-06 0.0037426988878162823 0.0 0.0
0.0 -0.0006230792522707537 0.0 0.5701347247694553 0.0 0.03936368402201439 0.03936368402201439 0.0393636840143766 0.03936368402181424 1.5524735589099132 0.0 -5.601571481852837e-06 0.0037426988879507477 0.0 0.0
0.0 -0.0004994884271218279 0.0 0.5746152565430971 0.0 0.03915482889675557 0.03915482889675557 0.03915482889675557 0.03915482890156498 1.5524735589119676 0.0 -5.601779116013242e-06 0.003742698887678535 0.0 0.0
0.0 -0.00039184136002625504 0.0 0.5784694273371278 0.0 0.038956971756910576 0.03895697175691069 0.0389569717568512 0.038956971760073 1.5524735589088887 0.0 -5.601939913013116e-06 0.003742698887200022 0.0 0.0
0.0 -0.00030238908471582417 0.0 0.5816440231918467 0.0 0.038783279615738936 0.038783279615746846 0.038783279615746846 0.038783279615707156 1.552473558903344 0.0 -5.60204915768001e-06 0.003742698886736339 0.0 0.0
0.0 -0.00022383866376826192 0.0 0.5844102796068869 0.0 0.038623685458500624 0.038623685458500624 0.03862368545999892 0.03862368545999892 1.5524735589010035 0.0 -5.602089296931039e-06 0.003742698886552325 0.0 0.0
0.0 -0.00014719676641314564 0.0 0.5870766080766155 0.0 0.03845717993679225 0.03845717993679225 0.03845717993679225 0.03845717993679227 1.5524735589022236 0.0 -5.60209632137023e-06 0.003742698886559094 0.0 0.0
0.0 -7.234129774671249e-05 0.0 0.5896320843848168 0.0 0.03827849461303259 0.038278494613033856 0.03827849461303323 0.03827849461304051 1.5524735589047405 0.0 -5.6021034955828906e-06 0.003742698886582143 0.0 0.0
0.0 8.46851831478419e-07 0.0 0.5920717558020546 0.0 0.03808437098045744 0.03808437098045744 0.03808437098045744 0.03808437098020114 1.5524735589087957 0.0 -5.602110243807149e-06 0.0037426988866133435 0.0 0.0
0.0 7.225037351720761e-05 0.0 0.5943846491348669 0.0 0.03787279109893201 0.03787279109893201 0.03787279109893863 0.03787279109893201 1.5524735589147967 0.0 -5.602116804446919e-06 0.003742698886644027 0.0 0.0
0.0 0.00014178016896689255 0.0 0.5965647738905828 0.0 0.03764299523507958 0.03764299523507957 0.03764299523507958 0.037642995233923095 1.5524735589230252 0.0 -5.602122762563078e-06 0.0037426988866687038 0.0 0.0
0.0 0.00020924378036083033 0.0 0.5986041277596323 0.0 0.03739497056008775 0.037394970560087726 0.03739497056008775 0.037394970560087726 1.5524735589337295 0.0 -5.602128130266326e-06 0.0037426988866817593 0.0 0.0
0.0 0.00027435667455178976 0.0 0.600494689693876 0.0 0.03712995443382448 0.03712995443382448 0.03712995443382449 0.03712995443545473 1.5524735589464695 0.0 -5.60213282542982e-06 0.0037426988866772785 0.0 0.0
0.0 0.00033679035751692015 0.0 0.6022304204845503 0.0 0.03685043761073305 0.036850437610736246 0.03685043761073625 0.03685043761073948 1.5524735589600234 0.0 -5.602136748530953e-06 0.0037426988866525765 0.0 0.0
0.0 0.00039633662136770665 0.0 0.6038102823666341 0.0 0.036558918861771046 0.036558918861771046 0.036558918861771046 0.03655891886177103 1.5524735589736383 0.0 -5.60213982747558e-06 0.0037426988866130573 0.0 0.0
0.0 0.00045262301140440973 0.0 0.60523021797275 0.0 0.03625914233439137 0.036259142334391384 0.03625914233439138 0.0362591423343845 1.5524735589849912 0.0 -5.6021422076530535e-06 0.0037426988865581707 0.0 0.0
0.0 0.00050542141608276 0.0 0.6064921716671148 0.0 0.03595486179903901 0.03595486179904204 0.035954861799042045 0.03595486179904506 1.5524735589928493 0.0 -5.602143910372776e-06 0.003742698886496642 0.0 0.0
0.0 0.0005545093660769155 0.0 0.6075990843554427 0.0 0.03565008266702937 0.03565008266702938 0.035650082667032186 0.03565008266853244 1.5524735589959588 0.0 -5.6021450699479815e-06 0.003742698886434046 0.0 0.0
0.0 0.0005996997335570109 0.0 0.60855689031464 0.0 0.03534931523744423 0.03534931523744422 0.03534931523744677 0.03534931523744677 1.5524735589931826 0.0 -5.6021458032004905e-06 0.0037426988863756613 0.0 0.0
0.0 0.000640927165066036 0.0 0.6093735393892084 0.0 0.035056072868424465 0.03505607286842446 0.035056072868426984 0.035056072868424465 1.5524735589859722 0.0 -5.602146232810674e-06 0.0037426988863263305 0.0 0.0
0.0 0.000678095119385436 0.0 0.6100579704695168 0.0 0.03477462063305527 0.03477462063305526 0.03477462063305527 0.03477462063305151 1.5524735589741334 0.0 -5.602146457379485e-06 0.0037426988862869002 0.0 0.0
0.0 0.0007112585291222243 0.0 0.610623134843381 0.0 0.03450847990964745 0.03450847990964744 0.034508479909646214 0.034508479909646214 1.5524735589598029 0.0 -5.602146552945809e-06 0.0037426988862583714 0.0 0.0
0.0 0.0007405035148505574 0.0 0.6110809947523174 0.0 0.03426042036003611 0.03426042036003889 0.03426042036003888 0.03426042035856178 1.5524735589450334 0.0 -5.602146579698692e-06 0.0037426988862390336 0.0 0.0
0.0 0.0007659034244260739 0.0 0.6114445052312956 0.0 0.03403371332097578 0.03403371332097578 0.03403371332097579 0.03403371332157669 1.5524735589306518 0.0 -5.602146571368536e-06 0.003742698886226813 0.0 0.0
0.0 0.000787629323087738 0.0 0.6117276365941949 0.0 0.033830631586737374 0.033830631586737374 0.03383063158626126 0.03383063158626126 1.5524735589183933 0.0 -5.6021465510612e-06 0.003742698886219825 0.0 0.0
0.0 0.0008062743342027168 0.0 0.6119474312248541 0.0 0.03364870204287472 0.03364870204287471 0.03364870204287452 0.03364870204287452 1.5524735589103107 0.0 -5.602146534030929e-06 0.003742698886216405 0.0 0.0
0.0 0.0008225067304694005 0.0 0.6121179606215409 0.0 0.033483446459274285 0.03348344645927428 0.03348344645927416 0.03348344645927416 1.5524735589055645 0.0 -5.602146522986176e-06 0.0037426988862148025 0.0 0.0
0.0 0.0008367072742946103 0.0 0.6122512469865541 0.0 0.033333633885777356 0.033333633885777356 0.033333633885777356 0.03333363388601197 1.5524735589022112 0.0 -5.602146514594006e-06 0.0037426988862140184 0.0 0.0
0.0 0.00084910674233524 0.0 0.6123523142488331 0.0 0.033197772113386675 0.03319777211338668 0.03319777211320628 0.03319777211320662 1.5524735588999123 0.0 -5.602146508670727e-06 0.0037426988862136134 0.0 0.0
0.0 0.0008600449130724281 0.0 0.6124291946986444 0.0 0.033073873667720695 0.033073873667720695 0.033073873667720695 0.03307387366785962 1.552473558898409 0.0 -5.602146504722437e-06 0.0037426988862134265 0.0 0.0
0.0 0.0008697285059244117 0.0 0.6124859119762348 0.0 0.032960444736469946 0.032960444736469946 0.03296044473646995 0.032960444736469946 1.5524735588973924 0.0 -5.602146502027918e-06 0.0037426988862133332 0.0 0.0
0.0 0.0008784435427456389 0.0 0.612527501253295 0.0 0.0328552429974967 0.0328552429974967 0.0328552429974967 0.032855242997496995 1.5524735588967626 0.0 -5.6021465003511475e-06 0.003742698886213298 0.0 0.0
0.0 0.000886385458628861 0.0 0.6125559930878303 0.0 0.03275627135588654 0.03275627135588653 0.032756271355886546 0.03275627135588654 1.5524735588963725 0.0 -5.602146499310098e-06 0.0037426988862132777 0.0 0.0
0.0 0.0008937553308187686 0.0 0.6125744145789838 0.0 0.0326617843580703 0.0326617843580703 0.0326617843580703 0.0326617843580703 1.5524735588961338 0.0 -5.602146498672363e-06 0.003742698886213269 0.0 0.0
0.0 0.0009007004799355726 0.0 0.6125827957073403 0.0 0.03256978170223803 0.032569781702238024 0.03256978170225531 0.03256978170223806 1.5524735588960183 0.0 -5.602146498363753e-06 0.0037426988862132647 0.0 0.0
0.0 0.0009074531712085682 0.0 0.612583174526061 0.0 0.032477766218310694 0.032477766218310694 0.032477766218310694 0.032477766218310694 1.5524735588960283 0.0 -5.6021464983904144e-06 0.003742698886213263 0.0 0.0
0.0 0.000914112610808244 0.0 0.6125735804383328 0.0 0.03238373439739535 0.03238373439739534 0.03238373439739535 0.03238373439739535 1.5524735588961411 0.0 -5.602146498691621e-06 0.0037426988862132625 0.0 0.0
0.0 0.0009208077042746879 0.0 0.6125540396771738 0.0 0.03228593597547485 0.03228593597547485 0.03228593597547485 0.032285935975508835 1.5524735588963652 0.0 -5.602146499290257e-06 0.003742698886213254 0.0 0.0
0.0 0.000927650430682289 0.0 0.612521588852215 0.0 0.03218186576496021 0.03218186576496021 0.03218186576490297 0.03218186576496021 1.5524735588967962 0.0 -5.60214650044283e-06 0.0037426988862132313 0.0 0.0
0.0 0.0009346791088120429 0.0 0.6124732495827925 0.0 0.03207001872888211 0.03207001872888211 0.03207001872888211 0.03207001872888211 1.5524735588974545 0.0 -5.602146502205078e-06 0.0037426988862131936 0.0 0.0
0.0 0.0009419207731160649 0.0 0.6124040504059731 0.0 0.03194838654815615 0.03194838654815615 0.03194838654815615 0.03194838654815593 1.5524735588985097 0.0 -5.602146505038113e-06 0.0037426988862131034 0.0 0.0
0.0 0.0009493784008153566 0.0 0.6123080195701419 0.0 0.03181495930019387 0.03181495930019386 0.03181495930019386 0.03181495930019389 1.5524735589001852 0.0 -5.6021465095599635e-06 0.0037426988862129186 0.0 0.0
0.0 0.0009569700245152131 0.0 0.6121771772511191 0.0 0.03166822393081614 0.03166822393081614 0.03166822393081614 0.03166822393081614 1.552473558902725 0.0 -5.602146516487498e-06 0.00374269888621251 0.0 0.0
0.0 0.0009645230900449558 0.0 0.6120005390110063 0.0 0.03150691261313593 0.031506912613136505 0.03150691261313593 0.031506912613136505 1.552473558906481 0.0 -5.602146526970197e-06 0.0037426988862116588 0.0 0.0
0.0 0.0009717800986223204 0.0 0.6117651123393834 0.0 0.03133025438871194 0.03133025438871194 0.03133025438871194 0.031330254388308915 1.5524735589118024 0.0 -5.602146542526887e-06 0.003742698886209927 0.0 0.0
0.0 0.0009783986068507184 0.0 0.6114558966532772 0.0 0.031137975167117988 0.031137975167117988 0.031137975167117988 0.03113797516659697 1.5524735589190046 0.0 -5.602146565565406e-06 0.003742698886206559 0.0 0.0
0.0 0.0009839256810151662 0.0 0.6110578688842513 0.0 0.03093130108267958 0.030931301082679583 0.030931301082679583 0.030931301083340423 1.5524735589276453 0.0 -5.6021465984948535e-06 0.0037426988862005513 0.0 0.0
0.0 0.0009878516536319078 0.0 0.6105589805969672 0.0 0.03071321334345564 0.030713213343455642 0.03071321334345564 0.030713213343454872 1.5524735589362846 0.0 -5.6021466441151096e-06 0.003742698886191101 0.0 0.0
0.0 0.00098963715776399 0.0 0.609945186526358 0.0 0.030486439912842805 0.030486439912842802 0.03048643991284281 0.030486439912842805 1.5524735589442786 0.0 -5.60214671419071e-06 0.0037426988861769686 0.0 0.0
0.0 0.0009887413379928273 0.0 0.6092054272831394 0.0 0.030254713714718596 0.03025471371471859 0.03025471371357242 0.030254713714718592 1.5524735589499032 0.0 -5.602146825029509e-06 0.0037426988861580723 0.0 0.0
0.0 0.0009846346231498783 0.0 0.6083306365604106 0.0 0.03002227095495534 0.030022270954955337 0.030022270954955337 0.030022270954957662 1.5524735589518357 0.0 -5.602147004388666e-06 0.0037426988861352572 0.0 0.0
0.0 0.000976769026899395 0.0 0.6073117443039201 0.0 0.029793597880603383 0.02979359788060337 0.029793597879130634 0.02979359788059476 1.552473558949443 0.0 -5.602147298459116e-06 0.003742698886110233 0.0 0.0
0.0 0.0009646984338476972 0.0 0.6061446781552569 0.0 0.029573438792902806 0.029573438792902806 0.0295734387929028 0.029573438792898785 1.5524735589428198 0.0 -5.602147757767902e-06 0.003742698886087099 0.0 0.0
0.0 0.0009480064278478556 0.0 0.6048273625860613 0.0 0.029366791242096235 0.029366791242096235 0.029366791242096225 0.029366791242096225 1.552473558932909 0.0 -5.602148445419375e-06 0.00374269888607058 0.0 0.0
0.0 0.0009263799523047685 0.0 0.6033597338880414 0.0 0.029177905872625354 0.029177905872625354 0.029177905874318736 0.029177905874312866 1.5524735589219771 0.0 -5.60214943032474e-06 0.0037426988860641912 0.0 0.0
0.0 0.0008995469343552133 0.0 0.601745718264923 0.0 0.029011789858664774 0.029011789858664778 0.029011789858664774 0.029011789857076094 1.5524735589114014 0.0 -5.602150753145826e-06 0.0037426988860727716 0.0 0.0
0.0 0.0008674066788961094 0.0 0.5999902721896273 0.0 0.028871451671253268 0.02887145167125813 0.02887145167125813 0.02887145167125813 1.5524735589034422 0.0 -5.602152458101631e-06 0.00374269888609383 0.0 0.0
0.0 0.0008299178898821635 0.0 0.5981023457942669 0.0 0.02876040627275969 0.028760406272759692 0.028760406272759692 0.028760406272759692 1.5524735588982932 0.0 -5.602154517267749e-06 0.0037426988861263347 0.0 0.0
0.0 0.0007871681768019077 0.0 0.5960909154440274 0.0 0.02868041835824963 0.028680418358249617 0.02868041835824963 0.028680418359044446 1.5524735588958227 0.0 -5.602156917869507e-06 0.0037426988861619585 0.0 0.0
0.0 0.0007393075253789075 0.0 0.5939629794124673 0.0 0.028631749188877616 0.028631749188877616 0.028631749188877613 0.028631749188877616 1.5524735588950267 0.0 -5.602159679246422e-06 0.003742698886192132 0.0 0.0
0.0 0.0006865765079700776 0.0 0.5917285405857851 0.0 0.028614414809102845 0.028614414809191382 0.028614414785559136 0.02861441478621788 1.5524735588948995 0.0 -5.602162696208821e-06 0.0037426988862104835 0.0 0.0
0.0 0.0006292923345407483 0.0 0.5893916450907453 0.0 0.028625421116389393 0.028625421116427963 0.02862542111642795 0.0286254212301876 1.5524735588948966 0.0 -5.602166099744723e-06 0.003742698886213726 0.0 0.0
0.0 0.0005678331023160039 0.0 0.5869573468366016 0.0 0.028661275708788493 0.02866127570878848 0.028661275754901336 0.028661275708788486 1.5524735588948961 0.0 -5.602169854103281e-06 0.0037426988862179237 0.0 0.0
0.0 0.0005026407731890986 0.0 0.5844257357667207 0.0 0.0287159776186397 0.0287159776186397 0.028715977618639713 0.0287159776186373 1.5524735588948928 0.0 -5.602174158771364e-06 0.0037426988862248435 0.0 0.0
0.0 0.00043421404297154206 0.0 0.5817939271914437 0.0 0.028781770874016118 0.028781770874014154 0.02878177084583023 0.028781770845832198 1.552473558894888 0.0 -5.602179222260682e-06 0.0037426988862313405 0.0 0.0
0.0 0.0003566915706368005 0.0 0.5788128755817237 0.0 0.028856505889865873 0.02885650588986589 0.028856505921807454 0.02885650588986588 1.5524735588948821 0.0 -5.602201065750353e-06 0.0037426988862433183 0.0 0.0
0.0 0.0002644308832760861 0.0 0.5752624463610522 0.0 0.028944580669539477 0.028944580669539473 0.028944580669539473 0.028944580669539473 1.5524735588948688 0.0 -5.602257879110669e-06 0.0037426988862727874 0.0 0.0
0.0 0.0001582003226494777 0.0 0.5711776346079234 0.0 0.029047051448517023 0.029047051448517023 0.02904705145129346 0.029047051451128122 1.5524735588948455 0.0 -5.602345083600202e-06 0.003742698886320518 0.0 0.0
0.0 3.868595252284713e-05 0.0 0.566598395687694 0.0 0.02916773293458939 0.029167732934589397 0.029167732934589394 0.029167732981627493 1.5524735588947964 0.0 -5.602466609188564e-06 0.003742698886401172 0.0 0.0
0.0 -9.360318351110581e-05 0.0 0.5615626581495861 0.0 0.029312186922599837 0.029312186922599844 0.029312186922599834 0.029312186925742084 1.5524735588946859 0.0 -5.602625656638224e-06 0.0037426988865407766 0.0 0.0
0.0 -0.00023829556765317872 0.0 0.556113299484506 0.0 0.029489483691001732 0.029489483691001732 0.029489483691001742 0.02948948369100174 1.5524735588944039 0.0 -5.602820851009636e-06 0.003742698886794862 0.0 0.0
0.0 -0.0003951869072480546 0.0 0.5502961493051686 0.0 0.029711948878774118 0.029711948878774125 0.02971194884203337 0.029711948839592106 1.5524735588936394 0.0 -5.603047527429346e-06 0.0037426988872643688 0.0 0.0
0.0 -0.0005641480587813518 0.0 0.5441600080787197 0.0 0.029993913169120413 0.029993913169120413 0.02999391313426732 0.029993913134270876 1.5524735588915715 0.0 -5.603297057209613e-06 0.003742698888107772 0.0 0.0
0.0 -0.0007451039503410719 0.0 0.5377636191197801 0.0 0.03035372392469804 0.030353723924698036 0.030353723924695472 0.03035372392464879 1.5524735588858938 0.0 -5.603550790515699e-06 0.003742698889599028 0.0 0.0
0.0 -0.0009377701265056216 0.0 0.5311767176137269 0.0 0.030810496282084956 0.03081049628204752 0.03081049628298641 0.030810496282049276 1.5524735588710885 0.0 -5.603782134685155e-06 0.0037426988920673133 0.0 0.0
0.0 -0.0011416839356655024 0.0 0.5244810196761144 0.0 0.03138486478274279 0.03138486478274279 0.03138486478274279 0.03138486478333955 1.5524735588343277 0.0 -5.6039582644774245e-06 0.0037426988959068093 0.0 0.0
0.0 -0.0013559681111161468 0.0 0.51777624281094 0.0 0.03209774286046879 0.03209774286043376 0.032097742860433764 0.032097742851117314 1.55247355874847 0.0 -5.604038592697156e-06 0.0037426989014159627 0.0 0.0
0.0 -0.0015791041437455296 0.0 0.5111811475216683 0.0 0.032967573984668076 0.03296757398466807 0.032967573984668076 0.032967573984668395 1.552473558563341 0.0 -5.60398745871328e-06 0.0037426989084900185 0.0 0.0
0.0 -0.0018087439746738094 0.0 0.5048375572807554 0.0 0.03400908789074874 0.03400908789075211 0.03400908789074874 0.03400908789074874 1.5524735581959217 0.0 -5.603783840860421e-06 0.0037426989163244695 0.0 0.0
0.0 -0.002041675825034723 0.0 0.49890339793198407 0.0 0.035230538919593844 0.035230538919593886 0.035230538920434075 0.03523053892043404 1.5524735575320598 0.0 -5.603446999479491e-06 0.0037426989232049496 0.0 0.0
0.0 -0.002273641536368389 0.0 0.49355572100591727 0.0 0.03663221065198615 0.03663221065198616 0.036632210651986255 0.036632210651981245 1.5524735564451222 0.0 -5.603031881685725e-06 0.003742698926644726 0.0 0.0
0.0 -0.002499397156633924 0.0 0.4889767559100352 0.0 0.0382026430294489 0.03820264302944891 0.03820264302944891 0.03820264302944891 1.5524735548687638 0.0 -5.602631218560939e-06 0.003742698924261834 0.0 0.0
0.0 -0.002712844529714834 0.0 0.4853469150548224 0.0 0.03991812121792086 0.039918121217920856 0.03991812121786975 0.03991812121792078 1.552473552878551 0.0 -5.602331395057675e-06 0.003742698915335358 0.0 0.0
0.0 -0.002907433158760465 0.0 0.48282579929632147 0.0 0.04174189519804818 0.04174189519804818 0.04174189519804819 0.04174189519804823 1.5524735507808072 0.0 -5.602172191620054e-06 0.0037426989022548308 0.0 0.0
0.0 -0.0030764120701649556 0.0 0.48154020178625884 0.0 0.04362366049295449 0.0436236604929545 0.043623660492961076 0.04362366049296109 1.5524735491351511 0.0 -5.602123419046461e-06 0.0037426988903346277 0.0 0.0
0.0 -0.003216989338898137 0.0 0.48155439529597516 0.0 0.04554651642613443 0.045546516426134415 0.04554651642613442 0.04554651642613442 1.5524735475648217 0.0 -5.602116217922032e-06 0.0037426988854971813 0.0 0.0
0.0 -0.0033271245167076197 0.0 0.48290064733263677 0.0 0.04749326192672715 0.04749326192672716 0.04749326192672714 0.04749326192673264 1.5524735461811667 0.0 -5.602110385314709e-06 0.0037426988810307436 0.0 0.0
0.0 -0.003402419550182591 0.0 0.48558582512829435 0.0 0.049406150274980076 0.049406150274987425 0.04940615027500894 0.049406150274987466 1.5524735461959187 0.0 -5.602081722432946e-06 0.0037426988680377103 0.0 0.0
0.0 -0.003439815129586088 0.0 0.48956874428460306 0.0 0.05122985584777437 0.051229855847774376 0.05122985584777428 0.05122985584778396 1.5524735476407248 0.0 -5.6019680573260776e-06 0.003742698849738142 0.0 0.0
0.0 -0.0034375881248766946 0.0 0.49476713720685744 0.0 0.05291373717445801 0.052913737174518305 0.052913737174458166 0.05291373717444746 1.5524735501287799 0.0 -5.6016872889337e-06 0.0037426988321550463 0.0 0.0
0.0 -0.003395239930074339 0.0 0.5010676300101026 0.0 0.05441360351945579 0.05441360351952499 0.05441360351944604 0.05441360351944605 1.552473552999952 0.0 -5.601169785200336e-06 0.003742698821549886 0.0 0.0
0.0 -0.003313614112933651 0.0 0.508327709647569 0.0 0.055693968914935665 0.055693968914935665 0.05569396891493581 0.055693968911278154 1.552473555567875 0.0 -5.600393818817089e-06 0.003742698821849368 0.0 0.0
0.0 -0.0031945182599893065 0.0 0.5163937394804118 0.0 0.05672883462090263 0.05672883462090265 0.05672883462090264 0.056728834620902044 1.5524735588948966 0.0 -5.602146495266287e-06 0.0037426988862132825 0.0 0.0
0.0 -0.0030406771065627242 0.0 0.525102882521677 0.0 0.05750167879046129 0.05750167879044875 0.05750167879044923 0.05750167879044893 1.5524735588948966 0.0 -5.602146495161848e-06 0.0037426988862132833 0.0 0.0
0.0 -0.0028554002000541817 0.0 0.5342962115218169 0.0 0.058005251924996455 0.058005251924996455 0.05800525192499418 0.05800525192499419 1.5524735588948966 0.0 -5.602146495015225e-06 0.0037426988862132838 0.0 0.0
0.0 -0.0026423472163681757 0.0 0.5438276543493101 0.0 0.05824132020285117 0.05824132021100055 0.05824132021087682 0.05824132021087671 1.5524735588948966 0.0 -5.602146494840843e-06 0.0037426988862132846 0.0 0.0
0.0 -0.0024053510102353785 0.0 0.5535660345235469 0.0 0.05821892497324299 0.058218924973243 0.05821892497439484 0.05821892497324299 1.5524735588948966 0.0 -5.60214649466274e-06 0.003742698886213284 0.0 0.0
0.0 -0.0021480793253957323 0.0 0.5634060893808852 0.0 0.05795340018772309 0.0579534001877232 0.05795340018291074 0.057953400183016264 1.5524735588948966 0.0 -5.6021464945004936e-06 0.003742698886213284 0.0 0.0
0.0 -0.0018740814204282628 0.0 0.5732634836214218 0.0 0.05746536428283955 0.057465364282839534 0.05746536426200856 0.057465364281527404 1.5524735588948966 0.0 -5.602146494368699e-06 0.003742698886213285 0.0 0.0
0.0 -0.001586381760774347 0.0 0.5830848459242126 0.0 0.05677848584497255 0.05677848584497255 0.05677848584497255 0.05677848584449832 1.5524735588948966 0.0 -5.602146494263167e-06 0.003742698886213287 0.0 0.0
0.0 -0.001287703664565322 0.0 0.5928407556836162 0.0 0.05592022253416289 0.055920222534162886 0.0559202225343648 0.05592022253435668 1.5524735588948968 0.0 -5.602146494173845e-06 0.003742698886213291 0.0 0.0
0.0 -0.0009801761500097018 0.0 0.6025287888463 0.0 0.05491882540063045 0.05491882540063046 0.05491882540063037 0.05491882540063033 1.552473558894897 0.0 -5.602146494079104e-06 0.0037426988862132985 0.0 0.0
0.0 -0.0006655703541481128 0.0 0.6121674974411419 0.0 0.05380457947541454 0.05380457947541454 0.05380457947544278 0.05380457947464238 1.5524735588948975 0.0 -5.6021464939545605e-06 0.003742698886213308 0.0 0.0
0.0 -0.0003452627026984688 0.0 0.6217964170743744 0.0 0.05260930369005335 0.052609303690053344 0.052609303690053205 0.052609303690053406 1.5524735588948986 0.0 -5.602146493764009e-06 0.003742698886213319 0.0 0.0
0.0 -2.0281535885878588e-05 0.0 0.6314710804763627 0.0 0.05136534270861605 0.05136534270861605 0.051365342708620504 0.051365342711097085 1.5524735588948997 0.0 -5.602146493456432e-06 0.003742698886213332 0.0 0.0
