0.0 0.0025539883970743687 0.0 0.6293193431217842 0.0 0.015529878305378145 0.015529878290549847 0.015529878403330744 0.015529878352717736 1.552473559471152 0.0 -5.602148034059732e-06 0.0037426988862104583 0.0 0.0
0.0 0.002367692046527955 0.0 0.6265799344372236 0.0 0.01716851796117178 0.017168517961171786 0.017168517961192686 0.017168517961192686 1.5524735563004601 0.0 -5.602170076125889e-06 0.003742698895646385 0.0 0.0
0.0 0.002182422714437786 0.0 0.6237620986713746 0.0 0.018767281387537964 0.018767281387541267 0.01876728138754128 0.018767281384010237 1.5524735564394148 0.0 -5.602174582264754e-06 0.003742698895911673 0.0 0.0
0.0 0.001997689048082438 0.0 0.6208179570430612 0.0 0.02031708391091511 0.02031708391091845 0.020317083907346496 0.020317083910894696 1.5524735566309615 0.0 -5.6021823553245135e-06 0.003742698896374577 0.0 0.0
0.0 0.0018132454589285577 0.0 0.6177106300388157 0.0 0.021809114861171777 0.02180911486117178 0.021809114861171784 0.0218091148611199 1.5524735568654602 0.0 -5.602193888375876e-06 0.00374269889692948 0.0 0.0
0.0 0.0016291421758933614 0.0 0.6144132522761377 0.0 0.023233829496857223 0.02323382949685723 0.023233829496863954 0.02323382949683561 1.5524735571357229 0.0 -5.6022098589676745e-06 0.0037426988974518117 0.0 0.0
0.0 0.00144560911417429 0.0 0.6109079534774834 0.0 0.024582197562951588 0.02458219756295159 0.024582197562982234 0.02458219756298223 1.5524735574251192 0.0 -5.602230974680498e-06 0.003742698897829702 0.0 0.0
0.0 0.0012632866494977982 0.0 0.6071908823894848 0.0 0.025844211113809464 0.02584421111380945 0.025844211113809457 0.025844211113809457 1.5524735577220308 0.0 -5.602257145971835e-06 0.0037426988978939914 0.0 0.0
0.0 0.0010829636556957142 0.0 0.6032681719067019 0.0 0.02701112840869161 0.027011128408691618 0.027011128408653422 0.027011128408659116 1.552473558005044 0.0 -5.602287899705689e-06 0.0037426988975618526 0.0 0.0
0.0 0.0009056086907514696 0.0 0.5991549500196 0.0 0.028074722226025903 0.028074722226025906 0.0280747222260259 0.028074722226056267 1.5524735582588818 0.0 -5.602322039878243e-06 0.0037426988967848057 0.0 0.0
0.0 0.0007324775095636233 0.0 0.5948813340424774 0.0 0.02902778955439201 0.02902778955439201 0.02902778955439201 0.029027789554392055 1.5524735584713036 0.0 -5.602356185233248e-06 0.0037426988955535333 0.0 0.0
0.0 0.0005647747751699273 0.0 0.5904814124707588 0.0 0.029865134107692794 0.02986513410768952 0.02986513410768951 0.029865134107689515 1.552473558634946 0.0 -5.602387777975816e-06 0.003742698893998134 0.0 0.0
0.0 0.00040388334509647663 0.0 0.5860012547608138 0.0 0.030583079084961086 0.03058307908496108 0.03058307908496108 0.030583079084491455 1.5524735587506735 0.0 -5.602412033553474e-06 0.0037426988922535393 0.0 0.0
0.0 0.0002510981546851962 0.0 0.5814908940605082 0.0 0.031180454484994673 0.031180454484994673 0.031180454484994673 0.031180454487317502 1.5524735588241902 0.0 -5.602425730337809e-06 0.003742698890524695 0.0 0.0
0.0 0.00010756532958612097 0.0 0.5770033194204863 0.0 0.0316590955820188 0.0316590955820188 0.0316590955820188 0.03165909557704618 1.5524735588652172 0.0 -5.602426605780514e-06 0.0037426988889984157 0.0 0.0
0.0 -2.5649795198549652e-05 0.0 0.5725934942470671 0.0 0.032022591113141444 0.032022591113141444 0.03202259112153684 0.032022591112931216 1.5524735588848975 0.0 -5.6024138436701516e-06 0.0037426988877891313 0.0 0.0
0.0 -0.0001477750369180738 0.0 0.5683133361303182 0.0 0.032277525471872175 0.03227752547187134 0.03227752547187134 0.03227752547187217 1.5524735588924694 0.0 -5.602389276401994e-06 0.003742698886955117 0.0 0.0
0.0 -0.00025824077799831266 0.0 0.5642147214413029 0.0 0.032433233437117785 0.032433233437117785 0.03243323343711778 0.032433233463443296 1.5524735588945673 0.0 -5.602355276379037e-06 0.0037426988864716106 0.0 0.0
0.0 -0.00035678034814958827 0.0 0.5603415017749652 0.0 0.03250053723237528 0.03250053723236624 0.032500537227545104 0.03250053717064241 1.5524735588948877 0.0 -5.6023166589986084e-06 0.0037426988862576983 0.0 0.0
0.0 -0.000443442798234542 0.0 0.5567304967209147 0.0 0.03249224804563334 0.03249224804563331 0.03249224804563332 0.032492248045633325 1.5524735588948966 0.0 -5.602277742411735e-06 0.003742698886212085 0.0 0.0
0.0 -0.0005197390267822605 0.0 0.5533585048413174 0.0 0.03242133101471095 0.03242133101471095 0.03242133101471095 0.03242133101471095 1.5524735588953076 0.0 -5.602248259103367e-06 0.0037426988861073737 0.0 0.0
0.0 -0.0005877204774474004 0.0 0.5501783251906971 0.0 0.03230021264579183 0.032300212645791825 0.03230021264900511 0.03230021264588844 1.5524735588983085 0.0 -5.602228507406425e-06 0.003742698885932467 0.0 0.0
0.0 -0.0006483177014888908 0.0 0.5471847913817104 0.0 0.03213988658624312 0.03213988658624312 0.03213988658624312 0.03213988658624412 1.552473558905446 0.0 -5.602212044227571e-06 0.0037426988857711787 0.0 0.0
0.0 -0.0007024582710023943 0.0 0.5443667653259582 0.0 0.03194933655154151 0.0319493365515415 0.031949336551541516 0.031949336551541516 1.5524735589162442 0.0 -5.6021988724099915e-06 0.0037426988856529854 0.0 0.0
0.0 -0.0007509224376126315 0.0 0.5417131389108344 0.0 0.031735545957290445 0.03173554595729295 0.03173554595729294 0.03173554595595437 1.5524735589293277 0.0 -5.602188383067344e-06 0.003742698885580103 0.0 0.0
0.0 -0.0007944818335535706 0.0 0.5392078288161091 0.0 0.031503739935439486 0.03150373993544267 0.031503739935439506 0.03150373993544267 1.552473558943454 0.0 -5.602180334634768e-06 0.0037426988855414384 0.0 0.0
0.0 -0.000833823146240071 0.0 0.5368367597910322 0.0 0.031258646750727384 0.03125864675072382 0.031258646750727356 0.031258646750713756 1.552473558956937 0.0 -5.602174095541598e-06 0.003742698885532002 0.0 0.0
0.0 -0.0008695282151615784 0.0 0.5345848825314989 0.0 0.031003242802321234 0.031003242802321238 0.031003242802321238 0.031003242802321213 1.5524735589697962 0.0 -5.602169321786918e-06 0.003742698885537456 0.0 0.0
0.0 -0.0009021052194612456 0.0 0.5324371627237636 0.0 0.030739504339137615 0.030739504339137615 0.030739504339145456 0.030739504339137615 1.5524735589821919 0.0 -5.602165695434632e-06 0.0037426988855492004 0.0 0.0
0.0 -0.0009320382808521969 0.0 0.530379566343196 0.0 0.030469409211899504 0.030469409211903487 0.030469409211903487 0.030469409211915797 1.5524735589934167 0.0 -5.602162937044841e-06 0.0037426988855657354 0.0 0.0
0.0 -0.000959767560509551 0.0 0.5283960775269485 0.0 0.030193681879651248 0.03019368187965125 0.03019368187965125 0.030193681879639445 1.5524735590047696 0.0 -5.602160927897212e-06 0.0037426988855779196 0.0 0.0
0.0 -0.0009855761030679044 0.0 0.5264756893494027 0.0 0.029912554742918974 0.029912554742918974 0.02991255474076066 0.029912554742907622 1.5524735590169152 0.0 -5.602159390107318e-06 0.003742698885585966 0.0 0.0
0.0 -0.0010098672393235373 0.0 0.5246023934441065 0.0 0.029626252181734463 0.029626252181734463 0.029626252181734484 0.029626252179565903 1.5524735590298804 0.0 -5.602158365159414e-06 0.003742698885585995 0.0 0.0
0.0 -0.0010328687688297567 0.0 0.5227651941288401 0.0 0.029334256485181974 0.029334256485181967 0.02933425648301137 0.029334256485192754 1.552473559045201 0.0 -5.60215766207979e-06 0.003742698885577222 0.0 0.0
0.0 -0.0010548806627522717 0.0 0.5209500948572972 0.0 0.0290360451286095 0.02903604512860125 0.02903604512859058 0.029036045128601237 1.5524735590633179 0.0 -5.602157313051632e-06 0.0037426988855569663 0.0 0.0
0.0 -0.0010761123055106944 0.0 0.5191461036956186 0.0 0.028730850363110037 0.028730850363110034 0.02873085036312072 0.02873085036312072 1.5524735590853653 0.0 -5.602157229052503e-06 0.0037426988855249845 0.0 0.0
0.0 -0.001096802781012285 0.0 0.5173402318814427 0.0 0.02841765119482383 0.02841765119482383 0.02841765119482383 0.028417651192562718 1.552473559112886 0.0 -5.602157454760341e-06 0.003742698885476741 0.0 0.0
0.0 -0.0011171671157848184 0.0 0.515520490940365 0.0 0.02809542823119734 0.028095428231197338 0.02809542823119734 0.02809542823119734 1.5524735591471863 0.0 -5.602157983046049e-06 0.0037426988854103635 0.0 0.0
0.0 -0.0011373778644025623 0.0 0.5136758964347127 0.0 0.027762913651361725 0.02776291365136172 0.02776291365136172 0.02776291365136172 1.5524735591908192 0.0 -5.602158825371314e-06 0.003742698885321898 0.0 0.0
0.0 -0.0011577165828281254 0.0 0.5117924555662523 0.0 0.027419334892984742 0.02741933489298475 0.027419334892984742 0.027419334892984742 1.5524735592442964 0.0 -5.602160107746444e-06 0.0037426988852061285 0.0 0.0
0.0 -0.0011780956602789356 0.0 0.509879144695644 0.0 0.027066456632469312 0.027066456632469288 0.02706645663495894 0.02706645663495894 1.552473559298292 0.0 -5.6021612262681826e-06 0.003742698885099691 0.0 0.0
0.0 -0.0011980482139216883 0.0 0.5079599482625008 0.0 0.02670581758441332 0.026705817584422788 0.026705817584410044 0.02670581758189888 1.55247355935222 0.0 -5.6021616981857705e-06 0.0037426988850234847 0.0 0.0
0.0 -0.0012171325964658913 0.0 0.506047896255653 0.0 0.026335688358145225 0.02633568835814522 0.026335688358145225 0.02633568835814522 1.5524735594228964 0.0 -5.602161841757995e-06 0.0037426988849481907 0.0 0.0
0.0 -0.001234943988868168 0.0 0.5041560111659545 0.0 0.02595483961715703 0.025954839617157027 0.025954839617144378 0.025954839617157027 1.552473559511793 0.0 -5.602161659720324e-06 0.0037426988848786214 0.0 0.0
0.0 -0.001251071929931608 0.0 0.5022983120257942 0.0 0.025562293666020464 0.02556229366602046 0.025562293666020468 0.025562293663451422 1.5524735596218897 0.0 -5.6021611545006505e-06 0.0037426988848209474 0.0 0.0
0.0 -0.0012650507147640756 0.0 0.5004888291104825 0.0 0.02515632271149776 0.025156322711502564 0.025156322711502567 0.025156322711490722 1.5524735597649915 0.0 -5.602160406584794e-06 0.0037426988847732456 0.0 0.0
0.0 -0.00127652512631067 0.0 0.49874157021015947 0.0 0.02473669915686819 0.024736699156868186 0.024736699159393576 0.024736699159393576 1.5524735599363453 0.0 -5.602159474589052e-06 0.0037426988847498884 0.0 0.0
0.0 -0.0012850734200581097 0.0 0.49707254743960727 0.0 0.024302948603527854 0.02430294860352785 0.024302948603527854 0.024302948603527837 1.5524735601446262 0.0 -5.602158429371776e-06 0.0037426988847562774 0.0 0.0
0.0 -0.0012904069095141532 0.0 0.4954937642648645 0.0 0.023855090294055487 0.023855090294055484 0.023855090294055487 0.02385509029404615 1.5524735603918065 0.0 -5.602157463050649e-06 0.0037426988847924477 0.0 0.0
0.0 -0.001292256809803442 0.0 0.4940202062786729 0.0 0.023394398448240025 0.023394398448240022 0.023394398448244265 0.023394398448236077 1.5524735606660147 0.0 -5.602156584040755e-06 0.0037426988848726288 0.0 0.0
0.0 -0.0012903656235404052 0.0 0.492664865992786 0.0 0.02292164404185326 0.022921644041857252 0.02292164404185725 0.022921644043983728 1.5524735609760008 0.0 -5.602155941470609e-06 0.003742698884988705 0.0 0.0
0.0 -0.0012846528674729655 0.0 0.4914387091069684 0.0 0.022439345031156625 0.022439345031156625 0.022439345031156625 0.02243934503115088 1.552473561290324 0.0 -5.6021555365780305e-06 0.0037426988851416206 0.0 0.0
0.0 -0.0012750252899178063 0.0 0.4903517085280291 0.0 0.021949517753727468 0.021949517753727464 0.02194951775372746 0.021949517753732016 1.5524735616100072 0.0 -5.6021554078972595e-06 0.0037426988853183846 0.0 0.0
0.0 -0.001261566652223322 0.0 0.48941181035152387 0.0 0.021455925506303333 0.021455925506303337 0.021455925506303333 0.021455925506303337 1.5524735618850616 0.0 -5.602155429722643e-06 0.0037426988855106835 0.0 0.0
0.0 -0.0012444017060791734 0.0 0.4886229707604464 0.0 0.020961575155192907 0.020961575155192896 0.020961575155190426 0.020961575155190423 1.5524735621151828 0.0 -5.602155579940252e-06 0.0037426988856967118 0.0 0.0
0.0 -0.0012237656862952586 0.0 0.4879891234520737 0.0 0.020470973684582217 0.02047097368458222 0.020470973684581204 0.020470973684582217 1.5524735622447776 0.0 -5.602155652320676e-06 0.003742698885867126 0.0 0.0
0.0 -0.001200006990883699 0.0 0.4875072113461899 0.0 0.019987866856366214 0.01998786685636621 0.019987866855537124 0.019987866856366988 1.5524735622771733 0.0 -5.602155603425891e-06 0.0037426988860036906 0.0 0.0
0.0 -0.0011735476728338605 0.0 0.48717416237161204 0.0 0.01951700050341556 0.019517000503415555 0.019517000502836827 0.019517000503416638 1.552473562175254 0.0 -5.602155275050665e-06 0.0037426988861033964 0.0 0.0
0.0 -0.0011448988915710452 0.0 0.4869809139687214 0.0 0.019062360837140538 0.019062360837140534 0.01906236083714068 0.019062360837140364 1.5524735619592562 0.0 -5.602154680969571e-06 0.0037426988861636347 0.0 0.0
0.0 -0.0011146199189818351 0.0 0.48691640300101635 0.0 0.018627930842122928 0.01862793084212293 0.018627930842122817 0.0186279308422312 1.552473561639324 0.0 -5.602153823222731e-06 0.0037426988861911253 0.0 0.0
0.0 -0.0010835263433329066 0.0 0.48696652798842904 0.0 0.018220188980134874 0.01822018898013487 0.018220188980134975 0.01822018898023367 1.5524735611801193 0.0 -5.6021525970678865e-06 0.0037426988861990577 0.0 0.0
0.0 -0.0010521985356189798 0.0 0.4871132537568937 0.0 0.01784110696444352 0.017841106964443264 0.017841106964443267 0.01784110696417184 1.5524735607222169 0.0 -5.6021513748428566e-06 0.003742698886211003 0.0 0.0
0.0 -0.0010208741032569923 0.0 0.4873406056693574 0.0 0.01748865900408301 0.017488659004082998 0.01748865900449644 0.01748865900408339 1.552473560351344 0.0 -5.60215038402257e-06 0.0037426988862244923 0.0 0.0
0.0 -0.0009897241102610735 0.0 0.4876346134117716 0.0 0.017160572291142605 0.01716057229114261 0.01716057229114233 0.01716057229114233 1.5524735600576134 0.0 -5.602149597516011e-06 0.003742698886236263 0.0 0.0
0.0 -0.000958714390220926 0.0 0.48798831618668304 0.0 0.016854085170331032 0.01685408517033104 0.016854085170331032 0.016854085170961118 1.5524735598333423 0.0 -5.6021489943546245e-06 0.003742698886246431 0.0 0.0
0.0 -0.0009278404756787713 0.0 0.4883927563661648 0.0 0.016566182735505308 0.016566182735505305 0.016566182735505978 0.01656618273478966 1.5524735596670898 0.0 -5.602148544203744e-06 0.0037426988862543425 0.0 0.0
0.0 -0.0008969238558667638 0.0 0.4888469748845342 0.0 0.01629411293808799 0.01629411293808725 0.016294112938884893 0.016294112938087895 1.5524735595440828 0.0 -5.60214820665522e-06 0.00374269888626178 0.0 0.0
0.0 -0.0008658284928790134 0.0 0.48934900863998143 0.0 0.016035372174278643 0.016035372174278646 0.01603537217340434 0.01603537217340436 1.5524735594534769 0.0 -5.602147952474841e-06 0.003742698886268824 0.0 0.0
0.0 -0.0008343405353917728 0.0 0.48990089193790665 0.0 0.015787713294133362 0.015787713294133372 0.01578771329413426 0.01578771329317876 1.5524735593872279 0.0 -5.602147758335488e-06 0.0037426988862766246 0.0 0.0
0.0 -0.0008021555462308038 0.0 0.49050766369741094 0.0 0.015548643934699055 0.01554864393469906 0.015548643934699057 0.015548643934701194 1.5524735593431513 0.0 -5.6021476152650245e-06 0.0037426988862864783 0.0 0.0
0.0 -0.0007690002752413885 0.0 0.49117535188362643 0.0 0.015316423437140519 0.015316423437140524 0.015316423437140523 0.015316423437140523 1.5524735593129089 0.0 -5.602147496781914e-06 0.0037426988862988503 0.0 0.0
0.0 -0.0007345548464568471 0.0 0.49191497091471537 0.0 0.01509031931079094 0.015090319310790938 0.01509031931078977 0.01509031931079266 1.5524735592881898 0.0 -5.602147370374215e-06 0.00374269888631496 0.0 0.0
0.0 -0.0006985106699875425 0.0 0.49273554212690646 0.0 0.01486909580481849 0.014869095804818494 0.014869095804816372 0.01486909580481765 1.5524735592720005 0.0 -5.602147233903521e-06 0.0037426988863355176 0.0 0.0
0.0 -0.0006605861877680018 0.0 0.49365105831890227 0.0 0.014653525454744182 0.014653525454744182 0.014653525454740138 0.014653525456242345 1.5524735592505998 0.0 -5.602147024929796e-06 0.0037426988863606308 0.0 0.0
0.0 -0.0006204942016322788 0.0 0.49467650883068054 0.0 0.014444632463599569 0.014444632463599567 0.014444632463601118 0.014444632463599569 1.5524735592229206 0.0 -5.602146703486229e-06 0.0037426988863901636 0.0 0.0
0.0 -0.0005780339455940858 0.0 0.4958278608050234 0.0 0.01424494284915667 0.014244942849156674 0.01424494284915327 0.014244942849153267 1.5524735591812944 0.0 -5.602146189211074e-06 0.0037426988864209046 0.0 0.0
0.0 -0.0005331576168794934 0.0 0.4971200548630537 0.0 0.01405873129673898 0.014058731296737126 0.01405873129871248 0.014058731296737128 1.5524735591211725 0.0 -5.602145385288561e-06 0.003742698886444956 0.0 0.0
0.0 -0.0004858557329563211 0.0 0.4985710100061606 0.0 0.013891777548805233 0.013891777548805231 0.01389177754880523 0.01389177754880523 1.5524735590474863 0.0 -5.602144153496213e-06 0.0037426988864524852 0.0 0.0
0.0 -0.00043642324916352967 0.0 0.5001936063165338 0.0 0.013752353718624336 0.013752353718624336 0.013752353718624336 0.013752353716458379 1.5524735589722027 0.0 -5.602142363412417e-06 0.003742698886425845 0.0 0.0
0.0 -0.000385459559175762 0.0 0.5019956849571288 0.0 0.013651224297527997 0.013651224297527997 0.013651224297526179 0.013651224299459556 1.5524735589171366 0.0 -5.602139894030369e-06 0.0037426988863539807 0.0 0.0
0.0 -0.00033220705542457834 0.0 0.5040460822056693 0.0 0.013600751808794845 0.013600751808794597 0.013600751808794595 0.013600751808794595 1.5524735588963272 0.0 -5.602135234359564e-06 0.0037426988862599977 0.0 0.0
0.0 -0.00027744128253492906 0.0 0.5063735066225806 0.0 0.013620985741572835 0.013620985741563965 0.013620985741478844 0.013620985741572845 1.5524735588948966 0.0 -5.602127617628601e-06 0.0037426988862122403 0.0 0.0
0.0 -0.00022448518512273964 0.0 0.5089076044850274 0.0 0.013734067173951042 0.013734067173951044 0.013734067173966188 0.013734067157800222 1.5524735588948382 0.0 -5.602119679680583e-06 0.0037426988861726487 0.0 0.0
0.0 -0.00017663436340330715 0.0 0.5115601105617332 0.0 0.013955857391948443 0.013955857391948446 0.013955857391948337 0.013955857391948441 1.552473558894054 0.0 -5.602113913479647e-06 0.003742698886040118 0.0 0.0
0.0 -0.00013698153938606128 0.0 0.5142298607987795 0.0 0.014295195803175374 0.014295195803172815 0.014295195803175372 0.014295195803172815 1.55247355889028 0.0 -5.602112610237799e-06 0.0037426988857994056 0.0 0.0
0.0 -0.0001080060954912857 0.0 0.5168168113385568 0.0 0.014752922192259788 0.014752922192259791 0.014752922192259266 0.014752922192259788 1.5524735588795102 0.0 -5.6021161857373175e-06 0.0037426988855002 0.0 0.0
0.0 -9.139439000327386e-05 0.0 0.5192310336227536 0.0 0.01532239125152925 0.015322391251527895 0.015322391251533606 0.01532239125152925 1.552473558857629 0.0 -5.6021231224217e-06 0.00374269888524296 0.0 0.0
0.0 -8.792809044720124e-05 0.0 0.5214026910530919 0.0 0.015991238882130963 0.015991238882130963 0.015991238880704268 0.015991238880695126 1.55247355882296 0.0 -5.602130859723728e-06 0.0037426988851185427 0.0 0.0
0.0 -9.747437783648265e-05 0.0 0.5232870179613799 0.0 0.01674289043824134 0.016742890438241335 0.016742890438241342 0.01674289043824134 1.552473558778173 0.0 -5.602137312847827e-06 0.0037426988851591743 0.0 0.0
0.0 -0.00011914039762918408 0.0 0.5248662789696017 0.0 0.01755931435414067 0.017559314354140678 0.01755931435414067 0.017559314354140668 1.5524735587292156 0.0 -5.602141616116102e-06 0.0037426988853263253 0.0 0.0
0.0 -0.00015141909174707163 0.0 0.5261467531321513 0.0 0.01842201747392583 0.018422017473925828 0.01842201747392738 0.018422017475591208 1.5524735586838219 0.0 -5.602143984327261e-06 0.003742698885549411 0.0 0.0
0.0 -0.00019243423613765395 0.0 0.5271576886712936 0.0 0.019315043897209963 0.01931504389720862 0.01931504389720862 0.019315043897208617 1.552473558646881 0.0 -5.6021450610209725e-06 0.0037426988857577298 0.0 0.0
0.0 -0.00024001676642155484 0.0 0.5279443196905684 0.0 0.020223713564940043 0.020223713564940043 0.02022371356494228 0.02022371356494228 1.5524735586225369 0.0 -5.6021454766038484e-06 0.0037426988859164253 0.0 0.0
0.0 -0.000292002083567074 0.0 0.5285608379190965 0.0 0.021136361295815847 0.021136361295815847 0.021136361295815843 0.021136361296791417 1.5524735586107672 0.0 -5.602145621932912e-06 0.003742698886019114 0.0 0.0
0.0 -0.00034614362115634336 0.0 0.5290694149087479 0.0 0.022042834963596526 0.022042834963595753 0.0220428349635966 0.022042834962774958 1.5524735586113312 0.0 -5.602145682471555e-06 0.0037426988860750194 0.0 0.0
0.0 -0.0004004143048472321 0.0 0.5295291913632804 0.0 0.02293497792696914 0.022934977926969132 0.02293497792696914 0.02293497792696773 1.552473558622051 0.0 -5.602145728475534e-06 0.0037426988860993914 0.0 0.0
0.0 -0.0004529314040270143 0.0 0.5299933062546499 0.0 0.02380462392874765 0.023804623928747652 0.023804623928747652 0.023804623928746948 1.5524735586423066 0.0 -5.60214578138351e-06 0.0037426988861032056 0.0 0.0
0.0 -0.0005019933611854279 0.0 0.5305088893261722 0.0 0.02464409716189815 0.024644097161898162 0.024644097161899702 0.02464409716272662 1.5524735586701146 0.0 -5.60214583703312e-06 0.0037426988860907247 0.0 0.0
0.0 -0.0005462113629631026 0.0 0.5311100665692019 0.0 0.025445700974110315 0.02544570097411032 0.02544570097411032 0.02544570097505185 1.5524735587034786 0.0 -5.602145880620549e-06 0.0037426988860665895 0.0 0.0
0.0 -0.0005844965670119908 0.0 0.5318169674269306 0.0 0.026201216187543227 0.026201216187543234 0.02620121618754323 0.02620121618754323 1.5524735587403158 0.0 -5.6021458894768686e-06 0.003742698886037547 0.0 0.0
0.0 -0.0006165870076952852 0.0 0.5326336267826832 0.0 0.026908398862956845 0.026908398862956845 0.02690839886295471 0.026908398861776928 1.5524735587735996 0.0 -5.602145832174412e-06 0.003742698886010268 0.0 0.0
0.0 -0.0006435219232255035 0.0 0.5335389298937759 0.0 0.02757446640761969 0.027574466407612415 0.02757446640761241 0.027574466407612415 1.552473558797448 0.0 -5.602145725159718e-06 0.0037426988859926274 0.0 0.0
0.0 -0.0006661932325804932 0.0 0.5345117919987403 0.0 0.028204635946704314 0.028204635946706722 0.028204635946706726 0.028204635946709664 1.5524735588152732 0.0 -5.6021456028290675e-06 0.0037426988859847713 0.0 0.0
0.0 -0.0006854702855471058 0.0 0.535535114500361 0.0 0.028805131164545195 0.02880513116454519 0.02880513116454839 0.02880513116454519 1.5524735588280092 0.0 -5.6021454826613385e-06 0.003742698885982775 0.0 0.0
0.0 -0.0007019563141108367 0.0 0.5365998161011007 0.0 0.029381188424362395 0.029381188424362395 0.02938118842436239 0.029381188424362395 1.552473558837231 0.0 -5.602145360644428e-06 0.003742698885982486 0.0 0.0
0.0 -0.0007162248506827197 0.0 0.5376988123335585 0.0 0.029938297332112944 0.029938297332112947 0.029938297333423236 0.029938297332112947 1.5524735588435778 0.0 -5.6021452402098515e-06 0.003742698885981926 0.0 0.0
0.0 -0.00072872914145699 0.0 0.5388300201734778 0.0 0.030481955512512617 0.030481955512512617 0.030481955512512617 0.030481955512512617 1.5524735588475749 0.0 -5.602145107781651e-06 0.0037426988859784213 0.0 0.0
0.0 -0.0007398190729498292 0.0 0.5399933684169278 0.0 0.031016913682374626 0.03101691368237462 0.031016913682374626 0.031016913682374622 1.5524735588498018 0.0 -5.60214495665515e-06 0.003742698885971244 0.0 0.0
0.0 -0.0007498941347494248 0.0 0.5411897711583588 0.0 0.03154892431273504 0.03154892431273504 0.031548924312735045 0.03154892431273916 1.552473558850071 0.0 -5.602144780099399e-06 0.003742698885958444 0.0 0.0
0.0 -0.00075923204166525 0.0 0.5424221580598666 0.0 0.032082742931511754 0.032082742931511754 0.03208274293151174 0.03208274293150741 1.5524735588487228 0.0 -5.6021445648518945e-06 0.0037426988859391368 0.0 0.0
0.0 -0.0007681289235383422 0.0 0.5436934550358954 0.0 0.032623375103288485 0.032623375103288485 0.032623375103288485 0.032623375103291066 1.552473558845528 0.0 -5.602144304027918e-06 0.0037426988859119385 0.0 0.0
0.0 -0.0007768993252586626 0.0 0.5450065842535969 0.0 0.033176076429957284 0.03317607642995728 0.033176076429957284 0.03317607642995728 1.5524735588400764 0.0 -5.602143989040183e-06 0.0037426988858747603 0.0 0.0
0.0 -0.0007858818489486081 0.0 0.5463634675912105 0.0 0.0337461009096547 0.03374610090965471 0.03374610090965471 0.033746100909657455 1.5524735588318208 0.0 -5.602143617455755e-06 0.0037426988858257886 0.0 0.0
0.0 -0.0007954759839493463 0.0 0.5477650191433348 0.0 0.034339201011670206 0.034339201011670185 0.034339201011670185 0.03433920101015038 1.55247355881967 0.0 -5.602143187409242e-06 0.003742698885762083 0.0 0.0
0.0 -0.0008061774485587424 0.0 0.5492081518496904 0.0 0.034961122789502724 0.03496112278950272 0.03496112278949668 0.03496112278791505 1.5524735588022749 0.0 -5.602142728184073e-06 0.003742698885682703 0.0 0.0
0.0 -0.0008185853206612326 0.0 0.5506877668299712 0.0 0.03561835920119623 0.03561835920119623 0.03561835920119623 0.03561835920120269 1.5524735587771405 0.0 -5.6021422592245774e-06 0.0037426988855844777 0.0 0.0
0.0 -0.0008334189639530046 0.0 0.5521937637607981 0.0 0.03631739518660076 0.03631739518660076 0.03631739518660076 0.036317395186607565 1.5524735587411023 0.0 -5.602141838774066e-06 0.0037426988854688753 0.0 0.0
0.0 -0.0008517063324447613 0.0 0.5537070209827262 0.0 0.03706595143568611 0.03706595143568611 0.03706595143568611 0.037065951435693155 1.5524735586882148 0.0 -5.602141574154253e-06 0.003742698885341667 0.0 0.0
0.0 -0.0008746678375138988 0.0 0.5552004145266198 0.0 0.03787173580688618 0.03787173580687916 0.03787173580688618 0.037871735806893216 1.5524735586107927 0.0 -5.602141549445055e-06 0.003742698885216807 0.0 0.0
0.0 -0.000903819707607415 0.0 0.5566368062929449 0.0 0.03874319022683658 0.03874319022683659 0.03874319022683658 0.03874319022683657 1.5524735584962022 0.0 -5.602141804795145e-06 0.0037426988851183146 0.0 0.0
0.0 -0.0009438432588660629 0.0 0.5580600362719127 0.0 0.039758648260212165 0.03975864826021216 0.03975864826021589 0.03975864826021588 1.552473558139775 0.0 -5.60214093302891e-06 0.003742698884725635 0.0 0.0
0.0 -0.0009993576611143945 0.0 0.5594631920689703 0.0 0.040978858920343905 0.0409788589203439 0.04097885892034389 0.04097885892240049 1.5524735572705506 0.0 -5.6021387396433335e-06 0.003742698884069201 0.0 0.0
0.0 -0.0010712458341839612 0.0 0.5607455593284129 0.0 0.042382657177781995 0.042382657177782 0.04238265717777831 0.042382657177782 1.552473555937217 0.0 -5.602136136908569e-06 0.003742698883742299 0.0 0.0
0.0 -0.001158826660826831 0.0 0.5618585024025827 0.0 0.04394471066509795 0.04394471066509462 0.043944710665094644 0.04394471066509463 1.5524735541485875 0.0 -5.602132353077096e-06 0.0037426988837559365 0.0 0.0
0.0 -0.0012599429235356774 0.0 0.5628094280491338 0.0 0.04563802670068595 0.04563802670068594 0.045638026700685945 0.045638026700683045 1.5524735519898227 0.0 -5.602127211252484e-06 0.0037426988839045897 0.0 0.0
0.0 -0.0013708425062771716 0.0 0.5636697727507033 0.0 0.04743496525178195 0.04743496525178195 0.0474349652517871 0.047434965253197264 1.5524735496155024 0.0 -5.60212110206729e-06 0.003742698883883743 0.0 0.0
0.0 -0.0014866185538618007 0.0 0.5645589868470038 0.0 0.049307963351427814 0.04930796335142781 0.0493079633514278 0.049307963351430555 1.5524735472285063 0.0 -5.602114628575064e-06 0.003742698883425435 0.0 0.0
0.0 -0.0016012376834262767 0.0 0.5656395518309286 0.0 0.05122827693553561 0.0512282769355323 0.05122827693553231 0.05122827693553232 1.5524735451037355 0.0 -5.60210821390343e-06 0.003742698882077891 0.0 0.0
0.0 -0.0017080350876134077 0.0 0.5670880131917899 0.0 0.05316318401161842 0.05316318401161842 0.053163184011618424 0.05316318401162575 1.5524735436305803 0.0 -5.60210139155688e-06 0.0037426988790974927 0.0 0.0
0.0 -0.0017999705337692557 0.0 0.5690790020037695 0.0 0.055074208624643003 0.0550742086246625 0.05507420862466248 0.05507420862464301 1.552473543255694 0.0 -5.602089917162988e-06 0.0037426988734922777 0.0 0.0
0.0 -0.001870230966213773 0.0 0.5717502735024446 0.0 0.05691381410530525 0.0569138141053053 0.05691381410530525 0.05691381410529811 1.5524735444131612 0.0 -5.602060589322918e-06 0.003742698865058617 0.0 0.0
0.0 -0.0019129551451645816 0.0 0.5751786701409937 0.0 0.05862736413707402 0.05862736413707402 0.058627364137074096 0.058627364137082374 1.5524735471410473 0.0 -5.601986775282497e-06 0.003742698855566826 0.0 0.0
0.0 -0.0019242683877805213 0.0 0.5793500493099614 0.0 0.0601573248592056 0.06015732485920561 0.06015732485920571 0.06015732486392886 1.5524735508617131 0.0 -5.601840305655295e-06 0.0037426988492264444 0.0 0.0
0.0 -0.0019030444150619666 0.0 0.5841481792518441 0.0 0.06144999851451931 0.06144999851451931 0.061449998514519315 0.06144999851458271 1.5524735545155854 0.0 -5.601626280116999e-06 0.003742698850336017 0.0 0.0
0.0 -0.001851649155620008 0.0 0.5893565787594038 0.0 0.062466279360182814 0.062466279360182814 0.062466279360182904 0.062466279360177256 1.5524735571197772 0.0 -5.6014172648295496e-06 0.003742698859345831 0.0 0.0
0.0 -0.0017759485970138451 0.0 0.5946863863929798 0.0 0.0631909512371229 0.0631909512371229 0.06319095123712289 0.0631909512371229 1.5524735584130953 0.0 -5.601326728528175e-06 0.0037426988715231865 0.0 0.0
0.0 -0.0016847204551113995 0.0 0.5998152998491718 0.0 0.06363750075337743 0.06363750075337718 0.06363750075337742 0.06363750075337717 1.5524735588227445 0.0 -5.601421628430545e-06 0.0037426988809292896 0.0 0.0
0.0 -0.0015884102658907332 0.0 0.6044415797524217 0.0 0.06384895286688759 0.06384895286688759 0.06384895286688758 0.06384895286688873 1.552473558891123 0.0 -5.601651184749759e-06 0.003742698885235118 0.0 0.0
0.0 -0.0014976816204570007 0.0 0.6083191838023556 0.0 0.06388967501965305 0.06388967501948534 0.06388967501948534 0.06388967501967159 1.5524735588948892 0.0 -5.6018946016604645e-06 0.0037426988861886546 0.0 0.0
0.0 -0.0014221799876440865 0.0 0.611277926964304 0.0 0.06383515776788103 0.06383515776788103 0.06383515776788103 0.0638351577359126 1.552473558894912 0.0 -5.602058852977643e-06 0.003742698886243041 0.0 0.0
0.0 -0.001358040063419383 0.0 0.6136301535759482 0.0 0.06373566051045941 0.06373566051045908 0.06373566051045908 0.06373566051045941 1.552473558895099 0.0 -5.602110785739425e-06 0.0037426988862751358 0.0 0.0
0.0 -0.0012961587166302837 0.0 0.6157718923275705 0.0 0.0635975691429064 0.06359756914290639 0.06359756914290628 0.06359756914290618 1.552473558895663 0.0 -5.602121578013378e-06 0.0037426988863121682 0.0 0.0
0.0 -0.0012369752357604701 0.0 0.6177100218702937 0.0 0.06342914612697244 0.06342914612694654 0.06342914612694658 0.06342914612696561 1.5524735588966097 0.0 -5.602129555547577e-06 0.003742698886334211 0.0 0.0
0.0 -0.0011807590283445567 0.0 0.6194554367040914 0.0 0.06323766019512563 0.06323766019512324 0.06323766019512563 0.06323766019511792 1.5524735588977838 0.0 -5.602135216932768e-06 0.0037426988863406953 0.0 0.0
0.0 -0.001127620897131086 0.0 0.621021054392266 0.0 0.06302888306066724 0.06302888306066724 0.063028883060667 0.06302888306066713 1.5524735588990133 0.0 -5.602139117090015e-06 0.0037426988863358316 0.0 0.0
0.0 -0.0010775442278286665 0.0 0.6224228046062025 0.0 0.06280784113430594 0.06280784113430594 0.06280784113430594 0.06280784113430833 1.5524735589001188 0.0 -5.602141712833152e-06 0.0037426988863240264 0.0 0.0
0.0 -0.0010304075579676518 0.0 0.6236756429612822 0.0 0.06257780895983792 0.06257780895983792 0.06257780895918119 0.06257780895918118 1.5524735589010838 0.0 -5.602143423668383e-06 0.003742698886309638 0.0 0.0
0.0 -0.0009860101226144488 0.0 0.6247955366031984 0.0 0.062341312570111 0.062341312570111 0.062341312570111 0.062341312570110996 1.5524735589018825 0.0 -5.602144526767503e-06 0.0037426988862951224 0.0 0.0
0.0 -0.0009441256109764295 0.0 0.6257964670900715 0.0 0.06209987464213335 0.06209987464213336 0.06209987464213337 0.06209987464213337 1.5524735589025687 0.0 -5.602145238997549e-06 0.0037426988862817663 0.0 0.0
0.0 -0.0009044724670869681 0.0 0.6266924272220926 0.0 0.061854267738268055 0.06185426773826806 0.06185426773826806 0.06185426773913323 1.552473558903205 0.0 -5.602145692982882e-06 0.0037426988862703627 0.0 0.0
0.0 -0.0008666827017543821 0.0 0.6274964319958825 0.0 0.061603762592447396 0.061603762592447396 0.06160376259245064 0.06160376259244901 1.5524735589039915 0.0 -5.602145982347578e-06 0.0037426988862613135 0.0 0.0
0.0 -0.0008305213848435966 0.0 0.6282174877578832 0.0 0.06134812359832619 0.06134812359832619 0.06134812359832619 0.06134812359747879 1.5524735589048773 0.0 -5.602146173092349e-06 0.0037426988862536816 0.0 0.0
0.0 -0.0007956430957700845 0.0 0.6288646233396927 0.0 0.06108561492385695 0.061085614923856967 0.06108561492385696 0.06108561492386004 1.5524735589061283 0.0 -5.6021462983898445e-06 0.0037426988862477055 0.0 0.0
0.0 -0.0007617802277955206 0.0 0.6294428701657061 0.0 0.06081424428573673 0.060814244285736736 0.060814244285733815 0.060814244286514454 1.5524735589078833 0.0 -5.6021463852131035e-06 0.0037426988862427073 0.0 0.0
0.0 -0.0007287132886406719 0.0 0.6299552590826666 0.0 0.06053201619367352 0.06053201619367353 0.0605320161936725 0.060532016192941594 1.5524735589102858 0.0 -5.60214644729561e-06 0.003742698886238293 0.0 0.0
0.0 -0.0006962878269647391 0.0 0.6303998307366366 0.0 0.06023617702514247 0.06023617702514247 0.060236177025144964 0.06023617702581033 1.5524735589137262 0.0 -5.60214649541937e-06 0.0037426988862338823 0.0 0.0
0.0 -0.0006643918637167872 0.0 0.6307736217372175 0.0 0.059924221594170955 0.059924221594170955 0.05992422159417094 0.05992422159417152 1.5524735589185066 0.0 -5.602146533694483e-06 0.0037426988862292736 0.0 0.0
0.0 -0.0006330337060300829 0.0 0.6310686672505919 0.0 0.05959363669537162 0.05959363669537163 0.05959363669537345 0.059593636695862234 1.5524735589251175 0.0 -5.602146566863448e-06 0.0037426988862241163 0.0 0.0
0.0 -0.000602395703782262 0.0 0.6312690038808156 0.0 0.05924164625915285 0.05924164625915154 0.059241646259152195 0.05924164625950258 1.5524735589343566 0.0 -5.602146599085702e-06 0.003742698886218219 0.0 0.0
0.0 -0.0005727338671882634 0.0 0.631358653241697 0.0 0.05886647436558889 0.05886647436558889 0.058866474365588575 0.05886647436558889 1.552473558946692 0.0 -5.60214663371985e-06 0.0037426988862129633 0.0 0.0
0.0 -0.0005455662259466521 0.0 0.6313164031536035 0.0 0.058481839397113815 0.05848183939711381 0.058481839397183676 0.05848183939718367 1.5524735589531808 0.0 -5.602146651026225e-06 0.0037426988862110555 0.0 0.0
0.0 -0.0005220288722502848 0.0 0.6311430178079653 0.0 0.058103495327254014 0.058103495327254014 0.058103495327254194 0.058103495327254194 1.5524735589505234 0.0 -5.6021466446422936e-06 0.0037426988862074425 0.0 0.0
0.0 -0.0005020950851227892 0.0 0.6308464657866647 0.0 0.05773370533923809 0.05773370533923809 0.05773370533923809 0.05773370533923809 1.5524735589466423 0.0 -5.602146638386028e-06 0.0037426988862003124 0.0 0.0
0.0 -0.0004857182388768943 0.0 0.6304317335427584 0.0 0.05737347760351617 0.05737347760351616 0.05737347760351617 0.05737347760283324 1.5524735589423815 0.0 -5.602146639369814e-06 0.0037426988861906678 0.0 0.0
0.0 -0.0004728588383835237 0.0 0.6299057968642425 0.0 0.057024573607669986 0.057024573607669986 0.057024573607669986 0.057024573608503305 1.5524735589374679 0.0 -5.602146652306691e-06 0.003742698886179862 0.0 0.0
0.0 -0.00046347025790818543 0.0 0.6292736422044594 0.0 0.05668800152270766 0.05668800152270766 0.05668800152270404 0.056688001521737995 1.552473558932433 0.0 -5.60214668478288e-06 0.0037426988861686606 0.0 0.0
0.0 -0.0004575242866918044 0.0 0.6285402522690567 0.0 0.05636501955317956 0.05636501955317957 0.056365019553175535 0.05636501955425509 1.5524735589272918 0.0 -5.602146742558847e-06 0.003742698886158037 0.0 0.0
0.0 -0.00045493746882296145 0.0 0.6277106210064611 0.0 0.05605613579420893 0.05605613579420893 0.05605613579537111 0.056056135795373295 1.5524735589224583 0.0 -5.6021468316936525e-06 0.00374269888614848 0.0 0.0
0.0 -0.00045574812304003916 0.0 0.6267877267974324 0.0 0.0557628552826111 0.0557628552826111 0.05576285528261111 0.05576285528384157 1.552473558917665 0.0 -5.602146958733563e-06 0.003742698886140749 0.0 0.0
0.0 -0.0004598968506418563 0.0 0.6257755633016072 0.0 0.05548568450828222 0.05548568450828223 0.05548568450828223 0.05548568450828503 1.5524735589133445 0.0 -5.602147128312808e-06 0.003742698886135021 0.0 0.0
0.0 -0.0004673610830003413 0.0 0.6246781166836025 0.0 0.055225630035754626 0.055225630035754626 0.0552256300357594 0.055225630035757804 1.552473558909405 0.0 -5.602147343451629e-06 0.003742698886131885 0.0 0.0
0.0 -0.00047814230876710046 0.0 0.6234983728192728 0.0 0.05498369682698265 0.054983696826982655 0.054983696826979164 0.054983696826980316 1.5524735589059164 0.0 -5.602147610086953e-06 0.003742698886131454 0.0 0.0
0.0 -0.0004922844888755733 0.0 0.6222383135481774 0.0 0.05476113827766133 0.05476113827766133 0.054761138277661325 0.054761138277657655 1.5524735589028913 0.0 -5.602147935986959e-06 0.003742698886133867 0.0 0.0
0.0 -0.000509770696882282 0.0 0.6209009284937324 0.0 0.05455870931127088 0.05455870931127088 0.05455870931231024 0.05455870931231024 1.5524735589004341 0.0 -5.602148321108395e-06 0.0037426988861388984 0.0 0.0
0.0 -0.0005306024214189552 0.0 0.6194892035317583 0.0 0.054377414890774425 0.05437741489077443 0.05437741489077442 0.054377414890774425 1.5524735588984984 0.0 -5.602148767061813e-06 0.0037426988861464913 0.0 0.0
0.0 -0.000554799566149336 0.0 0.6180061207904988 0.0 0.05421851001351852 0.05421851001351852 0.05421851001401768 0.05421851001401768 1.5524735588970435 0.0 -5.602149274505354e-06 0.0037426988861563905 0.0 0.0
0.0 -0.0005823763926588386 0.0 0.6164556589392652 0.0 0.054083501321162415 0.05408350132116242 0.054083501321162374 0.054083501321162526 1.5524735588960255 0.0 -5.602149834551973e-06 0.003742698886168204 0.0 0.0
0.0 -0.0006133584467794357 0.0 0.6148398035652807 0.0 0.05397339217105549 0.0539733921710555 0.053973392171053874 0.05397339217018647 1.5524735588954004 0.0 -5.6021504618222345e-06 0.003742698886180623 0.0 0.0
0.0 -0.0006477599900363767 0.0 0.6131625333377586 0.0 0.053889689203080245 0.053889689203080245 0.053889689203080314 0.0538896892030758 1.5524735588950667 0.0 -5.602151135457026e-06 0.003742698886192912 0.0 0.0
0.0 -0.0006855768689218611 0.0 0.6114278306735903 0.0 0.053833649019047594 0.05383364901904759 0.053833649024750345 0.05383364901904748 1.5524735588949317 0.0 -5.6021518481377675e-06 0.0037426988862035494 0.0 0.0
0.0 -0.0007263959570480665 0.0 0.6096566828958456 0.0 0.05380655548981176 0.053806555490202024 0.05380655548981176 0.05380655547352824 1.5524735588948988 0.0 -5.602152363033681e-06 0.0037426988862109536 0.0 0.0
0.0 -0.000769564732002946 0.0 0.6078701260474875 0.0 0.05380644120817748 0.053806441208177354 0.053806444267980494 0.05380644120248248 1.5524735588948966 0.0 -5.6021526246003935e-06 0.0037426988862132946 0.0 0.0
0.0 -0.0008148140983754626 0.0 0.606070205678674 0.0 0.05383031123244625 0.053830311232446255 0.053830311232547 0.053830311232496625 1.5524735588948964 0.0 -5.602152867392825e-06 0.0037426988862147453 0.0 0.0
0.0 -0.000861832488458471 0.0 0.6042599713738374 0.0 0.05387491758843402 0.05387491758843402 0.05387491758845915 0.0538749175884838 1.5524735588948921 0.0 -5.602153074116055e-06 0.0037426988862183323 0.0 0.0
0.0 -0.0009104895080726723 0.0 0.6024364634908632 0.0 0.05393750581627474 0.05393750581629135 0.053937505816274746 0.05393750580742565 1.5524735588948781 0.0 -5.602153331080596e-06 0.003742698886223328 0.0 0.0
0.0 -0.0009605329882870594 0.0 0.6005987379544558 0.0 0.05401432374000333 0.05401432374000333 0.05401432374000333 0.05401432374000333 1.5524735588948542 0.0 -5.6021536114739495e-06 0.0037426988862286534 0.0 0.0
0.0 -0.0010118438192429763 0.0 0.5987418420400761 0.0 0.05410211285963452 0.05410211285963452 0.05410211285963452 0.054102112853940273 1.5524735588948233 0.0 -5.602153981543248e-06 0.003742698886233821 0.0 0.0
0.0 -0.0010642476457897693 0.0 0.5968608342654734 0.0 0.05419686454617807 0.05419686454617807 0.0541968645514611 0.05419686454616828 1.5524735588947967 0.0 -5.602154451418488e-06 0.0037426988862379116 0.0 0.0
0.0 -0.0011175941700882026 0.0 0.5949497728598561 0.0 0.054294568584418446 0.054294568584418446 0.054294568584418446 0.05429456857922455 1.5524735588947831 0.0 -5.602155052119907e-06 0.0037426988862404253 0.0 0.0
0.0 -0.0011717146791681713 0.0 0.593002719799901 0.0 0.05439096470401454 0.054390964704014534 0.054390964704014534 0.054390964698418906 1.5524735588947887 0.0 -5.602155803445401e-06 0.0037426988862408364 0.0 0.0
0.0 -0.0012263724419349096 0.0 0.59101275551169 0.0 0.05448054084971166 0.054480540849711497 0.05448054085637689 0.054480540849711497 1.5524735588948162 0.0 -5.602156750524973e-06 0.003742698886238292 0.0 0.0
0.0 -0.0012813250851274847 0.0 0.5889739569621358 0.0 0.05455803661397286 0.054558036613972336 0.054558036613697555 0.05455803662247471 1.552473558894852 0.0 -5.602157907149245e-06 0.0037426988862330696 0.0 0.0
0.0 -0.0013361956877461147 0.0 0.5868814238923691 0.0 0.05461669296042454 0.05461669296042454 0.05461669296042453 0.05461669296042454 1.5524735588948826 0.0 -5.602159287261621e-06 0.003742698886225363 0.0 0.0
0.0 -0.0013904558547474298 0.0 0.584734268440372 0.0 0.05464900714946471 0.05464900714946472 0.05464900714946862 0.05464900714936095 1.5524735588948957 0.0 -5.60216082348876e-06 0.003742698886217227 0.0 0.0
0.0 -0.0014434681892070407 0.0 0.5825346111053786 0.0 0.0546469817776062 0.054646981777606234 0.05464698088528492 0.054646980292236365 1.5524735588948966 0.0 -5.602162444753602e-06 0.0037426988862132526 0.0 0.0
0.0 -0.0014943220453142556 0.0 0.580290600350973 0.0 0.05460087641513082 0.05460087641544045 0.05460087641513082 0.054600876430429365 1.552473558894913 0.0 -5.602163958890593e-06 0.0037426988862019808 0.0 0.0
0.0 -0.0015418477899894045 0.0 0.5780203912738665 0.0 0.05450072021260886 0.05450072021260897 0.05450072021259087 0.054500720212608975 1.5524735588952348 0.0 -5.602164995400853e-06 0.0037426988861575194 0.0 0.0
0.0 -0.0015845559156207234 0.0 0.5757531533888006 0.0 0.05433580744740797 0.05433580744740797 0.05433580744740798 0.054335807448660865 1.552473558897372 0.0 -5.602165117543498e-06 0.003742698886060873 0.0 0.0
0.0 -0.0016206257559739697 0.0 0.5735310637114017 0.0 0.05409520382287076 0.05409520382287274 0.05409520382340041 0.05409520382340041 1.5524735589061929 0.0 -5.602163906223961e-06 0.0037426988858989207 0.0 0.0
0.0 -0.0016478659917792734 0.0 0.5714162825465973 0.0 0.05376950734836289 0.05376950734836288 0.05376950734684161 0.05376950734835069 1.5524735589333059 0.0 -5.602161031028684e-06 0.003742698885686682 0.0 0.0
0.0 -0.0016642296487636773 0.0 0.569464968476682 0.0 0.05334930643530042 0.05334930643530043 0.05334930643530044 0.05334930643529009 1.552473559003178 0.0 -5.602157378983332e-06 0.003742698885458889 0.0 0.0
0.0 -0.0016686427745168924 0.0 0.5677271097113884 0.0 0.05283643157506437 0.05283643157506436 0.05283643157506437 0.05283643157506437 1.5524735591407097 0.0 -5.602153907913298e-06 0.003742698885309589 0.0 0.0
0.0 -0.001660664657205449 0.0 0.5662545563749253 0.0 0.052241967821554075 0.052241967821554075 0.052241967821554075 0.05224196782154716 1.5524735593512073 0.0 -5.602151252335332e-06 0.0037426988853256436 0.0 0.0
0.0 -0.0016404364215135113 0.0 0.5650841092890835 0.0 0.05157997658994172 0.05157997658993503 0.05157997658994173 0.05157997658993503 1.552473559620285 0.0 -5.602149876798575e-06 0.003742698885499157 0.0 0.0
0.0 -0.0016086581493353158 0.0 0.5642285660894129 0.0 0.05086423075460636 0.05086423075460634 0.050864230753220475 0.05086423075460634 1.5524735599241684 0.0 -5.6021496740536524e-06 0.0037426988857457992 0.0 0.0
0.0 -0.0015664261213009668 0.0 0.5636827267070809 0.0 0.050107974235034165 0.05010797423503416 0.050107974235955845 0.050107974235955845 1.552473560231979 0.0 -5.602150145722004e-06 0.003742698885974431 0.0 0.0
0.0 -0.0015152072733002873 0.0 0.5634214077848069 0.0 0.04932291866802419 0.049322918668024185 0.04932291866802396 0.04932291866802419 1.552473560518336 0.0 -5.602150836827625e-06 0.003742698886118393 0.0 0.0
0.0 -0.0014565475346091197 0.0 0.5634054743917516 0.0 0.0485172527568008 0.0485172527568008 0.0485172527568008 0.04851725275678733 1.55247356078241 0.0 -5.602151534810162e-06 0.003742698886161356 0.0 0.0
0.0 -0.001392163900539175 0.0 0.56358182128375 0.0 0.04769689242290197 0.04769689242290196 0.04769689242290196 0.04769689242256984 1.55247356102602 0.0 -5.6021521864349865e-06 0.0037426988861849206 0.0 0.0
0.0 -0.0013237745456011155 0.0 0.5638873890503011 0.0 0.04686448710160359 0.04686448710160359 0.04686448710160359 0.04686448710160394 1.5524735612716072 0.0 -5.602152839532494e-06 0.003742698886239885 0.0 0.0
0.0 -0.0012531611954669675 0.0 0.5642511422026794 0.0 0.04602092312588075 0.04602092312588074 0.04602092312588074 0.046020923125880256 1.552473561536238 0.0 -5.6021535410755226e-06 0.0037426988862768115 0.0 0.0
0.0 -0.0011822003165349916 0.0 0.5645950582231183 0.0 0.04516607544779128 0.0451660754477913 0.04516607544779129 0.04516607544779129 1.5524735618344838 0.0 -5.602154339829058e-06 0.0037426988862625647 0.0 0.0
0.0 -0.0011129127161898995 0.0 0.5648351128594172 0.0 0.04429980937952259 0.04429980937952258 0.04429980937952258 0.04429980937952258 1.5524735621714094 0.0 -5.602155244453534e-06 0.003742698886196048 0.0 0.0
0.0 -0.001047623633702193 0.0 0.564882242940855 0.0 0.043424482513741806 0.04342448251374181 0.043424482513639256 0.04342448251363925 1.5524735625116683 0.0 -5.602156151197523e-06 0.003742698886129499 0.0 0.0
0.0 -0.0009889217571424178 0.0 0.564646336288669 0.0 0.04254570127533797 0.04254570127533798 0.04254570127533798 0.04254570127533798 1.552473562792147 0.0 -5.602156906062448e-06 0.0037426988860646123 0.0 0.0
0.0 -0.000939782483301614 0.0 0.5640372020242739 0.0 0.04167432277971196 0.04167432277971197 0.04167432277971197 0.041674322778676554 1.5524735628975612 0.0 -5.602157311487587e-06 0.0037426988857281063 0.0 0.0
0.0 -0.0009034690263065167 0.0 0.5629755400214943 0.0 0.040828722828231544 0.04082872282823154 0.04082872282823154 0.04082872282822502 1.55247356267009 0.0 -5.602157609533514e-06 0.003742698884971173 0.0 0.0
0.0 -0.0008833696731421549 0.0 0.561398946395058 0.0 0.04003455570856519 0.04003455570856519 0.0400345557085652 0.04003455570855601 1.5524735620185566 0.0 -5.602159676740935e-06 0.003742698883835278 0.0 0.0
0.0 -0.0008826808991375141 0.0 0.559278899677141 0.0 0.039326031791785815 0.039326031791785857 0.039326031791800456 0.03932603179180043 1.5524735609956606 0.0 -5.602167797939331e-06 0.003742698882761331 0.0 0.0
0.0 -0.0009038199016118186 0.0 0.5566368066485988 0.0 0.038743192997788146 0.03874319299778819 0.03874319299778819 0.038743192997788146 1.5524735599114143 0.0 -5.602187207347331e-06 0.0037426988825240313 0.0 0.0
0.0 -0.0009483075116437647 0.0 0.5535062012229751 0.0 0.03831784948220876 0.03831784948220877 0.03831784948220877 0.038317849479403365 1.5524735591970087 0.0 -5.6022230003804905e-06 0.0037426988834037603 0.0 0.0
0.0 -0.0010151078657149421 0.0 0.5499888242374495 0.0 0.03806941786311569 0.038069417863115684 0.03806941786311568 0.03806941786311617 1.5524735589313272 0.0 -5.6022691057138275e-06 0.0037426988849847804 0.0 0.0
0.0 -0.0011009388059073535 0.0 0.5462615280025707 0.0 0.038011433539871325 0.038011433539871325 0.038011433538929336 0.038011433538975806 1.552473558895019 0.0 -5.602303961785895e-06 0.0037426988861394223 0.0 0.0
0.0 -0.001201760180954239 0.0 0.5424953467914386 0.0 0.0381451704949255 0.0381451704949255 0.0381451704949255 0.03814517046936834 1.5524735588946832 0.0 -5.602314159080191e-06 0.0037426988863914043 0.0 0.0
0.0 -0.0013131177959777667 0.0 0.5388434821603186 0.0 0.03846037238551569 0.03846037238551569 0.03846037238551569 0.03846037238551569 1.5524735588879512 0.0 -5.6022979316728465e-06 0.003742698887139445 0.0 0.0
0.0 -0.0014305865323303425 0.0 0.5354312588311744 0.0 0.038937986735804696 0.038937986735804696 0.038937986735804696 0.038937986735799644 1.5524735588578498 0.0 -5.602264300183435e-06 0.0037426988880801004 0.0 0.0
0.0 -0.0015503480315382319 0.0 0.5323450577573473 0.0 0.03955439783412571 0.039554397834125704 0.03955439783412569 0.03955439783412571 1.5524735587906555 0.0 -5.60222668470912e-06 0.0037426988887782797 0.0 0.0
0.0 -0.0016691752603849605 0.0 0.5296382915559967 0.0 0.04028318667218243 0.040283186672178964 0.04028318667218243 0.040283186672182406 1.5524735586873977 0.0 -5.602194396192678e-06 0.0037426988889978086 0.0 0.0
0.0 -0.0017847016069693898 0.0 0.5273293589521449 0.0 0.0410981281826341 0.041098128182634114 0.04109812818263411 0.041098128182629964 1.55247355856304 0.0 -5.602171641744008e-06 0.0037426988887712034 0.0 0.0
0.0 -0.00189547910120395 0.0 0.525407605290366 0.0 0.04197595125550614 0.041975951255506135 0.041975951255506135 0.041975951255506114 1.5524735584363545 0.0 -5.602157898940601e-06 0.003742698888286276 0.0 0.0
0.0 -0.0020007307110245843 0.0 0.5238413361080628 0.0 0.04289560144670709 0.04289560144671096 0.042895601446710965 0.04289560144464431 1.5524735583264175 0.0 -5.602150581118481e-06 0.003742698887732413 0.0 0.0
0.0 -0.0021003717326830763 0.0 0.5225837851555833 0.0 0.0438405009153213 0.0438405009153213 0.04384050091532131 0.043840500915321295 1.5524735582416105 0.0 -5.602147076379922e-06 0.0037426988872464773 0.0 0.0
0.0 -0.0021949120739235247 0.0 0.5215741296816794 0.0 0.04479754989099993 0.04479754989099992 0.04479754989099992 0.044797549890992557 1.5524735581848927 0.0 -5.602145555382865e-06 0.0037426988868900675 0.0 0.0
0.0 -0.002285003320389361 0.0 0.5207525135008504 0.0 0.04575590054050549 0.04575590054050547 0.04575590053918896 0.045755900540503006 1.5524735581569682 0.0 -5.602144934984804e-06 0.0037426988866537743 0.0 0.0
0.0 -0.0023716935688649367 0.0 0.5200540227756805 0.0 0.04670844756122267 0.046708447561222666 0.046708447561224484 0.046708447560079 1.5524735581499736 0.0 -5.602144714461714e-06 0.0037426988865197275 0.0 0.0
0.0 -0.0024560196324617013 0.0 0.519415736752865 0.0 0.04764858894863821 0.04764858894863821 0.04764858894863821 0.04764858894863821 1.5524735581635294 0.0 -5.602144684944857e-06 0.0037426988864592576 0.0 0.0
0.0 -0.0025389363567369146 0.0 0.5187827145048227 0.0 0.04857123574473154 0.048571235744731524 0.04857123574473153 0.0485712357447335 1.5524735581928955 0.0 -5.602144759428565e-06 0.0037426988864497166 0.0 0.0
0.0 -0.002621332057994798 0.0 0.5181020194288843 0.0 0.049471052168843524 0.04947105216884351 0.049471052168843524 0.049471052168843524 1.5524735582378457 0.0 -5.602144931481337e-06 0.0037426988864841773 0.0 0.0
0.0 -0.0027038488378724533 0.0 0.5173317143512505 0.0 0.05034297011202668 0.0503429701120267 0.05034297011326278 0.050342970113262775 1.5524735582957523 0.0 -5.602145218876211e-06 0.003742698886554805 0.0 0.0
0.0 -0.0027868626804295254 0.0 0.5164378793982249 0.0 0.05118093415020627 0.05118093415021147 0.051180934150206275 0.05118093415020855 1.5524735583665146 0.0 -5.602145687913407e-06 0.003742698886656333 0.0 0.0
0.0 -0.0028714027126079907 0.0 0.5153914387413219 0.0 0.05198939840271434 0.05198939840271435 0.05198939840271435 0.0519893984027104 1.552473558422074 0.0 -5.602146390835697e-06 0.003742698886797158 0.0 0.0
0.0 -0.0029580582162229865 0.0 0.5141922724583597 0.0 0.05277636406678373 0.05277636406678372 0.052776364066783724 0.05277636406508033 1.5524735584568756 0.0 -5.602147352740411e-06 0.0037426988869574255 0.0 0.0
0.0 -0.003046389033214322 0.0 0.5128563964115693 0.0 0.05354110672603623 0.05354110672603622 0.053541106726029415 0.05354110672602314 1.5524735584920613 0.0 -5.602148579362124e-06 0.003742698887102528 0.0 0.0
0.0 -0.0031360158898928107 0.0 0.5113988186786621 0.0 0.05428340039465062 0.05428340039465061 0.054283400394650606 0.05428340039464329 1.552473558526328 0.0 -5.602150038684048e-06 0.0037426988872280324 0.0 0.0
0.0 -0.003226535455727095 0.0 0.5098355476258966 0.0 0.055003020690851605 0.05500302069085162 0.05500302069085161 0.05500302069085161 1.5524735585595304 0.0 -5.60215165400821e-06 0.0037426988873277595 0.0 0.0
0.0 -0.0033176293442630502 0.0 0.5081805835472696 0.0 0.0557002401000792 0.0557002401000792 0.055700240100082954 0.0557002401000792 1.552473558590668 0.0 -5.602153368102363e-06 0.0037426988874035465 0.0 0.0
0.0 -0.0034090400567862293 0.0 0.5064469189525812 0.0 0.056375829580030075 0.05637582958003007 0.056375829580030075 0.0563758295800263 1.5524735586189717 0.0 -5.602155112593217e-06 0.0037426988874574747 0.0 0.0
0.0 -0.003500539793900891 0.0 0.5046455495221408 0.0 0.05703030684621776 0.05703030684621775 0.057030306846217724 0.05703030684621773 1.5524735586450338 0.0 -5.60215685096752e-06 0.0037426988874916566 0.0 0.0
0.0 -0.0035918469998401 0.0 0.5027904680539595 0.0 0.05766444446150552 0.057664444461505523 0.05766444446150552 0.05766444445952303 1.5524735586686174 0.0 -5.602158427789615e-06 0.0037426988875035555 0.0 0.0
0.0 -0.00368286129194344 0.0 0.5008896581203313 0.0 0.05827950544044392 0.05827950544044392 0.05827950544044394 0.05827950544044392 1.5524735586892602 0.0 -5.602159923916049e-06 0.0037426988875048028 0.0 0.0
0.0 -0.003773367643996655 0.0 0.4989551081941651 0.0 0.05887650917909316 0.05887650917909317 0.058876509179093164 0.05887650917908546 1.5524735587075729 0.0 -5.602161167261197e-06 0.003742698887490249 0.0 0.0
0.0 -0.0038632713156375163 0.0 0.4969938053067741 0.0 0.05945646705308422 0.05945646705308422 0.05945646705308422 0.059456467053077215 1.5524735587237828 0.0 -5.602162257771254e-06 0.003742698887468045 0.0 0.0
0.0 -0.0039524662823397306 0.0 0.4950147295703441 0.0 0.060020893719925056 0.06002089371992506 0.06002089371992506 0.060020893719925084 1.5524735587375313 0.0 -5.602163092811469e-06 0.0037426988874387926 0.0 0.0
0.0 -0.004040815331576127 0.0 0.49302587205177995 0.0 0.06057055212274671 0.06057055212274 0.060570552122740005 0.06057055212453514 1.5524735587498804 0.0 -5.602163675899861e-06 0.0037426988874018022 0.0 0.0
0.0 -0.004128260553163223 0.0 0.49103421228672095 0.0 0.06110695371234225 0.06110695371234224 0.061106953712345514 0.061106953714080293 1.5524735587601957 0.0 -5.6021640189944955e-06 0.003742698887362387 0.0 0.0
0.0 -0.004214707206887847 0.0 0.4890467373056452 0.0 0.06163110986567447 0.06163110986567447 0.06163110986569199 0.061631109865685575 1.552473558769167 0.0 -5.602164111112578e-06 0.0037426988873192806 0.0 0.0
0.0 -0.004300132724184913 0.0 0.4870674332738569 0.0 0.06214402714764092 0.06214402714764872 0.06214402714765184 0.062144027145970754 1.552473558776918 0.0 -5.602164055753794e-06 0.003742698887276364 0.0 0.0
0.0 -0.004384460779827973 0.0 0.4851032834736897 0.0 0.06264696696972097 0.06264696696972094 0.06264696697138333 0.06264696697138027 1.5524735587833267 0.0 -5.602163744807547e-06 0.0037426988872317265 0.0 0.0
0.0 -0.004467620690793661 0.0 0.4831602746472461 0.0 0.06314093910844634 0.06314093910844329 0.06314093910844631 0.06314093910844329 1.5524735587887195 0.0 -5.602163221501567e-06 0.0037426988871859922 0.0 0.0
