0.0 0.0025799128729624777 0.0 0.6291354942538838 0.0 0.015115511531223145 0.015115511603841787 0.015115511053921492 0.015115511658875695 1.5524735596034958 0.0 -5.602148387433744e-06 0.0037426988862099696 0.0 0.0
0.0 0.002418495851190606 0.0 0.6262518398509852 0.0 0.016367105306038195 0.016367105306038177 0.016367105306038205 0.01636710530601722 1.5524735580177078 0.0 -5.602181878801731e-06 0.0037426988923694167 0.0 0.0
0.0 0.0022577807294217388 0.0 0.6233882359258746 0.0 0.017615733832459114 0.017615733832459124 0.01761573383245913 0.01761573383243537 1.5524735579970568 0.0 -5.602181290236093e-06 0.0037426988923485154 0.0 0.0
0.0 0.0020978639620709786 0.0 0.620548683898948 0.0 0.018861400389910906 0.018861400389910892 0.018861400389910903 0.018861400389887283 1.5524735579756739 0.0 -5.6021804921096114e-06 0.0037426988923101295 0.0 0.0
0.0 0.0019387681181253769 0.0 0.6177371699347436 0.0 0.020105111538096392 0.02010511153809348 0.02010511153499694 0.020105111538093506 1.5524735579504916 0.0 -5.602179483776893e-06 0.0037426988922637265 0.0 0.0
0.0 0.0017805710112924283 0.0 0.614957691440492 0.0 0.021347123731405567 0.02134712373140555 0.021347123731405567 0.02134712372833019 1.5524735579235187 0.0 -5.602178279585205e-06 0.0037426988922019577 0.0 0.0
0.0 0.0016233320404373608 0.0 0.612214242076108 0.0 0.022587943456854272 0.02258794345685143 0.02258794345685143 0.022587943459924594 1.5524735578938265 0.0 -5.602176889477895e-06 0.0037426988921268798 0.0 0.0
0.0 0.0014671346615230839 0.0 0.6095118157899471 0.0 0.023828078811647713 0.023828078811647706 0.023828078808604547 0.023828078811673113 1.5524735578611784 0.0 -5.602175280546401e-06 0.0037426988920342386 0.0 0.0
0.0 0.001312014216017906 0.0 0.6068534059529357 0.0 0.02506803467619137 0.025068034676191415 0.025068034676191415 0.02506803467619141 1.552473557825331 0.0 -5.602173564934405e-06 0.0037426988919321857 0.0 0.0
0.0 0.0011580725750969846 0.0 0.6042440102614299 0.0 0.026308069109195323 0.026308069109195323 0.026308069109195316 0.02630806911224131 1.5524735577868825 0.0 -5.60217167243768e-06 0.0037426988918097094 0.0 0.0
0.0 0.001005326665413062 0.0 0.601686618339255 0.0 0.02754893703360072 0.027548937033600715 0.02754893703360072 0.02754893702752291 1.5524735577437854 0.0 -5.60216970743148e-06 0.0037426988916796646 0.0 0.0
0.0 0.0008538727156382555 0.0 0.5991852313413863 0.0 0.02879064486144656 0.02879064486144657 0.02879064486146429 0.02879064486146429 1.552473557698461 0.0 -5.602167654624378e-06 0.0037426988915312477 0.0 0.0
0.0 0.0007037885395338048 0.0 0.5967438466744837 0.0 0.03003344904771923 0.0300334490477192 0.030033449047719197 0.030033449047713583 1.552473557649759 0.0 -5.60216553577543e-06 0.0037426988913665878 0.0 0.0
0.0 0.0005551335362907899 0.0 0.5943664579991833 0.0 0.03127785607864919 0.03127785607864922 0.03127785607567643 0.03127785607864922 1.5524735575963524 0.0 -5.602163372894288e-06 0.0037426988911881775 0.0 0.0
0.0 0.000408003934590861 0.0 0.5920570664702675 0.0 0.032523872368035604 0.03252387236803561 0.03252387237097554 0.03252387237097554 1.5524735575399604 0.0 -5.602161196247966e-06 0.0037426988909917275 0.0 0.0
0.0 0.0002624478486040002 0.0 0.5898176726657964 0.0 0.03377150112992136 0.033771501129921354 0.03377150112992138 0.03377150112701935 1.5524735574803745 0.0 -5.602159090067965e-06 0.0037426988907869134 0.0 0.0
0.0 0.00011853032011108925 0.0 0.5876532667861968 0.0 0.0350215004805199 0.035021500480519906 0.03502150048053405 0.03502150048053404 1.5524735574138242 0.0 -5.602156973910595e-06 0.003742698890566333 0.0 0.0
0.0 -2.3615592661260478e-05 0.0 0.5855678574812215 0.0 0.03627337677276023 0.03627337677276023 0.03627337677276023 0.036273376772754946 1.5524735573457145 0.0 -5.602154918109325e-06 0.003742698890326435 0.0 0.0
0.0 -0.00016394177480260456 0.0 0.5835634453300135 0.0 0.03752713320740026 0.03752713320740026 0.03752713320740026 0.037527133210158006 1.5524735572735446 0.0 -5.602152982179711e-06 0.003742698890079901 0.0 0.0
0.0 -0.00030238882742063104 0.0 0.5816440239902757 0.0 0.03878327626962297 0.038783276269628 0.038783276269627985 0.03878327627230626 1.5524735571943058 0.0 -5.602151124910838e-06 0.0037426988898227277 0.0 0.0
0.0 -0.0004418273657454916 0.0 0.5797801428785301 0.0 0.04007126357404448 0.040071263574044474 0.04007126357404448 0.040071263574050504 1.5524735569377532 0.0 -5.602149481200331e-06 0.0037426988898376125 0.0 0.0
0.0 -0.0005837650667631987 0.0 0.5779914030208283 0.0 0.04141813116772474 0.04141813116772476 0.04141813116772472 0.041418131170344354 1.5524735564551286 0.0 -5.602146977031252e-06 0.0037426988898999363 0.0 0.0
0.0 -0.0007257718603053216 0.0 0.5763658935305771 0.0 0.04281976983208009 0.04281976983208012 0.042819769832080114 0.04281976983453782 1.552473555904154 0.0 -5.602143274184326e-06 0.003742698889524764 0.0 0.0
0.0 -0.0008650891623376852 0.0 0.5749977427375511 0.0 0.04426957932661174 0.04426957932661176 0.04426957932661174 0.0442695793244533 1.552473555307524 0.0 -5.602139268667083e-06 0.003742698888695647 0.0 0.0
0.0 -0.0009987020690983227 0.0 0.5739841173134084 0.0 0.04575846387190895 0.045758463871908954 0.04575846387190894 0.04575846387190925 1.5524735547036048 0.0 -5.6021359635622954e-06 0.003742698887555881 0.0 0.0
0.0 -0.0011233307401122541 0.0 0.5734202470583601 0.0 0.047273073919990714 0.04727307391999069 0.0472730739199907 0.04727307391998774 1.5524735541690111 0.0 -5.602133908365588e-06 0.00374269888645163 0.0 0.0
0.0 -0.001235646911499463 0.0 0.5733904223003777 0.0 0.04879579168147204 0.048795791681472 0.048795791681471856 0.048795791681471856 1.5524735538015864 0.0 -5.602132887730168e-06 0.003742698885905224 0.0 0.0
0.0 -0.001332229934577651 0.0 0.5739660120592288 0.0 0.050303477737937675 0.05030347773793767 0.050303477737937675 0.05030347773793885 1.5524735537227132 0.0 -5.602132533746943e-06 0.0037426988853184223 0.0 0.0
0.0 -0.0014099956447523247 0.0 0.5751914412574336 0.0 0.05176869865903049 0.05176869865902689 0.051768698659026884 0.05176869866288101 1.5524735540161192 0.0 -5.602131195793057e-06 0.003742698883335115 0.0 0.0
0.0 -0.0014664015890716365 0.0 0.5770771811850567 0.0 0.05316021580056929 0.05316021580056929 0.05316021580056929 0.0531602158032741 1.5524735546986308 0.0 -5.602123102465037e-06 0.0037426988802979275 0.0 0.0
0.0 -0.0014996495840154142 0.0 0.5795997082762923 0.0 0.05444573561001466 0.0544457356099873 0.05444573560999341 0.0544457356099873 1.5524735556675895 0.0 -5.602099057324687e-06 0.0037426988771617326 0.0 0.0
0.0 -0.001509232214416558 0.0 0.5826894482339575 0.0 0.05559539095357781 0.055595390953577815 0.05559539095358417 0.05559539095700376 1.5524735567211414 0.0 -5.6020526305855e-06 0.00374269887520207 0.0 0.0
0.0 -0.0014957602921660859 0.0 0.586241760517372 0.0 0.05658300913689444 0.05658300913689443 0.05658300913690036 0.05658300913692852 1.5524735576535484 0.0 -5.60198706282062e-06 0.0037426988752778828 0.0 0.0
0.0 -0.0014613736363271337 0.0 0.5901158593908156 0.0 0.05739136119707797 0.05739136119707796 0.057391361197077974 0.05739136119930686 1.552473558313965 0.0 -5.601919860975502e-06 0.003742698877331576 0.0 0.0
0.0 -0.0014094057732436914 0.0 0.5941518037808042 0.0 0.05801318947803761 0.058013189478037616 0.05801318947803655 0.058013189478037595 1.5524735586841478 0.0 -5.601874909067588e-06 0.0037426988804017502 0.0 0.0
0.0 -0.0013442113800243994 0.0 0.5981814816193988 0.0 0.05845247537432651 0.05845247537432651 0.05845247537432652 0.05845247537432652 1.5524735588408742 0.0 -5.60187050003997e-06 0.003742698883272893 0.0 0.0
0.0 -0.0012708974947457194 0.0 0.6020435953475691 0.0 0.058725713443758966 0.058725713443758966 0.058725713443758966 0.05872571344375929 1.5524735588866063 0.0 -5.601907928146323e-06 0.0037426988851542004 0.0 0.0
0.0 -0.0011947161227213773 0.0 0.6055967256294621 0.0 0.05885793153922844 0.05885793153922844 0.05885793153922717 0.05885793153922717 1.5524735588944218 0.0 -5.601971415619386e-06 0.0037426988860021835 0.0 0.0
0.0 -0.0011208590025236866 0.0 0.608726340950783 0.0 0.05888220193657965 0.05888220193657965 0.05888220193657964 0.05888220192241689 1.552473558894896 0.0 -5.602038679239699e-06 0.0037426988862081035 0.0 0.0
0.0 -0.001053878431178041 0.0 0.6113528787135514 0.0 0.05883440339059124 0.058834403389579425 0.05883440339063824 0.05883440338953034 1.5524735588949083 0.0 -5.602091893555286e-06 0.0037426988862328523 0.0 0.0
0.0 -0.0009924970996509925 0.0 0.6136109767856671 0.0 0.05874150642770355 0.058741506427704114 0.05874150642786814 0.058741506419926676 1.5524735588950935 0.0 -5.602116148402922e-06 0.003742698886267251 0.0 0.0
0.0 -0.0009329243832866208 0.0 0.6156795820179345 0.0 0.05861079913029079 0.05861079913029079 0.05861079913029079 0.0586107991337448 1.5524735588956835 0.0 -5.602124811311124e-06 0.0037426988863029937 0.0 0.0
0.0 -0.0008756108604302974 0.0 0.6175635797847202 0.0 0.05845004069327335 0.05845004069327335 0.05845004069327335 0.05845004069328212 1.5524735588967145 0.0 -5.602131378778755e-06 0.0037426988863262303 0.0 0.0
0.0 -0.0008208188079341949 0.0 0.6192718752498368 0.0 0.05826574652449848 0.05826574652449848 0.05826574652449848 0.058265746524499215 1.5524735588980636 0.0 -5.602136157034694e-06 0.003742698886335928 0.0 0.0
0.0 -0.000768707142957934 0.0 0.6208153853979546 0.0 0.05806368513085918 0.05806368513085997 0.05806368513085997 0.05806368513107013 1.5524735588995153 0.0 -5.602139535502764e-06 0.0037426988863343137 0.0 0.0
0.0 -0.0007192152903926962 0.0 0.6222080580598159 0.0 0.05784762952775847 0.05784762952775847 0.05784762952775953 0.05784762952775952 1.5524735589009941 0.0 -5.6021418448601745e-06 0.0037426988863265877 0.0 0.0
0.0 -0.0006723251473975048 0.0 0.6234628370299738 0.0 0.05762160116397899 0.05762160116397899 0.057621601163977576 0.05762160116473881 1.5524735589022787 0.0 -5.602143412493949e-06 0.00374269888631452 0.0 0.0
0.0 -0.0006278344604523698 0.0 0.6245927035779245 0.0 0.057387121112867145 0.057387121112867145 0.057387121112867145 0.057387121112867145 1.5524735589035425 0.0 -5.602144462785689e-06 0.0037426988863021268 0.0 0.0
0.0 -0.0005855721640028546 0.0 0.6256116280185934 0.0 0.057146462162570195 0.057146462162570195 0.0571464621625702 0.05714646216257019 1.552473558904604 0.0 -5.602145152344531e-06 0.003742698886289816 0.0 0.0
0.0 -0.0005452792707184366 0.0 0.6265296169876599 0.0 0.056899390311449055 0.056899390311449055 0.05689939031238792 0.056899390311447307 1.552473558905812 0.0 -5.602145617277026e-06 0.003742698886279107 0.0 0.0
0.0 -0.0005067279811987836 0.0 0.6273576661662494 0.0 0.056646423274152306 0.0566464232741523 0.056646423274148816 0.05664642327508297 1.5524735589070429 0.0 -5.602145924227952e-06 0.003742698886269696 0.0 0.0
0.0 -0.0004696224779793065 0.0 0.6281057896845685 0.0 0.05638682697343351 0.05638682697343351 0.05638682697343351 0.05638682697343552 1.552473558908542 0.0 -5.6021461280829505e-06 0.0037426988862619857 0.0 0.0
0.0 -0.00043375039952892324 0.0 0.6287790077243709 0.0 0.05611935923829246 0.05611935923829246 0.05611935923829246 0.05611935923829246 1.5524735589104794 0.0 -5.6021462715528854e-06 0.0037426988862552957 0.0 0.0
0.0 -0.00039883849696699744 0.0 0.6293833482510068 0.0 0.055842279426652 0.05584227942665199 0.055842279426652 0.055842279426652 1.5524735589130914 0.0 -5.6021463714208355e-06 0.0037426988862497177 0.0 0.0
0.0 -0.0003647522226304218 0.0 0.6299198340387787 0.0 0.055554088915781126 0.05555408891578113 0.055554088915781126 0.055554088916559226 1.5524735589164964 0.0 -5.602146446060931e-06 0.003742698886244355 0.0 0.0
0.0 -0.0003313314830420099 0.0 0.6303875022748265 0.0 0.05525228572666097 0.05525228572666097 0.05525228572666097 0.05525228572666097 1.5524735589212657 0.0 -5.602146504373182e-06 0.0037426988862391225 0.0 0.0
0.0 -0.00029848271426330815 0.0 0.6307833858212215 0.0 0.0549346147093384 0.0549346147093384 0.05493461470933839 0.05493461470933604 1.5524735589277754 0.0 -5.602146552102412e-06 0.0037426988862335727 0.0 0.0
0.0 -0.000266280752918383 0.0 0.6310975155191226 0.0 0.05459880949030479 0.054598809490304795 0.0545988094903048 0.054598809490304795 1.5524735589366356 0.0 -5.60214659499855e-06 0.0037426988862271004 0.0 0.0
0.0 -0.00023483726587472472 0.0 0.631319914714533 0.0 0.05424310377113717 0.05424310377113717 0.05424310377113716 0.0542431037711381 1.552473558948377 0.0 -5.6021466355947315e-06 0.0037426988862202175 0.0 0.0
0.0 -0.0002044323205654491 0.0 0.6314336047325487 0.0 0.05386572002938192 0.05386572002938192 0.0538657200293827 0.05386572002938275 1.5524735589639354 0.0 -5.602146679722316e-06 0.003742698886213747 0.0 0.0
0.0 -0.00017625960617300056 0.0 0.6314194301845246 0.0 0.05347662928921091 0.05347662928921092 0.05347662928921091 0.05347662928921091 1.5524735589745031 0.0 -5.60214670794673e-06 0.003742698886210783 0.0 0.0
0.0 -0.00015137857703952977 0.0 0.6312721985008825 0.0 0.05308857544723601 0.05308857544723601 0.05308857544723642 0.05308857544749205 1.5524735589753507 0.0 -5.602146710666899e-06 0.0037426988862075726 0.0 0.0
0.0 -0.00012993804349547688 0.0 0.63099486557672 0.0 0.05270456378117925 0.05270456378117925 0.05270456378070476 0.05270456378117836 1.5524735589737226 0.0 -5.602146709746941e-06 0.0037426988861993457 0.0 0.0
0.0 -0.00011207968409806008 0.0 0.6305883979726524 0.0 0.05232684623499548 0.05232684623499547 0.05232684623431824 0.052326846234994985 1.5524735589702778 0.0 -5.602146712826688e-06 0.00374269888618672 0.0 0.0
0.0 -9.789855139776019e-05 0.0 0.6300587487026001 0.0 0.05195868291917316 0.05195868291917316 0.05195868291917156 0.05195868291831538 1.552473558964399 0.0 -5.602146725835657e-06 0.0037426988861716556 0.0 0.0
0.0 -8.745137951046566e-05 0.0 0.6294088923996751 0.0 0.05160182891100071 0.05160182891100071 0.051601828911000715 0.05160182891100071 1.552473558957542 0.0 -5.602146762671333e-06 0.0037426988861549333 0.0 0.0
0.0 -8.083886306216487e-05 0.0 0.6286437855366158 0.0 0.051259292680522366 0.05125929268052237 0.051259292680524524 0.051259292679371404 1.5524735589491765 0.0 -5.602146831063622e-06 0.0037426988861388993 0.0 0.0
0.0 -7.802714943223311e-05 0.0 0.6277694073602669 0.0 0.05093258407699409 0.05093258407699408 0.05093258407699409 0.05093258407699408 1.5524735589407164 0.0 -5.602146942249251e-06 0.0037426988861247222 0.0 0.0
0.0 -7.905040378802478e-05 0.0 0.6267927186682903 0.0 0.05062446474071866 0.050624464740718654 0.05062446474071866 0.05062446473937952 1.552473558931841 0.0 -5.602147099318492e-06 0.003742698886114614 0.0 0.0
0.0 -8.385635829546463e-05 0.0 0.6257197024550912 0.0 0.050336194482524375 0.050336194482524375 0.050336194482524375 0.050336194482524375 1.5524735589237177 0.0 -5.6021473099289754e-06 0.0037426988861085086 0.0 0.0
0.0 -9.23998757939922e-05 0.0 0.6245583310496654 0.0 0.05006978643374132 0.05006978643374131 0.05006978643374132 0.050069786432346365 1.5524735589162801 0.0 -5.602147568047314e-06 0.0037426988861078824 0.0 0.0
0.0 -0.00010455651667741302 0.0 0.6233175883123823 0.0 0.04982650521440068 0.04982650521440068 0.04982650521440068 0.049826505214404626 1.5524735589100034 0.0 -5.602147864405759e-06 0.0037426988861123845 0.0 0.0
0.0 -0.00012029242802732561 0.0 0.6220034534901415 0.0 0.04960786067250434 0.04960786067250434 0.04960786067377453 0.049607860673776906 1.5524735589048957 0.0 -5.602148202639202e-06 0.0037426988861213274 0.0 0.0
0.0 -0.00013942228283316197 0.0 0.6206259182269775 0.0 0.04941461895843873 0.04941461895843873 0.049414618958438725 0.04941461895843873 1.5524735589010776 0.0 -5.602148552644743e-06 0.0037426988861339223 0.0 0.0
0.0 -0.0001618456986126439 0.0 0.6191929660945867 0.0 0.04924804308684724 0.04924804308684725 0.04924804308684724 0.04924804308684386 1.552473558898349 0.0 -5.602148909083636e-06 0.0037426988861491506 0.0 0.0
0.0 -0.00018740140555822336 0.0 0.6177135884484607 0.0 0.04910889760308136 0.04910889760308136 0.04910889760308136 0.04910889760350711 1.5524735588965946 0.0 -5.602149249848035e-06 0.003742698886165355 0.0 0.0
0.0 -0.0002159153608648848 0.0 0.6161957838505702 0.0 0.04899744537311086 0.04899744537311086 0.04899744537311086 0.0489974453731121 1.5524735588956018 0.0 -5.602149565911406e-06 0.0037426988861808124 0.0 0.0
0.0 -0.0002471838224125671 0.0 0.6146495476925884 0.0 0.04891420250699844 0.04891420250699844 0.04891420250699844 0.04891420250699844 1.5524735588951182 0.0 -5.6021498256740315e-06 0.0037426988861944495 0.0 0.0
0.0 -0.0002810568046123758 0.0 0.613081878247951 0.0 0.04885943026601925 0.04885943026601925 0.04885943026980721 0.048859430266051794 1.5524735588949388 0.0 -5.602150040788596e-06 0.0037426988862049133 0.0 0.0
0.0 -0.0003172753201303495 0.0 0.6115027821510016 0.0 0.04883289465035003 0.04883289465035003 0.048832894650524435 0.04883289465050303 1.5524735588948992 0.0 -5.6021501741200705e-06 0.003742698886211327 0.0 0.0
0.0 -0.0003552251653132036 0.0 0.6099362738247114 0.0 0.04883413412577879 0.0488341341257788 0.048834134007785725 0.04883413400778569 1.5524735588948966 0.0 -5.602150087148098e-06 0.003742698886213292 0.0 0.0
0.0 -0.00039424668698919606 0.0 0.6084013999782183 0.0 0.04886042856838359 0.04886042856838357 0.048860428568383574 0.048860428568383574 1.5524735588948964 0.0 -5.6021498324965574e-06 0.0037426988862144773 0.0 0.0
0.0 -0.0004340820740283185 0.0 0.606898213078963 0.0 0.04890827762713639 0.0489082776271364 0.04890827762713639 0.048908277627252486 1.5524735588948915 0.0 -5.602149589557924e-06 0.0037426988862170104 0.0 0.0
0.0 -0.00047455281780294916 0.0 0.6054257540616337 0.0 0.0489749292246675 0.0489749292246675 0.0489749292246675 0.048974929224677256 1.5524735588948766 0.0 -5.602149366106231e-06 0.0037426988862201927 0.0 0.0
0.0 -0.0005156078266113854 0.0 0.6039800517521581 0.0 0.04905837664496554 0.04905837664496554 0.04905837664496554 0.049058376644965436 1.552473558894847 0.0 -5.60214918303992e-06 0.003742698886223735 0.0 0.0
0.0 -0.000557201650869156 0.0 0.6025561384352023 0.0 0.04915636153086329 0.04915636153086332 0.04915636153086333 0.04915636153086333 1.5524735588948015 0.0 -5.6021490431144395e-06 0.00374269888622728 0.0 0.0
0.0 -0.0005992775567473797 0.0 0.601151039477539 0.0 0.04926712880724756 0.04926712880724756 0.049267128809075786 0.04926712880724756 1.5524735588947407 0.0 -5.6021489283987845e-06 0.0037426988862307407 0.0 0.0
0.0 -0.0006419062272899733 0.0 0.5997587681373863 0.0 0.049389668703349085 0.049389668703349085 0.049389668703349085 0.049389668703349085 1.5524735588946617 0.0 -5.602148857236031e-06 0.0037426988862343112 0.0 0.0
0.0 -0.0006851455726337015 0.0 0.59837234487927 0.0 0.04952246976668987 0.04952246976668987 0.04952246976668987 0.04952246976668987 1.552473558894571 0.0 -5.602148833899248e-06 0.0037426988862378496 0.0 0.0
0.0 -0.0007290238035281295 0.0 0.596986786997455 0.0 0.04966427379142618 0.04966427379142469 0.04966427379142468 0.04966427379142021 1.5524735588944711 0.0 -5.602148844132552e-06 0.003742698886241348 0.0 0.0
0.0 -0.0007736781325559166 0.0 0.5955941034251606 0.0 0.049814317836041164 0.049814317836041164 0.049814317836041164 0.049814317836041164 1.5524735588943603 0.0 -5.602148909308219e-06 0.003742698886245144 0.0 0.0
0.0 -0.0008191183554013205 0.0 0.5941893152041889 0.0 0.04997109365654281 0.04997109365654281 0.04997109365654281 0.04997109365654281 1.552473558894254 0.0 -5.6021490116500945e-06 0.003742698886248803 0.0 0.0
0.0 -0.0008655482141890174 0.0 0.5927624269429649 0.0 0.05013408514215022 0.050134085142150224 0.050134085142150224 0.05013408514167946 1.5524735588941414 0.0 -5.602149192542054e-06 0.003742698886253056 0.0 0.0
0.0 -0.00091296473166743 0.0 0.5913074668896878 0.0 0.050301282369450265 0.050301282369450265 0.050301282369450265 0.050301282369913373 1.5524735588940552 0.0 -5.60214943203132e-06 0.003742698886256989 0.0 0.0
0.0 -0.0009615532348716146 0.0 0.5898144434004006 0.0 0.050471919190394884 0.050471919190394884 0.05047191919039396 0.0504719191908889 1.5524735588939782 0.0 -5.602149775507959e-06 0.0037426988862614336 0.0 0.0
0.0 -0.0010113460880844583 0.0 0.5882743913526096 0.0 0.050643480795891045 0.050643480795891045 0.05064348079588745 0.05064348079588746 1.552473558893952 0.0 -5.602150236892931e-06 0.0037426988862653172 0.0 0.0
0.0 -0.001062370013429214 0.0 0.5866793421649756 0.0 0.05081370401766554 0.050813704017665544 0.05081370401766905 0.050813704018447065 1.5524735588939753 0.0 -5.602150834488623e-06 0.0037426988862685052 0.0 0.0
0.0 -0.0011147295468562537 0.0 0.5850173298494447 0.0 0.05098006923673475 0.05098006923673475 0.05098006923673473 0.05098006923673275 1.5524735588940508 0.0 -5.602151651984967e-06 0.0037426988862708645 0.0 0.0
0.0 -0.0011683409200123288 0.0 0.583280408310072 0.0 0.05113881305840727 0.05113881305840727 0.05113881305840727 0.05113881305838982 1.5524735588941914 0.0 -5.602152698582198e-06 0.003742698886270852 0.0 0.0
0.0 -0.0012231429331449903 0.0 0.5814566452873198 0.0 0.05128516552309088 0.05128516552309088 0.051285165523110944 0.05128516552538823 1.5524735588943845 0.0 -5.602154101902056e-06 0.003742698886267558 0.0 0.0
0.0 -0.0012805591159639777 0.0 0.5794830413397242 0.0 0.051417775422394243 0.051417775422394243 0.05141777541867799 0.05141777541867799 1.5524735588945504 0.0 -5.602157022116134e-06 0.0037426988862658064 0.0 0.0
0.0 -0.0013415912525490356 0.0 0.5773126091357556 0.0 0.05153481711842438 0.051534817118424385 0.05153481711842438 0.051534817118424225 1.5524735588946867 0.0 -5.6021620428509e-06 0.0037426988862631363 0.0 0.0
0.0 -0.0014052511958416905 0.0 0.574970434581452 0.0 0.051631079911357715 0.05163107991132079 0.05163107992117509 0.05163107991149993 1.5524735588948015 0.0 -5.602167807653726e-06 0.0037426988862529005 0.0 0.0
0.0 -0.0014707150456440667 0.0 0.5724785839880369 0.0 0.051702598481077874 0.05170259848107788 0.05170259848107788 0.05170259848154804 1.5524735588948688 0.0 -5.6021741219846935e-06 0.0037426988862383614 0.0 0.0
0.0 -0.0015372043513376056 0.0 0.569864091378928 0.0 0.051747665852122954 0.05174766585212039 0.05174766585212297 0.051747665852244155 1.552473558894893 0.0 -5.602180399520047e-06 0.003742698886224481 0.0 0.0
0.0 -0.0016040752100183432 0.0 0.5671529680047891 0.0 0.05176607365695874 0.05176607365695872 0.05176607365661192 0.051766073754143944 1.5524735588948966 0.0 -5.6021862225545225e-06 0.0037426988862154314 0.0 0.0
0.0 -0.0016708423236465387 0.0 0.5643692020541533 0.0 0.05175911069290059 0.051759110739315106 0.05175911069252156 0.051759110442928545 1.5524735588948966 0.0 -5.602191275019928e-06 0.0037426988862129707 0.0 0.0
0.0 -0.0017370587131199857 0.0 0.5615397600943063 0.0 0.0517295704449867 0.05172957044498671 0.051729570444986696 0.051729570444990824 1.5524735588949006 0.0 -5.6021949847272455e-06 0.003742698886205553 0.0 0.0
0.0 -0.0018025378749771087 0.0 0.5586845879394717 0.0 0.05168148577703243 0.051681485777124586 0.05168148575252862 0.05168148575243491 1.5524735588949203 0.0 -5.602197526780343e-06 0.0037426988861916873 0.0 0.0
0.0 -0.0018670579645253924 0.0 0.5558266247705167 0.0 0.05161939416163154 0.051619394161632456 0.05161939416163246 0.051619394162058206 1.5524735588949592 0.0 -5.6021985101635885e-06 0.0037426988861766386 0.0 0.0
0.0 -0.0019305429688516046 0.0 0.5529857939158175 0.0 0.05154882853639158 0.05154882853639295 0.051548828536392956 0.05154882853681671 1.5524735588949994 0.0 -5.60219805920374e-06 0.003742698886166036 0.0 0.0
0.0 -0.001992904102193185 0.0 0.5501810259099201 0.0 0.05147482010736505 0.05147482010736505 0.05147482012084705 0.05147482010736565 1.5524735588950205 0.0 -5.6021962502586085e-06 0.0037426988861622304 0.0 0.0
0.0 -0.0020540525786556783 0.0 0.5474312512874172 0.0 0.05140240010603768 0.05140240010603768 0.051402400106037686 0.05140240010634999 1.5524735588950107 0.0 -5.602193171642949e-06 0.003742698886165982 0.0 0.0
0.0 -0.0021138571402231857 0.0 0.544756404619269 0.0 0.051336351310181785 0.05133635131018179 0.05133635131018179 0.05133635131018179 1.5524735588949765 0.0 -5.602188927402522e-06 0.0037426988861758675 0.0 0.0
0.0 -0.002172112868420699 0.0 0.542176435467983 0.0 0.05128045635548975 0.05128045635548975 0.051280456355489744 0.051280456372027744 1.5524735588949385 0.0 -5.602183771273198e-06 0.0037426988861883003 0.0 0.0
0.0 -0.002228522769409465 0.0 0.5397113121343681 0.0 0.05123724770254793 0.05123724770254796 0.05123724770250769 0.05123724770254794 1.5524735588949123 0.0 -5.6021780183800035e-06 0.0037426988861996463 0.0 0.0
0.0 -0.002282662432394385 0.0 0.5373840150273512 0.0 0.051208512484165546 0.05120851248416553 0.05120851248416554 0.05120851248534128 1.5524735588949001 0.0 -5.6021718914713706e-06 0.0037426988862079833 0.0 0.0
0.0 -0.0023340507127564297 0.0 0.5352145499252792 0.0 0.05119428277625883 0.05119428277625884 0.051194282776258836 0.051194282776258836 1.552473558894897 0.0 -5.602165930033299e-06 0.0037426988862121944 0.0 0.0
0.0 -0.002382054991752976 0.0 0.5332269350015537 0.0 0.051193846946505944 0.051193846950386035 0.05119384695038605 0.051193846951988614 1.5524735588948966 0.0 -5.6021603620714704e-06 0.003742698886213284 0.0 0.0
0.0 -0.002426004331754235 0.0 0.5314422100505745 0.0 0.051204988340082296 0.05120498834008231 0.051204988340082316 0.0512049883400823 1.5524735588948966 0.0 -5.602155615603236e-06 0.0037426988862136624 0.0 0.0
0.0 -0.0024663457119339567 0.0 0.5298334085074629 0.0 0.051224913228713864 0.05122491322871387 0.05122491322871386 0.05122491325975332 1.5524735588948966 0.0 -5.602152580932248e-06 0.0037426988862141897 0.0 0.0
0.0 -0.0025041204115560114 0.0 0.5283465672461091 0.0 0.05125003451957347 0.05125003451957348 0.051250034519573474 0.051250034519573474 1.5524735588948964 0.0 -5.60215097703739e-06 0.003742698886214484 0.0 0.0
0.0 -0.002539462666158293 0.0 0.526967723440371 0.0 0.05127757932075116 0.05127757932075116 0.051277579320780475 0.05127757933716117 1.5524735588948961 0.0 -5.6021498390073185e-06 0.0037426988862145406 0.0 0.0
0.0 -0.002572561956345672 0.0 0.5256829030279613 0.0 0.05130552489758459 0.05130552489758509 0.05130552489758459 0.05130552491114989 1.5524735588948961 0.0 -5.602149036500858e-06 0.0037426988862144022 0.0 0.0
0.0 -0.0026036870651567666 0.0 0.5244771204154736 0.0 0.051332597003081924 0.051332597003081924 0.051332597003081924 0.051332597015436694 1.5524735588948961 0.0 -5.602148481403332e-06 0.0037426988862142075 0.0 0.0
0.0 -0.002633119548571757 0.0 0.5233363828031773 0.0 0.05135802307472226 0.05135802307472226 0.05135802307472226 0.05135802308653723 1.5524735588948964 0.0 -5.602148097505923e-06 0.0037426988862140176 0.0 0.0
0.0 -0.0026611777927098403 0.0 0.5222466898964019 0.0 0.05138153062816881 0.05138153062816881 0.05138153062816881 0.051381530628146474 1.5524735588948964 0.0 -5.6021478382807205e-06 0.0037426988862138545 0.0 0.0
0.0 -0.0026881858258555624 0.0 0.5211930448595156 0.0 0.05140259552904383 0.051402595529043825 0.05140259552904383 0.05140259552902065 1.5524735588948966 0.0 -5.602147676635841e-06 0.0037426988862137123 0.0 0.0
0.0 -0.0027144563919654164 0.0 0.5201624439391275 0.0 0.05142119693085523 0.05142119693080432 0.05142119694441807 0.05142119693085474 1.5524735588948966 0.0 -5.602147583198316e-06 0.003742698886213609 0.0 0.0
0.0 -0.002740313519308045 0.0 0.5191398902997887 0.0 0.0514368107151487 0.051436810715148704 0.051436810715148704 0.05143681071517904 1.5524735588948966 0.0 -5.602147555853881e-06 0.003742698886213508 0.0 0.0
0.0 -0.002766069951846684 0.0 0.5181123801882432 0.0 0.051449416025468486 0.05144941602546638 0.05144941602546638 0.051449416026556644 1.5524735588948966 0.0 -5.602147582888234e-06 0.003742698886213437 0.0 0.0
0.0 -0.002792012887695173 0.0 0.5170649242643156 0.0 0.05145798866261383 0.0514579886626138 0.05145798866126055 0.0514579886613245 1.5524735588948966 0.0 -5.602147676673987e-06 0.0037426988862133614 0.0 0.0
0.0 -0.0028184182406588067 0.0 0.515984526270015 0.0 0.051462007702294525 0.05146200770229453 0.05146200770229452 0.051462007702282986 1.5524735588948966 0.0 -5.602147840360953e-06 0.0037426988862133063 0.0 0.0
0.0 -0.002845530736535653 0.0 0.5148572009015419 0.0 0.051460200469003826 0.05146020046900379 0.051460200438597226 0.051460200657603705 1.5524735588948966 0.0 -5.602148099415383e-06 0.0037426988862132846 0.0 0.0
0.0 -0.0028735342137442004 0.0 0.5136699706389637 0.0 0.051450795963401644 0.051450795963401644 0.05145079596340503 0.05145079599234052 1.5524735588948968 0.0 -5.60214848098012e-06 0.003742698886213132 0.0 0.0
0.0 -0.0029025629076146284 0.0 0.5124088726641628 0.0 0.05143102122402583 0.051431021224025826 0.05143102122402675 0.05143102122405144 1.5524735588948975 0.0 -5.6021490400008785e-06 0.0037426988862124945 0.0 0.0
0.0 -0.0029326364094831667 0.0 0.5110639490612491 0.0 0.05139785978068571 0.05139785978068571 0.05139785978068571 0.05139785978068571 1.5524735588949017 0.0 -5.602149810331873e-06 0.0037426988862107337 0.0 0.0
0.0 -0.002963687877451787 0.0 0.509624264111505 0.0 0.05134679332150578 0.05134679332143145 0.05134679332642602 0.05134679332148707 1.5524735588949243 0.0 -5.602150880956309e-06 0.0037426988862062577 0.0 0.0
0.0 -0.002995425335179112 0.0 0.5080829094837725 0.0 0.05127155968245863 0.05127155968245863 0.051271559682458626 0.05127155968247006 1.552473558895026 0.0 -5.602152304261526e-06 0.0037426988861956703 0.0 0.0
0.0 -0.0030274350315743033 0.0 0.5064349924147473 0.0 0.051164899748795116 0.051164899748795144 0.05116489974880989 0.051164899748788684 1.5524735588954184 0.0 -5.602154152341833e-06 0.003742698886172536 0.0 0.0
0.0 -0.0030589931365567697 0.0 0.5046816556008192 0.0 0.051017313693191825 0.05101731369319182 0.051017313693191825 0.051017313693846156 1.5524735588968162 0.0 -5.602156403798457e-06 0.0037426988861243835 0.0 0.0
0.0 -0.003089180697581109 0.0 0.5028390123381971 0.0 0.0508215760822521 0.0508215760822521 0.0508215760822521 0.0508215760822521 1.5524735589008802 0.0 -5.602158715303534e-06 0.003742698886039345 0.0 0.0
0.0 -0.0031170223407727383 0.0 0.5009331413338082 0.0 0.0505729778970825 0.050572977897085473 0.050572977897085473 0.05057297789629032 1.5524735589106335 0.0 -5.602160657751982e-06 0.003742698885910816 0.0 0.0
0.0 -0.0031414408215309016 0.0 0.49899511899102494 0.0 0.05026706817877061 0.05026706817877061 0.0502670681787706 0.05026706817877062 1.552473558931488 0.0 -5.60216186602775e-06 0.003742698885735553 0.0 0.0
0.0 -0.0031615246311822963 0.0 0.49705598798652006 0.0 0.04990164631252971 0.04990164631252566 0.04990164631252972 0.04990164631252972 1.5524735589707133 0.0 -5.602162191609521e-06 0.0037426988855240513 0.0 0.0
0.0 -0.0031763325621838624 0.0 0.4951487878278216 0.0 0.04947476493496039 0.0494747649349604 0.0494747649349604 0.049474764933025085 1.5524735590390977 0.0 -5.6021615611795245e-06 0.0037426988852930654 0.0 0.0
0.0 -0.003185179729302045 0.0 0.49330351968254743 0.0 0.048986972246541194 0.04898697224654514 0.048986972246545135 0.04898697224654514 1.5524735591469514 0.0 -5.602160199943188e-06 0.0037426988850738836 0.0 0.0
0.0 -0.0031873940206080323 0.0 0.49155117751206845 0.0 0.048439318135055205 0.048439318135055205 0.048439318135055205 0.04843931813285391 1.552473559307079 0.0 -5.602158336304091e-06 0.003742698884898787 0.0 0.0
0.0 -0.0031825822147758492 0.0 0.48991573077343703 0.0 0.047834341479552615 0.047834341479552615 0.04783434147955261 0.0478343414795526 1.5524735595291363 0.0 -5.602156451605052e-06 0.003742698884792407 0.0 0.0
0.0 -0.003170472864785159 0.0 0.4884191333542197 0.0 0.04717557810105782 0.04717557810105782 0.04717557810105781 0.0471755781010495 1.5524735598199702 0.0 -5.602154846875805e-06 0.0037426988847748047 0.0 0.0
0.0 -0.0031509941114677012 0.0 0.4870773261673107 0.0 0.04646730430230489 0.04646730430231237 0.04646730430230556 0.04646730430230486 1.552473560182315 0.0 -5.602153797796195e-06 0.003742698884845673 0.0 0.0
0.0 -0.0031242977409804843 0.0 0.485899236860529 0.0 0.045714535261155216 0.0457145352611552 0.04571453526297564 0.04571453526296883 1.5524735606122912 0.0 -5.602153424634264e-06 0.003742698884989078 0.0 0.0
0.0 -0.003090570881500603 0.0 0.4848907997094981 0.0 0.04492178128325321 0.04492178128325321 0.04492178128325321 0.04492178128325321 1.5524735611113791 0.0 -5.602153706318034e-06 0.0037426988851827483 0.0 0.0
0.0 -0.003050290833611826 0.0 0.4840489314005006 0.0 0.0440945383511762 0.0440945383511762 0.044094538351173454 0.04409453835117621 1.5524735616622116 0.0 -5.602154537104693e-06 0.0037426988853930757 0.0 0.0
0.0 -0.0030039687552891187 0.0 0.483364569373627 0.0 0.04323679265571132 0.04323679265571133 0.04323679265457377 0.04323679265571133 1.5524735622740107 0.0 -5.6021558205228656e-06 0.0037426988855891125 0.0 0.0
0.0 -0.0029522913311008205 0.0 0.4828236383812118 0.0 0.04235327242337057 0.04235327242337057 0.04235327242336944 0.042353272422455186 1.5524735629263777 0.0 -5.602157389497083e-06 0.0037426988857532754 0.0 0.0
0.0 -0.002896003161206868 0.0 0.48240508364242113 0.0 0.04144719450070017 0.041447194500700175 0.041447194500700175 0.04144719450141439 1.5524735636350182 0.0 -5.602159205276055e-06 0.0037426988858716885 0.0 0.0
0.0 -0.002835921014154139 0.0 0.48208484950874697 0.0 0.040521770882330256 0.040521770882330256 0.040521770882330256 0.040521770882878005 1.552473564393943 0.0 -5.60216119974536e-06 0.00374269888594706 0.0 0.0
0.0 -0.002772969173210697 0.0 0.4818328860958204 0.0 0.03957970388676573 0.039579703886765745 0.03957970388676574 0.03957970388676735 1.5524735652085573 0.0 -5.602163362216004e-06 0.0037426988859840357 0.0 0.0
0.0 -0.0027081129075753763 0.0 0.4816151536071733 0.0 0.03862293932903117 0.03862293932903117 0.03862293932903117 0.03862293932940074 1.5524735660961422 0.0 -5.602165727270703e-06 0.003742698885990283 0.0 0.0
