0.0 0.0026874454631707237 0.0 0.6320370494853544 0.0 0.0146050732325466 0.014605073232574733 0.014605073220872988 0.01460507319889157 1.552473559811617 0.0 -5.602148943129687e-06 0.003742698886209356 0.0 0.0
0.0 0.0026336477246782157 0.0 0.632041032177921 0.0 0.015340456207252141 0.015340456207252141 0.015340456207252147 0.015340456207252138 1.55247355879148 0.0 -5.6021462191957715e-06 0.003742698886204611 0.0 0.0
0.0 0.002580562385685907 0.0 0.6320441645061663 0.0 0.01606583808529016 0.016065838085290152 0.01606583808529015 0.016065838085290145 1.552473558795091 0.0 -5.602146228837888e-06 0.0037426988862049914 0.0 0.0
0.0 0.0025282632528150317 0.0 0.6320464614389957 0.0 0.016780216701160786 0.016780216701160783 0.01678021670116079 0.016780216701160793 1.5524735587992 0.0 -5.602146239810665e-06 0.0037426988862053864 0.0 0.0
0.0 0.0024767687411748848 0.0 0.6320479267239862 0.0 0.017483342016276264 0.017483342016276254 0.01748334201627626 0.01748334201627626 1.5524735588033722 0.0 -5.6021462509527486e-06 0.003742698886205798 0.0 0.0
0.0 0.0024260916237356113 0.0 0.6320475675675843 0.0 0.018174712351867937 0.01817471235186792 0.018174712351867912 0.018174712351867916 1.55247355880772 0.0 -5.602146262567764e-06 0.003742698886206166 0.0 0.0
0.0 0.0023762503154904067 0.0 0.6320453877173592 0.0 0.018854077669946318 0.01885407766994632 0.01885407766994631 0.018854077669946314 1.552473558812096 0.0 -5.602146274251168e-06 0.00374269888620653 0.0 0.0
0.0 0.0023273000617341786 0.0 0.6320413984159569 0.0 0.0195206878577652 0.01952068785776517 0.01952068785778571 0.019520687857785712 1.5524735588167184 0.0 -5.60214628659696e-06 0.003742698886206976 0.0 0.0
0.0 0.002279301749859397 0.0 0.6320366074473431 0.0 0.02017404444314661 0.020174044443146615 0.020174044443168337 0.020174044443168355 1.5524735588214322 0.0 -5.602146299185823e-06 0.0037426988862073783 0.0 0.0
0.0 0.0022322256804655485 0.0 0.6320290179817046 0.0 0.020813894181024622 0.02081389418102462 0.020813894180997963 0.020813894181024594 1.5524735588261014 0.0 -5.602146311652716e-06 0.0037426988862078055 0.0 0.0
0.0 0.00218610868375642 0.0 0.6320186375139741 0.0 0.021439736996094184 0.021439736996094177 0.021439736996094177 0.021439736996094208 1.55247355883081 0.0 -5.602146324226257e-06 0.003742698886208241 0.0 0.0
0.0 0.002141035704253317 0.0 0.6320074741169468 0.0 0.02205107601999232 0.02205107601999232 0.02205107601992699 0.022051076019992285 1.5524735588355256 0.0 -5.602146336820589e-06 0.00374269888620863 0.0 0.0
0.0 0.0020969954577420595 0.0 0.6319935347082843 0.0 0.02264740797006105 0.02264740797006105 0.022647407970061047 0.02264740797006105 1.5524735588402194 0.0 -5.6021463493527795e-06 0.0037426988862090094 0.0 0.0
0.0 0.0020540672466597787 0.0 0.6319778308193907 0.0 0.02322798433686344 0.023227984336863426 0.023227984336863357 0.02322798433686336 1.552473558844943 0.0 -5.602146361967396e-06 0.0037426988862094266 0.0 0.0
0.0 0.0020122510710274977 0.0 0.6319603624502855 0.0 0.023792805119806325 0.023792805119806318 0.023792805119763026 0.02379280511980632 1.552473558849409 0.0 -5.6021463738930045e-06 0.0037426988862097905 0.0 0.0
0.0 0.0019715837610052864 0.0 0.6319411370961122 0.0 0.024341370243736175 0.02434137024373616 0.024341370243736168 0.024341370243736168 1.5524735588537688 0.0 -5.60214638553523e-06 0.0037426988862101804 0.0 0.0
0.0 0.0019320965045586983 0.0 0.6319191657108973 0.0 0.02487292799203367 0.02487292799203368 0.02487292799208445 0.024872927992084442 1.5524735588580638 0.0 -5.602146397003343e-06 0.0037426988862105273 0.0 0.0
0.0 0.0018938742463281118 0.0 0.6318964563671771 0.0 0.025386981496214014 0.02538698149621402 0.02538698149621402 0.025386981496214017 1.5524735588621845 0.0 -5.602146408008706e-06 0.0037426988862108547 0.0 0.0
0.0 0.0018568929291010124 0.0 0.6318720087762819 0.0 0.025883529152352414 0.025883529152352414 0.025883529152352414 0.025883529152352414 1.552473558865992 0.0 -5.602146418173632e-06 0.0037426988862111696 0.0 0.0
0.0 0.0018212262131679412 0.0 0.6318458379284542 0.0 0.026361570810060207 0.026361570810060315 0.026361570810060308 0.02636157081006031 1.5524735588697045 0.0 -5.602146428089263e-06 0.0037426988862114675 0.0 0.0
0.0 0.0017874137777759958 0.0 0.631819049044576 0.0 0.02681410701884436 0.026814107018844357 0.026814107018844357 0.026814107018786306 1.5524735588743792 0.0 -5.60214644057336e-06 0.0037426988862117967 0.0 0.0
0.0 0.0017558536239765618 0.0 0.6317937139058969 0.0 0.027236390267334886 0.0272363902673349 0.027236390267334896 0.027236390267334893 1.5524735588791294 0.0 -5.602146453259422e-06 0.0037426988862121644 0.0 0.0
0.0 0.0017262270535031241 0.0 0.6317687722625209 0.0 0.027632419552785593 0.027632419552785597 0.027632419552785597 0.027632419552839148 1.5524735588825456 0.0 -5.6021464623826246e-06 0.003742698886212424 0.0 0.0
0.0 0.0016983427847215655 0.0 0.6317461759733934 0.0 0.028005448573473906 0.028005448573473736 0.028005448573473726 0.02800544857347373 1.5524735588850591 0.0 -5.602146469095385e-06 0.0037426988862125803 0.0 0.0
0.0 0.0016718580619152483 0.0 0.631723864499921 0.0 0.02835947472608816 0.028359474726088168 0.028359474726088164 0.028359474726088164 1.5524735588868261 0.0 -5.602146473814723e-06 0.003742698886212715 0.0 0.0
0.0 0.0016465872456774507 0.0 0.6317047862421811 0.0 0.02869800334978378 0.02869800334978386 0.028698003349742127 0.02869800334978386 1.5524735588880776 0.0 -5.602146477156948e-06 0.0037426988862128015 0.0 0.0
0.0 0.001622224410445417 0.0 0.6316868881567084 0.0 0.02902453176574789 0.029024531765747902 0.029024531765747895 0.02902453176570855 1.5524735588889342 0.0 -5.602146479444642e-06 0.003742698886212854 0.0 0.0
0.0 0.0015984749149615006 0.0 0.6316701102823072 0.0 0.029343060577581685 0.029343060577581695 0.02934306057758169 0.02934306057758169 1.5524735588894443 0.0 -5.6021464808072065e-06 0.003742698886212899 0.0 0.0
0.0 0.0015751050053603253 0.0 0.6316554004416481 0.0 0.02965709191707112 0.02965709191707111 0.029657091917071117 0.029657091917071117 1.5524735588896967 0.0 -5.602146481481354e-06 0.0037426988862129086 0.0 0.0
0.0 0.0015518384554799238 0.0 0.6316427024211271 0.0 0.029970376350001184 0.02997037635000118 0.029970376350001177 0.02997037635000118 1.5524735588896974 0.0 -5.602146481483799e-06 0.003742698886212914 0.0 0.0
0.0 0.001528417454243895 0.0 0.6316319637546937 0.0 0.030286414404464054 0.030286414404464064 0.030286414404464054 0.030286414404464057 1.5524735588894618 0.0 -5.602146480854512e-06 0.003742698886212896 0.0 0.0
0.0 0.001504565775478521 0.0 0.6316231282287214 0.0 0.030608956646129726 0.03060895664612972 0.030608956646129726 0.030608956646152374 1.5524735588889447 0.0 -5.602146479473583e-06 0.003742698886212858 0.0 0.0
0.0 0.001480031250273932 0.0 0.631617139918301 0.0 0.030941755244231796 0.0309417552442318 0.030941755244231796 0.030941755244231796 1.5524735588880858 0.0 -5.602146477180422e-06 0.0037426988862127894 0.0 0.0
0.0 0.0014545560675560704 0.0 0.6316139463573963 0.0 0.03128831072665914 0.03128831072665915 0.03128831072665915 0.03128831072665917 1.5524735588868082 0.0 -5.602146473768741e-06 0.0037426988862126914 0.0 0.0
0.0 0.001427912115622261 0.0 0.6316154919097919 0.0 0.03165237686594712 0.03165237686594712 0.03165237686594713 0.03165237686594712 1.5524735588849434 0.0 -5.60214646878951e-06 0.0037426988862125595 0.0 0.0
0.0 0.0013998175262147298 0.0 0.6316207238207182 0.0 0.03203745258624677 0.032037452586246774 0.03203745258624677 0.03203745258624885 1.5524735588823035 0.0 -5.602146461740133e-06 0.0037426988862123726 0.0 0.0
0.0 0.0013700738870364724 0.0 0.6316335832837935 0.0 0.03244754490449559 0.0324475449044956 0.0324475449044956 0.0324475449044956 1.5524735588785117 0.0 -5.602146451612563e-06 0.0037426988862120825 0.0 0.0
0.0 0.0013384658593616886 0.0 0.6316550218692965 0.0 0.03288590591392117 0.03288590591392111 0.03288590591392112 0.03288590591392111 1.5524735588732415 0.0 -5.6021464375358795e-06 0.0037426988862116688 0.0 0.0
0.0 0.0013047469165110698 0.0 0.631686980193411 0.0 0.03335653942366546 0.03335653942366546 0.033356539423665454 0.03335653942366536 1.5524735588657452 0.0 -5.602146417508159e-06 0.003742698886211059 0.0 0.0
0.0 0.0012687738914743064 0.0 0.6317334106924076 0.0 0.033862702336896845 0.033862702336896845 0.03386270233689684 0.03386270233689683 1.55247355885534 0.0 -5.602146389696516e-06 0.003742698886210089 0.0 0.0
0.0 0.001228511019410266 0.0 0.6318018622191889 0.0 0.03443466202124871 0.03443466202124871 0.03443466202124871 0.03443466202124852 1.5524735588294305 0.0 -5.602146320423312e-06 0.003742698886207556 0.0 0.0
0.0 0.0011825670629917173 0.0 0.6319000147917544 0.0 0.03509393452796872 0.03509393452796872 0.03509393452796871 0.0350939345281324 1.5524735587773721 0.0 -5.602146181141579e-06 0.0037426988862019643 0.0 0.0
0.0 0.0011316658511845395 0.0 0.6320290111068996 0.0 0.035831020043916986 0.03583102004391699 0.035831020043916986 0.035831020043916646 1.5524735587075962 0.0 -5.602145994249477e-06 0.0037426988861935864 0.0 0.0
0.0 0.0010764887416657867 0.0 0.6321889898247511 0.0 0.03663666717604719 0.036636667176047195 0.03663666717604719 0.03663666717631546 1.5524735586214806 0.0 -5.602145763299722e-06 0.003742698886182094 0.0 0.0
0.0 0.0010176265051491293 0.0 0.6323770849920729 0.0 0.03750186976198051 0.03750186976198051 0.0375018697619805 0.03750186976198051 1.5524735585220195 0.0 -5.60214549624276e-06 0.003742698886167766 0.0 0.0
0.0 0.0009555255687532208 0.0 0.6325844289232626 0.0 0.03841761202104769 0.03841761202104769 0.03841761202139553 0.038417612021047036 1.55247355841404 0.0 -5.602145206430954e-06 0.0037426988861530746 0.0 0.0
0.0 0.0008906691893779118 0.0 0.632802161428294 0.0 0.03937437810284092 0.03937437810284092 0.039374378102840536 0.03937437810284054 1.5524735583048963 0.0 -5.60214491390297e-06 0.0037426988861401604 0.0 0.0
0.0 0.0008234075649448482 0.0 0.6330174136658824 0.0 0.04036314581534919 0.04036314581535036 0.04036314581498803 0.040363145814989385 1.5524735582007079 0.0 -5.6021446355861285e-06 0.003742698886131896 0.0 0.0
0.0 0.0007540300060634699 0.0 0.6332163090127244 0.0 0.04137539143717986 0.04137539143717986 0.041375391437179866 0.04137539143718001 1.5524735581071805 0.0 -5.602144386806478e-06 0.0037426988861296957 0.0 0.0
0.0 0.0006828513688848462 0.0 0.6333829852571216 0.0 0.04240158789838874 0.04240158789838874 0.04240158789838874 0.042401587898110514 1.5524735580342415 0.0 -5.602144193740106e-06 0.0037426988861343356 0.0 0.0
0.0 0.000610192151794342 0.0 0.6335025767291301 0.0 0.04343245976068813 0.04343245976068813 0.04343245976068814 0.0434324597606885 1.5524735579874154 0.0 -5.602144070338839e-06 0.0037426988861429876 0.0 0.0
0.0 0.000536426610528156 0.0 0.6335632148769302 0.0 0.04445898643109291 0.04445898643109292 0.044458986431092924 0.04445898643109326 1.5524735579703839 0.0 -5.602144025848299e-06 0.0037426988861514426 0.0 0.0
0.0 0.00046194177349968883 0.0 0.6335520383552459 0.0 0.045471645638384496 0.045471645638384524 0.04547164563838445 0.045471645638384434 1.552473557987334 0.0 -5.602144071396803e-06 0.003742698886156034 0.0 0.0
0.0 0.0003872930702804121 0.0 0.6334631878397949 0.0 0.04646092632738139 0.046460926327381406 0.0464609263273814 0.04646092632756175 1.5524735580380067 0.0 -5.602144206421296e-06 0.0037426988861652337 0.0 0.0
0.0 0.0003130968179253126 0.0 0.6332918117898264 0.0 0.04741681896871007 0.04741681896871006 0.04741681896871006 0.04741681896871006 1.5524735581208007 0.0 -5.602144427195821e-06 0.003742698886183873 0.0 0.0
0.0 0.00024010654740114326 0.0 0.6330410497317314 0.0 0.04833007696004018 0.048330076960040186 0.04833007696004018 0.04833007696003825 1.552473558226924 0.0 -5.602144711271982e-06 0.003742698886208244 0.0 0.0
0.0 0.00016918479085498362 0.0 0.6327170495528619 0.0 0.049190958437551224 0.049190958437551224 0.04919095843755122 0.04919095843755089 1.5524735583492062 0.0 -5.602145040725789e-06 0.0037426988862335293 0.0 0.0
0.0 0.00010139218133713583 0.0 0.6323349579912771 0.0 0.049989985999529134 0.04998998599952913 0.04998998599885359 0.04998998599952913 1.5524735584765006 0.0 -5.602145385739707e-06 0.0037426988862525727 0.0 0.0
0.0 3.783746607498404e-05 0.0 0.6319119223628258 0.0 0.05071768545059531 0.050717685450595296 0.050717685452066556 0.05071768545206656 1.5524735585980567 0.0 -5.6021457162184036e-06 0.0037426988862615702 0.0 0.0
0.0 -2.0281509482029645e-05 0.0 0.6314710804725246 0.0 0.05136534233403612 0.05136534233403611 0.05136534233403552 0.05136534233403612 1.5524735587032572 0.0 -5.602146000900608e-06 0.0037426988862591147 0.0 0.0
0.0 -7.404707770469772e-05 0.0 0.6310161936297566 0.0 0.05194896542307077 0.05194896542307222 0.051948965423072216 0.051948965423071584 1.5524735587652618 0.0 -5.602146169755374e-06 0.0037426988862554983 0.0 0.0
0.0 -0.00012562477607965447 0.0 0.6305318902419438 0.0 0.05249303438255128 0.0524930343825513 0.0524930343825513 0.05249303438254828 1.552473558794716 0.0 -5.6021462552040865e-06 0.003742698886256845 0.0 0.0
0.0 -0.00017532617573795634 0.0 0.6300151207250695 0.0 0.05300079494233796 0.05300079494233795 0.053000794942337955 0.053000794942337955 1.55247355881724 0.0 -5.602146324411437e-06 0.0037426988862581485 0.0 0.0
0.0 -0.00022342750309538713 0.0 0.6294658288655082 0.0 0.053475997670683076 0.053475997670683076 0.05347599767068307 0.053475997670683076 1.5524735588341014 0.0 -5.6021463804209095e-06 0.003742698886258929 0.0 0.0
0.0 -0.00027025309893451664 0.0 0.628881957872325 0.0 0.05392238992916188 0.05392238992916189 0.053922389929161194 0.05392238992824462 1.5524735588466445 0.0 -5.602146427944668e-06 0.003742698886259848 0.0 0.0
0.0 -0.0003160848317173448 0.0 0.628262454990675 0.0 0.05434347064377676 0.05434347064377677 0.054343470643776766 0.05434347064377499 1.5524735588559964 0.0 -5.602146470265377e-06 0.0037426988862607918 0.0 0.0
0.0 -0.0003612286271055801 0.0 0.6276052671772491 0.0 0.054742737137445395 0.054742737137445395 0.05474273713744412 0.05474273713842572 1.5524735588629095 0.0 -5.602146510678306e-06 0.003742698886262101 0.0 0.0
0.0 -0.0004059960528346828 0.0 0.6269073448474208 0.0 0.05512343509160848 0.05512343509160849 0.05512343509160848 0.05512343509161038 1.552473558868023 0.0 -5.602146552761333e-06 0.003742698886264004 0.0 0.0
0.0 -0.00045079490558358937 0.0 0.6261616372619222 0.0 0.05548880377187166 0.05548880377187166 0.055488803771871646 0.05548880377187328 1.5524735588717378 0.0 -5.602146603064699e-06 0.003742698886267219 0.0 0.0
0.0 -0.0004959905097126506 0.0 0.6253620977175198 0.0 0.05584183401024079 0.05584183401024079 0.05584183401024078 0.05584183401132744 1.5524735588744052 0.0 -5.602146666155366e-06 0.0037426988862717643 0.0 0.0
0.0 -0.0005419651160104079 0.0 0.6244996898879236 0.0 0.05618476171609248 0.05618476171609669 0.056184761716094586 0.056184761714969264 1.5524735588763834 0.0 -5.602146753029224e-06 0.0037426988862780974 0.0 0.0
0.0 -0.0005891490896825048 0.0 0.6235633768692689 0.0 0.05651981958818633 0.05651981958818634 0.05651981958818634 0.05651981958934931 1.552473558877783 0.0 -5.6021468788576455e-06 0.003742698886286841 0.0 0.0
0.0 -0.0006379713073347709 0.0 0.6225391358820265 0.0 0.056848235367716264 0.05684823536771626 0.05684823536771627 0.05684823536891694 1.5524735588788774 0.0 -5.602147070742714e-06 0.0037426988862985476 0.0 0.0
0.0 -0.000688829457595909 0.0 0.6214119551007798 0.0 0.05717048507705444 0.05717048507705445 0.057170485077054446 0.057170485077054446 1.5524735588798406 0.0 -5.602147367212307e-06 0.003742698886313519 0.0 0.0
0.0 -0.0007421622126833655 0.0 0.6201628327883264 0.0 0.05748628821052022 0.05748628821052023 0.05748628821052023 0.05748628821176174 1.5524735588808187 0.0 -5.602147841735253e-06 0.003742698886332425 0.0 0.0
0.0 -0.0007982977544112432 0.0 0.6187727896930005 0.0 0.05779386403846155 0.057793864038461554 0.057793864038465884 0.057793864038465884 1.5524735588820568 0.0 -5.602148597183376e-06 0.003742698886354339 0.0 0.0
0.0 -0.0008575131728692596 0.0 0.6172188753897838 0.0 0.05808942511315856 0.05808942511315855 0.0580894251131591 0.058089425113161175 1.5524735588838017 0.0 -5.602149824893456e-06 0.0037426988863773244 0.0 0.0
0.0 -0.0009199566525403023 0.0 0.6154781656872194 0.0 0.058367433723687495 0.058367433723687495 0.058367433723687495 0.058367433723687495 1.552473558886098 0.0 -5.602151801507877e-06 0.0037426988863968535 0.0 0.0
0.0 -0.0009855256975705804 0.0 0.6135297781955559 0.0 0.058619604950776 0.05861960495077599 0.05861960495077735 0.05861960495077372 1.5524735588888663 0.0 -5.602154914134274e-06 0.003742698886404078 0.0 0.0
0.0 -0.001053878415984704 0.0 0.6113528792449596 0.0 0.05883440338394934 0.05883440338394934 0.05883440338394934 0.05883440338466656 1.552473558891687 0.0 -5.602159750871048e-06 0.0037426988863876304 0.0 0.0
0.0 -0.0011233607404615847 0.0 0.6089667179094914 0.0 0.05899560703723139 0.0589956070372314 0.05899560703726043 0.05899560704039576 1.5524735588938712 0.0 -5.602165834869396e-06 0.003742698886332489 0.0 0.0
0.0 -0.0011919340004719306 0.0 0.606419487920534 0.0 0.05909129107080808 0.0590912910708084 0.05909129107080808 0.0590912910708084 1.5524735588947711 0.0 -5.6021718926901705e-06 0.0037426988862618578 0.0 0.0
0.0 -0.0012583792721618484 0.0 0.6037412991236388 0.0 0.059114752571401086 0.059114752571401086 0.05911475257140108 0.0591147525713014 1.5524735588948966 0.0 -5.6021779023286615e-06 0.0037426988862167255 0.0 0.0
0.0 -0.0013213588343512672 0.0 0.6009702486765408 0.0 0.059060301613331964 0.05906030161333197 0.05906030161329234 0.05906030159277317 1.552473558894922 0.0 -5.602182944262523e-06 0.003742698886191873 0.0 0.0
0.0 -0.0013797304009521298 0.0 0.5981424031826912 0.0 0.058924245343510574 0.05892424534351056 0.058924245349036675 0.05892424534352092 1.5524735588958045 0.0 -5.6021865563338126e-06 0.0037426988860707697 0.0 0.0
0.0 -0.0014323659478037546 0.0 0.595297807913357 0.0 0.05870439759071435 0.05870439759071438 0.058704397590714344 0.05870439759071438 1.5524735589010794 0.0 -5.60218810067374e-06 0.003742698885832655 0.0 0.0
0.0 -0.0014783272440018578 0.0 0.5924754741270712 0.0 0.05840082089723678 0.05840082089723841 0.05840082089723759 0.058400820897233495 1.5524735589175847 0.0 -5.602187437276309e-06 0.0037426988854919016 0.0 0.0
0.0 -0.0015168403061116302 0.0 0.5897113934811765 0.0 0.05801482319932137 0.058014823199321386 0.0580148231993214 0.05801482320082327 1.5524735589550682 0.0 -5.60218481456644e-06 0.00374269888508306 0.0 0.0
0.0 -0.0015473138130855308 0.0 0.5870385342833291 0.0 0.05754920785191041 0.05754920785191042 0.057549207851910415 0.057549207851914495 1.552473559024747 0.0 -5.602180697842303e-06 0.003742698884657612 0.0 0.0
0.0 -0.0015694721645890147 0.0 0.5844828328418451 0.0 0.057008767281987754 0.05700876728198777 0.05700876728198776 0.05700876727944649 1.552473559136149 0.0 -5.602175853754671e-06 0.003742698884272207 0.0 0.0
0.0 -0.0015831119322610708 0.0 0.5820672245973565 0.0 0.05639828910442123 0.056398289104421226 0.0563982891044375 0.0563982891044375 1.5524735592986285 0.0 -5.602170825846925e-06 0.0037426988839683937 0.0 0.0
0.0 -0.0015883807492345558 0.0 0.5798046196192108 0.0 0.05572404511541926 0.05572404511539374 0.055724045115414025 0.055724045115408787 1.55247355951483 0.0 -5.602166308808522e-06 0.00374269888377183 0.0 0.0
0.0 -0.0015855465347100171 0.0 0.5777029265297463 0.0 0.054992299087613834 0.05499229908761381 0.054992299087610795 0.05499229908761381 1.552473559785798 0.0 -5.602162589237543e-06 0.003742698883687607 0.0 0.0
0.0 -0.0015751361944789776 0.0 0.5757600473165069 0.0 0.05420954878692326 0.05420954878692326 0.05420954878692321 0.054209548786901304 1.5524735601075923 0.0 -5.602159896740709e-06 0.003742698883695004 0.0 0.0
0.0 -0.001557760090555461 0.0 0.5739688900161511 0.0 0.05338178388679478 0.05338178388679477 0.05338178388680496 0.05338178388940228 1.5524735604769462 0.0 -5.602158171148772e-06 0.003742698883768064 0.0 0.0
0.0 -0.0015342691564895136 0.0 0.5723123597786561 0.0 0.05251497801779925 0.05251497801779926 0.05251497801779927 0.05251497801778157 1.5524735608855185 0.0 -5.602157345123424e-06 0.003742698883866386 0.0 0.0
0.0 -0.0015055977822014377 0.0 0.5707683678044561 0.0 0.05161459671827927 0.05161459671827926 0.05161459671827926 0.05161459671591736 1.552473561327115 0.0 -5.602157230787027e-06 0.003742698883959184 0.0 0.0
0.0 -0.001472811927781842 0.0 0.569307830768059 0.0 0.050685594228088604 0.05068559422808859 0.05068559422581733 0.0506855942280886 1.5524735617960008 0.0 -5.602157687748533e-06 0.0037426988840112236 0.0 0.0
0.0 -0.0014371218961260104 0.0 0.5678956636124387 0.0 0.049732915153884186 0.04973291515388419 0.04973291515387762 0.0497329151561036 1.552473562280335 0.0 -5.602158586474186e-06 0.0037426988839939722 0.0 0.0
0.0 -0.0013998511469531692 0.0 0.5664897905028976 0.0 0.04876074278735857 0.048760742787358556 0.04876074278735857 0.04876074278514421 1.5524735627780677 0.0 -5.6021598927809975e-06 0.003742698883868959 0.0 0.0
0.0 -0.0013598422252770988 0.0 0.5649600505847041 0.0 0.04771036060018211 0.04771036060019118 0.047710360600191175 0.047710360597767495 1.5524735644973608 0.0 -5.602165730780338e-06 0.003742698882908733 0.0 0.0
0.0 -0.0013155901690326077 0.0 0.5632181602038816 0.0 0.04653212015746484 0.04653212015746484 0.046532120157464836 0.04653212015746484 1.552473568331158 0.0 -5.602178928961757e-06 0.003742698880714409 0.0 0.0
0.0 -0.0012679933453399693 0.0 0.5612808581664845 0.0 0.04524379965008351 0.04524379965008351 0.04524379965008351 0.04524379965008349 1.5524735733864283 0.0 -5.6021963508253565e-06 0.0037426988778874798 0.0 0.0
0.0 -0.0012180238963855907 0.0 0.5591648683101672 0.0 0.04386417896853925 0.04386417896853925 0.04386417897185197 0.04386417897184572 1.5524735795628137 0.0 -5.60221770903461e-06 0.0037426988745111536 0.0 0.0
0.0 -0.0011665265414973567 0.0 0.5568899265783 0.0 0.042411292609061756 0.04241129260906176 0.04241129260906176 0.04241129260903769 1.552473586709409 0.0 -5.602242394370535e-06 0.0037426988707469646 0.0 0.0
0.0 -0.0011144073222006344 0.0 0.554473763625759 0.0 0.04090335183763422 0.04090335183763422 0.040903351837634216 0.040903351837627194 1.5524735588949574 0.0 -5.602146495529773e-06 0.0037426988862132825 0.0 0.0
0.0 -0.001062453589008336 0.0 0.551938121420244 0.0 0.039358267513829114 0.03935826751382917 0.03935826751382917 0.03935826751382913 1.5524735588949914 0.0 -5.602146495620554e-06 0.003742698886213282 0.0 0.0
0.0 -0.001011476333349832 0.0 0.5493047319897317 0.0 0.037794273213871514 0.037794273213871514 0.03779427321387151 0.037794273213871556 1.5524735588950331 0.0 -5.602146495731646e-06 0.003742698886213281 0.0 0.0
0.0 -0.0009621391227193083 0.0 0.5465993405103334 0.0 0.03622891326807085 0.036228913268070845 0.036228913272303355 0.03622891327228768 1.5524735588950787 0.0 -5.6021464958533695e-06 0.0037426988862132794 0.0 0.0
0.0 -0.0009150871095319319 0.0 0.5438476959057359 0.0 0.034679481977464156 0.03467948197746415 0.03467948197746417 0.03467948197746415 1.5524735588951217 0.0 -5.60214649596844e-06 0.0037426988862132794 0.0 0.0
0.0 -0.0008708395179131879 0.0 0.5410815450842825 0.0 0.033163533289395544 0.033163533289395544 0.03316353328939554 0.0331635332893691 1.552473558895153 0.0 -5.602146496051804e-06 0.003742698886213279 0.0 0.0
0.0 -0.000829860326758579 0.0 0.5383326461970402 0.0 0.031697871045406056 0.031697871045406056 0.031697871045414085 0.031697871049689595 1.5524735588951641 0.0 -5.602146496081467e-06 0.003742698886213278 0.0 0.0
0.0 -0.0007924379835862048 0.0 0.5356377700813204 0.0 0.03029855699383293 0.03029855699383293 0.0302985569938076 0.030298556993825047 1.55247355889515 0.0 -5.602146496043825e-06 0.0037426988862132786 0.0 0.0
0.0 -0.0007588440094670727 0.0 0.5330366771978283 0.0 0.028982407800311152 0.028982407800311156 0.02898240780031115 0.028982407800311152 1.5524735588951097 0.0 -5.602146495936286e-06 0.0037426988862132803 0.0 0.0
0.0 -0.0007292278346708629 0.0 0.5305691554944891 0.0 0.027764582111875068 0.027764582111882336 0.027764582111882333 0.027764582111882333 1.552473606009542 0.0 -5.602306669807511e-06 0.003742698866322246 0.0 0.0
0.0 -0.0007036221280323622 0.0 0.5282819758917697 0.0 0.02666095192001258 0.026660951920024406 0.026660951920024413 0.02666095192002441 1.5524735951264097 0.0 -5.6022689867131235e-06 0.0037426988714595547 0.0 0.0
0.0 -0.0006820447873318785 0.0 0.5262189352772607 0.0 0.025686202806726812 0.025686202806726805 0.025686202806720668 0.02568620280670548 1.552473583880774 0.0 -5.602230495360451e-06 0.0037426988763846545 0.0 0.0
0.0 -0.000664446177008448 0.0 0.5244278226913182 0.0 0.024855416811285908 0.02485541681128591 0.02485541680840902 0.024855416811285908 1.5524735737057196 0.0 -5.602195991284568e-06 0.003742698880577627 0.0 0.0
0.0 -0.000650739817337578 0.0 0.5229564346671439 0.0 0.024183175715046742 0.02418317571504674 0.024183175715054545 0.024183175717427393 1.55247356594251 0.0 -5.6021698982783056e-06 0.0037426988836145787 0.0 0.0
0.0 -0.0006409184292271641 0.0 0.521851556187292 0.0 0.02368480842540467 0.02368480842540467 0.023684808423611266 0.02368480842540909 1.552473561222344 0.0 -5.602154182542016e-06 0.0037426988853767216 0.0 0.0
0.0 -0.0006333937439673689 0.0 0.5209811232288657 0.0 0.023295092409043018 0.02329509240904303 0.023295092409043025 0.02329509240904303 1.5524735598254629 0.0 -5.60214955163743e-06 0.003742698885886738 0.0 0.0
0.0 -0.0006265423502054235 0.0 0.5201802308201694 0.0 0.022937495741142726 0.022937495741142726 0.022937495741142726 0.02293749574114519 1.5524735595890544 0.0 -5.602148760847551e-06 0.0037426988859758964 0.0 0.0
0.0 -0.0006201840925872225 0.0 0.5194449339917449 0.0 0.022608259297442153 0.02260825929744215 0.022608259296229487 0.022608259297442153 1.5524735594179442 0.0 -5.6021481863629555e-06 0.0037426988860405014 0.0 0.0
0.0 -0.0006141829314339802 0.0 0.5187732696414225 0.0 0.022304879447444012 0.022304879447444016 0.022304879447441934 0.022304879448551623 1.5524735592891181 0.0 -5.6021477541507595e-06 0.0037426988860886712 0.0 0.0
0.0 -0.0006084862854057863 0.0 0.5181582807189127 0.0 0.02202434450126087 0.022024344501260867 0.022024344501260867 0.022024344501261395 1.5524735591953294 0.0 -5.6021474432760755e-06 0.003742698886122494 0.0 0.0
0.0 -0.0006030118734210242 0.0 0.5175950070037415 0.0 0.021763896006276585 0.021763896006276588 0.021763896006276585 0.021763896006277747 1.5524735591269267 0.0 -5.602147218029132e-06 0.003742698886146603 0.0 0.0
0.0 -0.0005977255292433851 0.0 0.5170764876982482 0.0 0.021520772310921553 0.02152077231092155 0.021520772310920564 0.021520772310056467 1.5524735590776169 0.0 -5.602147057695861e-06 0.003742698886163286 0.0 0.0
0.0 -0.0005925449725010818 0.0 0.5165977625819813 0.0 0.021292214972317924 0.021292214972317928 0.021292214972317924 0.02129221497311924 1.5524735590425935 0.0 -5.60214694412233e-06 0.003742698886175069 0.0 0.0
0.0 -0.0005874544524375435 0.0 0.5161518671096074 0.0 0.02107571238169531 0.02107571238169531 0.021075712381696043 0.021075712381696744 1.552473559017749 0.0 -5.602146864548768e-06 0.0037426988861831594 0.0 0.0
0.0 -0.0005824013885041724 0.0 0.5157318442311626 0.0 0.020868252858174056 0.02086825285817405 0.02086825285817405 0.020868252858173387 1.5524735590017404 0.0 -5.602146813218364e-06 0.003742698886188411 0.0 0.0
0.0 -0.0005772794434284067 0.0 0.5153337340149818 0.0 0.020667079568151857 0.020667079568151225 0.020667079568151853 0.020667079568822747 1.5524735589922396 0.0 -5.602146781718865e-06 0.0037426988861920052 0.0 0.0
0.0 -0.0005720488096165076 0.0 0.5149515722046014 0.0 0.020469682510865186 0.020469682510865183 0.020469682510865186 0.020469682510865186 1.5524735589878085 0.0 -5.6021467660259825e-06 0.0037426988861941697 0.0 0.0
0.0 -0.0005666569067891804 0.0 0.5145784017499802 0.0 0.02027305000955844 0.020273050009558438 0.02027305000955844 0.020273050009558438 1.5524735589890482 0.0 -5.602146767397042e-06 0.003742698886194985 0.0 0.0
0.0 -0.000560954925757095 0.0 0.5142112667558822 0.0 0.020074176801805475 0.02007417680180489 0.02007417680180489 0.02007417680180489 1.5524735589962926 0.0 -5.602146785565503e-06 0.0037426988861949183 0.0 0.0
0.0 -0.0005548605869204203 0.0 0.5138452070021279 0.0 0.01987030445643909 0.019870304456439093 0.019870304456439093 0.019870304455815696 1.552473559010204 0.0 -5.602146822614103e-06 0.0037426988861938787 0.0 0.0
0.0 -0.0005482307236419627 0.0 0.513476270052435 0.0 0.019658176075116576 0.019658176075116576 0.019658176075116572 0.019658176075116576 1.5524735590341818 0.0 -5.602146887411397e-06 0.003742698886191634 0.0 0.0
0.0 -0.0005409533571371655 0.0 0.513101492516466 0.0 0.019435286474206226 0.019435286474206226 0.019435286474206826 0.019435286474206826 1.5524735590701122 0.0 -5.6021469848412895e-06 0.0037426988861882777 0.0 0.0
0.0 -0.0005328244343915989 0.0 0.5127179297419483 0.0 0.01919788029683371 0.019197880296833704 0.019197880296834325 0.019197880296834325 1.5524735591280616 0.0 -5.602147141913948e-06 0.003742698886183092 0.0 0.0
0.0 -0.0005236598053815666 0.0 0.5123256192046934 0.0 0.018943457176869738 0.018943457176869734 0.018943457176870307 0.018943457176870307 1.5524735592136742 0.0 -5.602147373097678e-06 0.0037426988861764335 0.0 0.0
0.0 -0.0005131888894653739 0.0 0.5119236205777048 0.0 0.018668014952247226 0.01866801495224723 0.018668014952940598 0.018668014952939998 1.552473559350101 0.0 -5.60214774054859e-06 0.0037426988861669766 0.0 0.0
0.0 -0.0005015536689416272 0.0 0.5115258404647296 0.0 0.01837807693888986 0.018378076938889862 0.018378076938203813 0.018378076938890448 1.5524735594783015 0.0 -5.602148082170357e-06 0.003742698886161857 0.0 0.0
0.0 -0.0004892359073788632 0.0 0.5111381531796247 0.0 0.018082153960201224 0.018082153960201852 0.018082153960201852 0.018082153960201852 1.552473559558065 0.0 -5.602148292754567e-06 0.003742698886161203 0.0 0.0
0.0 -0.00047651450207403847 0.0 0.5107535342167813 0.0 0.017781735106010565 0.017781735106010572 0.017781735106010017 0.01778173510601057 1.5524735596340637 0.0 -5.6021484951402055e-06 0.0037426988861593994 0.0 0.0
0.0 -0.0004635946851213375 0.0 0.510364974060508 0.0 0.01747730924158678 0.01747730924158678 0.017477309242259268 0.017477309242260528 1.5524735597140262 0.0 -5.6021487098816805e-06 0.003742698886155822 0.0 0.0
0.0 -0.0004508091026889244 0.0 0.5099624510855106 0.0 0.01717011050347272 0.017170110503472728 0.017170110503472072 0.017170110503472117 1.5524735597889623 0.0 -5.602148914000552e-06 0.003742698886149626 0.0 0.0
0.0 -0.0004384238731638067 0.0 0.5095379479920235 0.0 0.01686112621425597 0.016861126214255968 0.01686112621425597 0.016861126214255975 1.5524735598594142 0.0 -5.602149109219632e-06 0.0037426988861409324 0.0 0.0
0.0 -0.00042680847250273777 0.0 0.5090814356596353 0.0 0.016552090579777363 0.016552090579777367 0.016552090579777367 0.016552090579777367 1.5524735599135948 0.0 -5.602149266139593e-06 0.0037426988861288886 0.0 0.0
0.0 -0.0004162827770424973 0.0 0.5085818996701348 0.0 0.016243736094233872 0.016243736094233872 0.016243736094233872 0.016243736094232134 1.5524735599617254 0.0 -5.602149415464386e-06 0.0037426988861118736 0.0 0.0
0.0 -0.0004071993343079288 0.0 0.5080323005263283 0.0 0.01593855185874337 0.01593855185874337 0.01593855185874312 0.0159385518578025 1.552473559977503 0.0 -5.602149489249333e-06 0.0037426988860919134 0.0 0.0
0.0 -0.0003999573231817489 0.0 0.5074206122786218 0.0 0.01563801887847956 0.01563801887847956 0.01563801887847956 0.015638018878479987 1.552473559972216 0.0 -5.602149527949115e-06 0.0037426988860661575 0.0 0.0
0.0 -0.00039494612189359214 0.0 0.5067397879349321 0.0 0.015345126338792297 0.015345126338792297 0.015345126338791221 0.015345126337642838 1.55247355992366 0.0 -5.602149478895646e-06 0.0037426988860380377 0.0 0.0
0.0 -0.00039256639763643713 0.0 0.5059807874211882 0.0 0.01506236020111898 0.01506236020111898 0.01506236020111898 0.01506236020112017 1.5524735598406494 0.0 -5.602149382776737e-06 0.003742698886007511 0.0 0.0
0.0 -0.0003931721893174162 0.0 0.5051395571166103 0.0 0.014793214566063468 0.01479321456606346 0.014793214566063462 0.01479321456467274 1.5524735597157795 0.0 -5.602149230349406e-06 0.0037426988859808187 0.0 0.0
0.0 -0.0003971415958694134 0.0 0.5042110431120567 0.0 0.014541181966669621 0.014541181966669618 0.01454118196666962 0.014541181966671039 1.552473559561323 0.0 -5.6021490780370395e-06 0.003742698885960862 0.0 0.0
0.0 -0.0004048485619272909 0.0 0.5031941739151163 0.0 0.014311011529109057 0.014311011529109054 0.01431101152910906 0.014311011527485746 1.552473559383218 0.0 -5.6021489531668275e-06 0.0037426988859565794 0.0 0.0
0.0 -0.00041656367598001367 0.0 0.5020898898540164 0.0 0.014106705520727035 0.014106705520727039 0.014106705520731578 0.014106705520731587 1.5524735592130656 0.0 -5.6021489511056e-06 0.0037426988859707625 0.0 0.0
0.0 -0.00043246278417002687 0.0 0.5009061182871092 0.0 0.013933277558425244 0.013933277558425246 0.013933277558420073 0.013933277556664654 1.5524735590674765 0.0 -5.60214908286124e-06 0.003742698886009232 0.0 0.0
0.0 -0.00045268490299280853 0.0 0.4996507940678919 0.0 0.013795241188012251 0.01379524118801225 0.013795241188016286 0.013795241186284885 1.5524735589667906 0.0 -5.60214938822513e-06 0.0037426988860657746 0.0 0.0
0.0 -0.0004771525313956834 0.0 0.4983408546472623 0.0 0.013697124354130157 0.013697124354130159 0.013697124354133046 0.01369712435413304 1.5524735589137875 0.0 -5.602149766695669e-06 0.003742698886131169 0.0 0.0
0.0 -0.0005057456938965412 0.0 0.49699424151237587 0.0 0.013643206539498492 0.013643206539498492 0.013643206539497748 0.01364320653949403 1.5524735588966494 0.0 -5.602150122368937e-06 0.0037426988861869455 0.0 0.0
0.0 -0.0005381192793327427 0.0 0.49563292353787375 0.0 0.013636023358732687 0.013636023358732687 0.01363602335873249 0.01363602335873249 1.5524735588948975 0.0 -5.602150309744551e-06 0.0037426988862128557 0.0 0.0
0.0 -0.0005736703664151474 0.0 0.4942789220650222 0.0 0.01367460990754569 0.013674609907545689 0.01367460992579894 0.013674609908027916 1.552473558894896 0.0 -5.602150261798602e-06 0.0037426988862149725 0.0 0.0
0.0 -0.0006116487149626586 0.0 0.49295428841620964 0.0 0.013756001021873705 0.013756001021873705 0.013756001021873703 0.013756001021873703 1.5524735588948817 0.0 -5.602149976061881e-06 0.0037426988862204005 0.0 0.0
0.0 -0.0006514187289720331 0.0 0.4916770690120584 0.0 0.01387747513560452 0.01387747513560452 0.013877475135604458 0.013877475139122615 1.552473558894821 0.0 -5.60214952972273e-06 0.0037426988862280025 0.0 0.0
0.0 -0.0006923376817164889 0.0 0.4904633209384142 0.0 0.014035557384171244 0.014035557384169534 0.014035557384182702 0.014035557385996043 1.5524735588946785 0.0 -5.602148990266642e-06 0.003742698886235846 0.0 0.0
0.0 -0.0007338278873416539 0.0 0.489324111080492 0.0 0.014226014764041147 0.014226014764041147 0.014226014764041147 0.014226014764041152 1.5524735588944347 0.0 -5.602148446088897e-06 0.0037426988862422003 0.0 0.0
0.0 -0.0007754759070801915 0.0 0.48826748671922754 0.0 0.014445859650343706 0.014445859650343706 0.014445859650343704 0.014445859650613789 1.5524735588940726 0.0 -5.602147948365513e-06 0.0037426988862465133 0.0 0.0
0.0 -0.0008168243412485123 0.0 0.48729951329582055 0.0 0.014690851023810686 0.014690851023810684 0.014690851023810795 0.014690851023927393 1.5524735588936185 0.0 -5.6021475237778005e-06 0.0037426988862480273 0.0 0.0
0.0 -0.0008575800372286454 0.0 0.4864232366474141 0.0 0.014957993242350774 0.014957993242350774 0.014957993242350774 0.014957993242349565 1.552473558893079 0.0 -5.602147187620632e-06 0.003742698886247229 0.0 0.0
0.0 -0.0008974667688676232 0.0 0.4856387129876179 0.0 0.01524353574026853 0.01524353574026853 0.015243535740268528 0.015243535740269463 1.5524735588925083 0.0 -5.602146939145289e-06 0.003742698886244452 0.0 0.0
0.0 -0.0009362876124690583 0.0 0.48494498699847566 0.0 0.015544476461624494 0.015544476461624495 0.015544476461624492 0.01554447646103683 1.552473558891929 0.0 -5.6021467637763044e-06 0.0037426988862404057 0.0 0.0
0.0 -0.0009739490040195377 0.0 0.48433909154196797 0.0 0.015858560256044322 0.01585856025604432 0.015858560256044322 0.015858560255429515 1.5524735588913492 0.0 -5.602146647112749e-06 0.0037426988862358348 0.0 0.0
0.0 -0.001010363021678304 0.0 0.4838170629388988 0.0 0.016183280332234307 0.016183280332234307 0.01618328033223468 0.016183280332235244 1.5524735588908116 0.0 -5.602146573363514e-06 0.0037426988862311605 0.0 0.0
0.0 -0.0010455323303369894 0.0 0.483371932896367 0.0 0.016516375126415454 0.016516375126415454 0.016516375126415458 0.016516375125844685 1.5524735588903362 0.0 -5.602146530102597e-06 0.0037426988862269152 0.0 0.0
0.0 -0.0010794907828989193 0.0 0.4829977221675357 0.0 0.01685633479040464 0.01685633479040464 0.016856334790405127 0.01685633479040513 1.5524735588899061 0.0 -5.6021465053337815e-06 0.003742698886223246 0.0 0.0
0.0 -0.0011122962895100737 0.0 0.4826874512168417 0.0 0.01720164787354135 0.01720164787354135 0.01720164787354178 0.01720164787354135 1.5524735588895378 0.0 -5.602146491926966e-06 0.003742698886220248 0.0 0.0
0.0 -0.001144086062744586 0.0 0.4824331289773403 0.0 0.017551551434108647 0.017551551434108647 0.017551551434108654 0.017551551434108647 1.5524735588891965 0.0 -5.602146484936946e-06 0.0037426988862179606 0.0 0.0
0.0 -0.0011750085995078845 0.0 0.4822247712998236 0.0 0.017904779248078366 0.017904779248078366 0.01790477924807805 0.01790477924841746 1.5524735588889225 0.0 -5.6021464814871935e-06 0.0037426988862163365 0.0 0.0
0.0 -0.0012052138853189708 0.0 0.4820553799109243 0.0 0.01826107005304896 0.018261070053048965 0.018261070053048847 0.018261070053048962 1.552473558888655 0.0 -5.602146479541922e-06 0.0037426988862151738 0.0 0.0
0.0 -0.0012349056622854967 0.0 0.4819149594187159 0.0 0.01861990773794329 0.018619907737943295 0.01861990773794329 0.01861990773794329 1.5524735588884138 0.0 -5.602146478411357e-06 0.0037426988862144387 0.0 0.0
0.0 -0.00126393927474512 0.0 0.48179657151106464 0.0 0.01897703043736211 0.01897703043736211 0.018977030437362055 0.018977030437362305 1.5524735588884755 0.0 -5.602146478373646e-06 0.0037426988862139456 0.0 0.0
0.0 -0.001292129083271265 0.0 0.48169726778787547 0.0 0.019328932812552418 0.019328932812552418 0.019328932812373602 0.01932893281255221 1.5524735588887844 0.0 -5.602146479103001e-06 0.0037426988862136247 0.0 0.0
0.0 -0.0013196096355190792 0.0 0.4816160254749781 0.0 0.019677113485479562 0.019677113485479566 0.019677113485330196 0.0196771134854794 1.552473558888983 0.0 -5.602146479587606e-06 0.003742698886213349 0.0 0.0
0.0 -0.0013464842911837217 0.0 0.4815508327522592 0.0 0.020022319362351344 0.020022319362351344 0.02002231936235123 0.02002231936235123 1.5524735588891285 0.0 -5.602146479959611e-06 0.003742698886213166 0.0 0.0
0.0 -0.0013729116551819355 0.0 0.48149966655685256 0.0 0.020366047462367216 0.020366047462367212 0.020366047462367216 0.020366047462367212 1.5524735588891734 0.0 -5.602146480075705e-06 0.0037426988862130444 0.0 0.0
0.0 -0.0013989710299783728 0.0 0.4814615153573414 0.0 0.0207090462951932 0.0207090462951932 0.020709046295193198 0.02070904629519327 1.5524735588891685 0.0 -5.60214648006423e-06 0.003742698886212949 0.0 0.0
0.0 -0.0014247969632544234 0.0 0.48143535637956414 0.0 0.021052814483516383 0.021052814483516386 0.021052814483516383 0.02105281448346202 1.5524735588890628 0.0 -5.602146479785037e-06 0.003742698886212882 0.0 0.0
0.0 -0.0014505055876232915 0.0 0.4814201705969349 0.0 0.021398600612362477 0.021398600612362477 0.021398600612362477 0.021398600612397164 1.5524735588888683 0.0 -5.6021464792686e-06 0.0037426988862128275 0.0 0.0
0.0 -0.001476176205564804 0.0 0.48141494647804284 0.0 0.021747153191456738 0.021747153191456738 0.021747153191456738 0.021747153191456738 1.5524735588886138 0.0 -5.60214647859058e-06 0.0037426988862127907 0.0 0.0
0.0 -0.0015019193075204106 0.0 0.48141966153743093 0.0 0.0220999724469576 0.0220999724469576 0.022099972446957595 0.022099972446957602 1.5524735588882372 0.0 -5.602146477585074e-06 0.0037426988862127543 0.0 0.0
0.0 -0.0015278510261140807 0.0 0.48143329674853724 0.0 0.022458306963926183 0.022458306963926186 0.02245830696394428 0.022458306963926183 1.552473558887742 0.0 -5.602146476261835e-06 0.003742698886212706 0.0 0.0
0.0 -0.0015540931361240045 0.0 0.4814538365435954 0.0 0.0228231536861528 0.022823153686152797 0.0228231536861528 0.022823153686183397 1.5524735588871312 0.0 -5.602146474629868e-06 0.003742698886212646 0.0 0.0
0.0 -0.0015806952405986688 0.0 0.48148226622108237 0.0 0.023195514368031578 0.02319551436803158 0.02319551436803158 0.02319551436803158 1.552473558886386 0.0 -5.602146472638172e-06 0.0037426988862125647 0.0 0.0
0.0 -0.0016078103023119596 0.0 0.481517559259249 0.0 0.023577137669820548 0.023577137669820548 0.02357713766982054 0.023577137669877568 1.5524735588854097 0.0 -5.602146470028397e-06 0.003742698886212458 0.0 0.0
0.0 -0.0016355416809754975 0.0 0.4815577038379385 0.0 0.023968770497799753 0.023968770497799757 0.023968770497734188 0.02396877049773419 1.5524735588842624 0.0 -5.602146466961329e-06 0.003742698886212347 0.0 0.0
0.0 -0.0016639573947111953 0.0 0.4816036815080017 0.0 0.024371664643784256 0.024371664643784253 0.024371664643784253 0.024371664643784256 1.5524735588828544 0.0 -5.602146463198482e-06 0.003742698886212189 0.0 0.0
0.0 -0.0016932216905932286 0.0 0.4816524726654633 0.0 0.024787065485743866 0.024787065485743866 0.024787065485743866 0.024787065485743873 1.552473558881134 0.0 -5.602146458600958e-06 0.0037426988862120265 0.0 0.0
0.0 -0.0017234691162935128 0.0 0.4817030545361277 0.0 0.02521647164619459 0.025216471646194588 0.0252164716462782 0.025216471646194588 1.5524735588789977 0.0 -5.6021464528936075e-06 0.00374269888621183 0.0 0.0
0.0 -0.001754803031525232 0.0 0.48175341529992827 0.0 0.02566063003129963 0.025660630031299637 0.025660630031382612 0.02566063003129947 1.552473558876476 0.0 -5.6021464461585885e-06 0.003742698886211609 0.0 0.0
0.0 -0.0017873579839193636 0.0 0.4818025321826247 0.0 0.026121039263408703 0.026121039263408703 0.02612103926340871 0.02612103926348934 1.5524735588733596 0.0 -5.602146437837568e-06 0.003742698886211395 0.0 0.0
0.0 -0.0018212854476663118 0.0 0.4818463927867204 0.0 0.026598443041541856 0.02659844304154172 0.02659844304154172 0.026598443041541724 1.5524735588696712 0.0 -5.60214642799093e-06 0.003742698886211144 0.0 0.0
0.0 -0.0018565485925822107 0.0 0.4818850046073684 0.0 0.027092341290621717 0.027092341290621717 0.027092341290621713 0.027092341290621717 1.5524735588656033 0.0 -5.602146417130141e-06 0.0037426988862108985 0.0 0.0
0.0 -0.0018931474187033268 0.0 0.4819183676445742 0.0 0.027602734010380582 0.027602734010380586 0.027602734010380582 0.027602734010380582 1.5524735588610126 0.0 -5.602146404873649e-06 0.003742698886210572 0.0 0.0
0.0 -0.001931087568150032 0.0 0.48194548535717574 0.0 0.028129369559596617 0.028129369559596617 0.028129369559596613 0.028129369559596617 1.5524735588559186 0.0 -5.602146391274766e-06 0.0037426988862102853 0.0 0.0
0.0 -0.0019703930981579544 0.0 0.4819653574565126 0.0 0.02867224633449843 0.028672246334498427 0.028672246334498434 0.028672246334472507 1.5524735588502052 0.0 -5.60214637602e-06 0.0037426988862099063 0.0 0.0
0.0 -0.002010979064112048 0.0 0.48197999201509745 0.0 0.02923086746696712 0.02923086746696712 0.02923086746696711 0.029230867466967115 1.5524735588439904 0.0 -5.602146359425526e-06 0.003742698886209485 0.0 0.0
0.0 -0.0020529119954921624 0.0 0.48198738470796015 0.0 0.029805479787006775 0.02980547978700677 0.029805479787006775 0.029805479787006775 1.5524735588369643 0.0 -5.602146340662063e-06 0.0037426988862089955 0.0 0.0
0.0 -0.002096112589885626 0.0 0.4819885470666063 0.0 0.0303953347857062 0.030395334785706198 0.030395334785706198 0.030395334785706198 1.5524735588294671 0.0 -5.602146320641969e-06 0.0037426988862084933 0.0 0.0
0.0 -0.0021406233196024234 0.0 0.4819824750545727 0.0 0.03100068089631061 0.0310006808963106 0.03100068089631061 0.031000680896310563 1.5524735588210345 0.0 -5.6021462981214765e-06 0.003742698886207949 0.0 0.0
0.0 -0.0021863776550457136 0.0 0.4819711729969757 0.0 0.03162127128853343 0.03162127128853343 0.03162127128853343 0.03162127128850039 1.5524735588118193 0.0 -5.602146273507447e-06 0.00374269888620731 0.0 0.0
0.0 -0.002233405295598509 0.0 0.4819526440639748 0.0 0.032256852717361145 0.032256852717361145 0.03225685271736114 0.032256852717361055 1.552473558801774 0.0 -5.602146246672886e-06 0.0037426988862066858 0.0 0.0
0.0 -0.002281639711766294 0.0 0.48192889258054333 0.0 0.03290717835217675 0.03290717835217674 0.03290717835217675 0.03290717835217675 1.5524735587908434 0.0 -5.602146217477497e-06 0.0037426988862060673 0.0 0.0
0.0 -0.0023310809034874425 0.0 0.481899918546657 0.0 0.03357224819245956 0.03357224819245956 0.03357224819245956 0.03357224819245956 1.5524735587788028 0.0 -5.6021461853078705e-06 0.00374269888620536 0.0 0.0
0.0 -0.0023816863984656746 0.0 0.48186672599861846 0.0 0.034251813804270746 0.03425181380427074 0.03425181380427075 0.03425181380419671 1.5524735587657357 0.0 -5.6021461504042025e-06 0.0037426988862045893 0.0 0.0
0.0 -0.0024334377816385205 0.0 0.4818293186839652 0.0 0.034945625149711716 0.03494562514971171 0.034945625149711716 0.03494562514962993 1.5524735587515806 0.0 -5.602146112588692e-06 0.0037426988862037723 0.0 0.0
0.0 -0.0024863109956846713 0.0 0.4817886968914325 0.0 0.03565368383177535 0.03565368383177535 0.03565368383177535 0.03565368383168733 1.5524735587360454 0.0 -5.6021460710929865e-06 0.003742698886202901 0.0 0.0
0.0 -0.0025402451533290283 0.0 0.4817458684048554 0.0 0.036375491379279125 0.03637549137927912 0.03637549137927912 0.03637549137918684 1.5524735587194896 0.0 -5.602146026863629e-06 0.0037426988862019075 0.0 0.0
0.0 -0.0025952161972378554 0.0 0.48170183351298435 0.0 0.03711104939466829 0.037111049394668284 0.037111049394668284 0.037111049394668465 1.552473558701371 0.0 -5.602145978470262e-06 0.003742698886200876 0.0 0.0
0.0 -0.0026512000701934242 0.0 0.48165759250445084 0.0 0.037860359481245935 0.037860359481245935 0.037860359481245935 0.037860359481245755 1.552473558681545 0.0 -5.602145925512466e-06 0.0037426988861996927 0.0 0.0
0.0 -0.0027081118276246503 0.0 0.48161515345183536 0.0 0.03862292477159184 0.03862292477159183 0.038622924771591835 0.038622924771499444 1.552473558660469 0.0 -5.602145869230957e-06 0.0037426988861983253 0.0 0.0
0.0 -0.002766467090264334 0.0 0.4815744114228719 0.0 0.03940574630192284 0.03940574630192284 0.03940574630192284 0.039405746302012566 1.5524735586280625 0.0 -5.602145782676055e-06 0.003742698886196266 0.0 0.0
0.0 -0.0028267390077243363 0.0 0.481536265521676 0.0 0.04021557668873749 0.04021557668873764 0.04021557668873749 0.040215576688737646 1.5524735585814244 0.0 -5.602145658110961e-06 0.0037426988861933084 0.0 0.0
0.0 -0.002888835505797261 0.0 0.48150073448632036 0.0 0.041051165761858924 0.04105116576185891 0.04105116576185892 0.04105116576185892 1.552473558530043 0.0 -5.602145520891187e-06 0.0037426988861899795 0.0 0.0
0.0 -0.0029527565841003843 0.0 0.4814678183169428 0.0 0.04191251351636829 0.0419125135163683 0.041912513516368294 0.0419125135163683 1.5524735584713851 0.0 -5.6021453642230745e-06 0.0037426988861863422 0.0 0.0
0.0 -0.0030184526398257766 0.0 0.4814365317146115 0.0 0.042798618200305845 0.04279861820030585 0.04279861820030585 0.042798618200231245 1.5524735584067026 0.0 -5.602145191468477e-06 0.0037426988861823706 0.0 0.0
0.0 -0.003085796255886017 0.0 0.48140988678865215 0.0 0.04370873450935764 0.04370873450935764 0.043708734509357645 0.043708734509424266 1.552473558335098 0.0 -5.602145000225114e-06 0.0037426988861779323 0.0 0.0
0.0 -0.0031548411885666838 0.0 0.4813848864203364 0.0 0.04464260759170854 0.044642607591708544 0.04464260759170854 0.044642607591708544 1.5524735582547442 0.0 -5.602144785623531e-06 0.0037426988861731024 0.0 0.0
0.0 -0.0032254416062618184 0.0 0.481364546466242 0.0 0.04559924210945806 0.04559924210945806 0.04559924210945806 0.045599242109457955 1.552473558166935 0.0 -5.602144551071952e-06 0.0037426988861677707 0.0 0.0
0.0 -0.0032976328499619944 0.0 0.48134587355503794 0.0 0.046578133172857514 0.04657813317285752 0.04657813317285751 0.04657813317280412 1.5524735580696913 0.0 -5.602144291343212e-06 0.003742698886162136 0.0 0.0
0.0 -0.0033713115601713252 0.0 0.48133087950728337 0.0 0.047578533875835466 0.047578533875835466 0.04757853387583548 0.04757853387583547 1.5524735579630737 0.0 -5.602144006561314e-06 0.003742698886156106 0.0 0.0
0.0 -0.0034464465486918625 0.0 0.4813185752764131 0.0 0.048599692500474995 0.048599692500474995 0.04859969250047499 0.04859969250047491 1.552473557846465 0.0 -5.602143695101962e-06 0.003742698886149492 0.0 0.0
0.0 -0.0035229953429991405 0.0 0.48130996489913047 0.0 0.049641360606946766 0.049641360606946766 0.049641360606946766 0.049641360606946905 1.552473557716926 0.0 -5.602143349066615e-06 0.003742698886142246 0.0 0.0
0.0 -0.0036009083399909086 0.0 0.4813040630771365 0.0 0.05070253644529852 0.05070253644529851 0.05070253644533007 0.050702536445330064 1.552473557576783 0.0 -5.602142974703006e-06 0.0037426988861347776 0.0 0.0
0.0 -0.0036801727665724433 0.0 0.4812998770162845 0.0 0.0517827183304553 0.051782718330455293 0.05178271833042647 0.051782718330455356 1.5524735574228739 0.0 -5.602142563553627e-06 0.00374269888612668 0.0 0.0
0.0 -0.003760727735229137 0.0 0.4812984145008224 0.0 0.052881407787945776 0.05288140778794577 0.05288140778794578 0.052881407787945776 1.5524735572539448 0.0 -5.602142112318235e-06 0.003742698886117979 0.0 0.0
0.0 -0.0038424995856808464 0.0 0.4812996905211016 0.0 0.05399760467068187 0.053997604670681876 0.05399760467068187 0.053997604670681876 1.5524735570718902 0.0 -5.60214162599532e-06 0.0037426988861085104 0.0 0.0
0.0 -0.003925499601797641 0.0 0.48130171199466737 0.0 0.05513080568807674 0.055130805688076746 0.05513080568807675 0.055130805688076746 1.5524735568726113 0.0 -5.6021410936113824e-06 0.0037426988860987773 0.0 0.0
0.0 -0.004009648480992687 0.0 0.48130549045273013 0.0 0.05628026233120825 0.056280262331208225 0.056280262331208225 0.05628026233122381 1.552473556656441 0.0 -5.602140516133793e-06 0.003742698886088428 0.0 0.0
0.0 -0.004094933450116925 0.0 0.48131003310200854 0.0 0.05744547291473338 0.057445472914733384 0.057445472914733384 0.05744547291473338 1.5524735564200947 0.0 -5.602139884671087e-06 0.003742698886076841 0.0 0.0
