0.004038907520605556
0.0038274854632416398
0.0029814655480323027
0.0032268733447148815
0.004025138915198071
0.0025640027571432965
0.0028086616783441726
0.0029925669979484304
0.0025366286381128624
0.0026501356687249978
0.0031039061668825456
0.002080147020149096
0.002274967951651178
0.0024049927585097688
0.0019696911114670036
0.0029005300909724263
0.0015790787192552446
0.002729423560259819
0.0024871951962599
0.0016508298757571345
0.0030115275419411456
0.0014305875912807861
0.0018280736098185623
0.0030562102201807956
0.0018240278006976121
0.002234004718100398
0.0024324012010872123
0.0020438401038341157
0.002429661384867787
0.003078127441116946
0.002529751604308426
0.0024482853662753617
0.00334261927395583
0.0024150104863615404
0.0024887275035546264
0.002352360225004372
0.002773513019529431
0.0030420464292786747
0.003882372404687805
0.0032783710324400367
0.003181934294998942
0.003201971272183397
0.0031800570530559225
0.0034861507314369743
0.0034490017920037167
0.0030553632738168023
0.0029559783657406476
0.003342962683256
0.0030482930609184037
0.0032846526813179455
0.002922122773871672
0.0034314747190161633
0.002808340973403036
0.0028591707034774845
0.003601682219248547
0.0026588433914983265
0.0027864309820496386
0.003327057237451515
0.0024160320127650852
0.0027657281881692582
0.002658747366684038
0.0023524813026714396
0.0031204408442664553
0.0018387031552448076
0.002449516649361313
0.001935034665662853
0.0022829410675103737
0.003392243173018114
0.0026110678174683624
0.0026098026078905084
0.002946222011181125
0.0021193613777238246
0.0018682058489856057
0.0028958229675567606
0.0017096752466768494
0.0018574757233335705
0.002562997552170602
0.002924488178244758
0.0018294614836521527
0.002138873290853171
