0.0027928305230122707
0.0028877570826088238
0.0032234719792530123
0.003429166688705952
0.002836061731473853
0.003150209376141776
0.003511598733932636
0.0022619006709590677
0.002696533655837881
0.0021033388982745656
0.0025761499685684223
0.0023464588811263603
0.001947983931914655
0.002600634880797222
0.00242069430103637
0.0023142374266849424
0.002984423495113908
0.0033067619019604344
0.0029803470430926093
0.00267329589950228
0.0025493566735606526
0.001848520585786481
0.0017574770396293006
0.0021182537887356706
0.0019845144680675072
0.0022155313397712972
0.003056744293036478
0.002409405530693649
0.0029853337097218466
0.0028273927074391144
0.002690089847897863
0.0027009351005891536
0.0025903523186971227
0.0024680277785976983
0.0024555908401582747
0.0024237659780064658
0.00232388051549828
0.0028664449691024304
0.002515290062934607
0.0026694473383724977
0.0027040116216780754
0.002678416261176741
0.0023174268702581373
0.0029634400019247433
0.0023082479857216426
0.002481962388775923
0.002682604026666333
0.002887382941567122
0.003069093227196237
0.00330467476085157
0.003273388675876454
0.0032576799551478084
0.003148997135916712
0.002647433906599014
0.0032487982414421013
0.0034776218192768874
0.0029355193359256316
0.002955282816636914
0.003530965737712432
0.0033519269118568525
0.003762184528880197
0.003540800613646215
0.003933716638747481
0.004182038156684309
0.0035210446474860896
0.003855339801753317
0.003909958929682248
0.0038228575903400115
0.003798329433570148
0.0037676452831407843
0.003731911547325586
0.0037430912262408134
0.003661907303472491
0.0036409135141747652
0.003642226369517911
0.0036804613049316913
0.004094582435854988
0.004289659426300885
0.0038999881339196415
0.0036969836914597116
0.0034915726978383146
0.003956170951605722
0.0038789185137261826
0.003634910330656397
0.0034057108967247163
0.0035727955445350092
0.004267916044961202
0.003852133148832417
0.0036238254496991995
0.003626448767956053
0.004181157981829772
0.0036124145123782553
0.003251901629373703
0.003716965958023399
0.003926834012243375
0.0034038758123051435
0.0035509811804407426
0.003445701899781632
0.0040407308185437555
0.003366510231724406
0.003083241118271352
0.0039652381758382566
0.003148027920316393
0.0033714547448261195
0.0035564701681199593
0.0034275673588988844
0.0031089530960460763
0.003687651976565137
0.0030259396277643935
0.0035739023137747357
0.003217967421035183
0.003340996896899249
0.0032607421264957584
0.0032796631695929225
0.003067668297234706
0.00334670896521624
0.0027092175017391666
0.0035165568048487893
0.0024490011980437395
0.0029464433687822963
0.0030636478572806086
0.003083336107533571
0.0031834865153051086
0.0026316300279334635
0.002838364079878576
0.0031925774960888938
0.0027861991768743507
0.0030191996885205567
0.002985406382626861
0.002493003122311254
0.0026399337071987975
0.0030483802490862914
0.0023069177462495456
0.002891508807845843
0.002497753408653705
0.0020233542712743795
0.0018901849068807413
0.002764501237015114
0.0030461548362818716
0.003097775449220464
0.003234517123341601
0.0025600883020382614
0.0021870038525221304
0.002568889867949851
0.002241420831758385
0.0026298598600372923
0.002377832383938034
0.0025796358987207743
0.0025384100798928225
0.003123147918748556
0.002221660687467623
0.0019755090554961986
0.0023035893852247674
0.0031954888293417626
0.003199485586663271
0.003516491795127188
0.0021951648986244456
0.002287231643502143
0.0034666459639145363
0.002413249067119318
0.0019938758985484587
0.002395071606980034
0.003205098899539842
0.0026347079556669653
0.00235835022273786
0.0021924973788524193
0.0022653477263563015
0.0026520135091674273
0.003170272031169395
0.002987547264140194
0.00293674617535729
0.0021530131045052105
0.0022927886460387538
0.0025492221473183735
0.002019376500581636
0.0024135935111000103
0.002862864092031497
0.002509969604608305
0.0029976544807697307
0.0026694473383724977
0.0023062264840307237
0.002634193926595581
0.0020531492498408
0.0023664858412003253
0.0026331623943970563
0.002056287880756431
0.002336569926960651
0.002220270554140178
0.0035234637636391754
0.003318185697523093
0.0031234389146997817
0.0029494512177718943
0.0028149619271889102
0.0027432699735551566
0.0027673069208787597
0.0035573883765781388
0.0029163217344827593
0.0022861437000817695
0.0026606258454767834
0.00247286799498205
0.003270248547930151
0.002130654005536861
0.0024184981538587853
0.0027993283761082663
0.0029748582474452504
0.002160786243521182
0.0024608193025620825
0.0030789736633613286
0.0026227295985659345
0.003066341221845581
0.0022740955292510317
0.0029647324332081545
0.0018681301625573681
0.0024204376503466386
0.0018538799426977312
0.0019873767713217316
0.002361276888549432
0.0023191026223897955
0.0030845979447687876
0.003640596424224362
0.0027356542067426127
0.00262760387584584
0.0024428070264088564
0.002845284367846036
0.00328007315228375
0.0031321328259202503
0.0029469501483028256
0.0031667045312135144
0.0034123355332145496
0.002493528851837079
0.0031439598312857225
0.0027366912403770437
0.002474696823927001
0.00300226663537454
0.0031075442649335415
0.0032139788879067817
0.002579600557697243
0.0023043520215175455
0.00310258695954733
0.0022573310512929716
0.0020152360440197246
0.002951254538008412
0.0029220815127592946
0.002322475622063133
0.001958818935408993
0.001922895456025815
0.0030087008000744537
0.0034032362985500606
0.002312525474740244
0.0020903207314094865
0.00206005026994129
0.00218659144399254
0.0024060086516639293
0.0026612743632641158
0.002914726172139728
0.002299474099872113
0.0023532135593157476
0.002640944476300974
0.0034158862142965683
