0.0019119845882523982
0.0023654024807759
0.0022674932777621533
0.0014407276339057327
0.002813058783483074
0.0016562805645604574
0.0014671756106043763
0.002778935323242967
0.0017417786430954977
0.001337616126500747
0.0014078100898312208
0.002453363988343812
0.0019764581872187517
0.002200664818767904
0.002401794373275041
0.0022268816814108353
0.0023719174846348204
0.003269188228703517
0.0030032930124867033
0.002412201045468146
0.0030335119824873914
0.002709775886764739
0.003320599414583977
0.0034475019290155875
0.002938605856738736
0.003372330471035692
0.003210335292657166
0.003737560232168843
0.0032560180922372645
0.003986629266928573
0.003635240556784248
0.0033753623118645553
0.004012715880625455
0.0031820365331196644
0.0029746724945358166
0.002543984952868617
0.0026429339580699186
0.003457889892799035
0.002843934718179413
0.0031476182012657584
0.0024949005586069545
0.0023445636010927286
0.0027856535101666536
0.002190649363153809
0.002380862434199904
0.0017077802841291572
0.0019943584615974095
0.002149122413577249
0.0021848500993902945
0.002025866894889062
0.0023642900605944975
0.0021055540023642294
0.0022749134537131234
0.002321073561117592
0.002017446891954381
0.0016296298529199906
0.0014009537033287049
0.002085197629356602
0.0017718477049153216
0.0016510143877949525
0.002856299424458581
0.0017998852842378338
0.002430332528554157
0.002777059487880207
0.003064666700141457
0.0030437367540755798
0.0023608414378283155
0.003187003531480383
0.0037116407593499206
0.0034258318272708988
0.0029757103199324927
0.0030316068248860367
0.003637103162978565
0.003111032717591481
0.0026033570449623387
0.0028256588260735334
0.0033291247522936364
0.0028036386401796213
0.002219938384969036
0.002246667654876365
0.002820170512164423
0.001746709669435805
0.001284164289214194
0.0015691870244406638
0.0023355670798782093
0.0027016343744921062
0.002084910597589861
0.0021104570098249434
0.0016053152569540875
0.0016003591751240134
0.0026693561400708762
0.003073989680930616
0.0022275355952646567
0.0020906093488440875
0.0021263109772951005
0.0017842146421752298
0.001478508291942573
0.0015881680734244966
0.002096970572370562
0.0017846846488677576
0.002089323973063741
0.002984100818000049
0.0026749215923060187
0.001871246193218188
0.0025051070959355762
0.0031527444860931808
0.002292458380126238
0.0025716598255185745
0.0031468316890352816
0.0029768934746416424
0.003055393422914524
0.003531999692250818
0.003364968557125101
0.0036808133709306224
0.003710137002578118
0.004104653612093408
0.004202887268704913
0.004476188723251203
0.0041709638594423165
0.00477335980677454
