0.0027406091003160547
0.0036143721541065333
0.0024968030430425744
0.002054416243692995
0.0021116735411832372
0.002214627772529225
0.0014181449688860609
0.0023093544108617756
0.0029120156679388587
0.0020946982012321315
0.0018583054412664307
0.0019580363140028634
0.0025199237135649514
0.0021726588754225774
0.002272460808821629
0.0029371823641134763
0.0030614947371704476
0.0027420951100548454
0.0028231838646946795
0.0032783710324400367
0.0033146090155680864
0.0034254266667200967
0.0031683253915856108
0.0034908566938048257
0.003906119954151939
0.003262062378146453
0.0030930342605946974
0.003144122747373064
0.0029613283182412654
0.0027215813696183956
0.0028312456854094783
0.0023346976127020438
0.0021277655438086893
0.0028271427580440077
0.0027644473331948877
0.0019188746715285904
0.0018528701680077038
0.002319165502500555
0.0017068658722819252
