0.004023152258045851
0.003470606367744847
0.0031843033777971034
0.0032774162125494347
0.003762457857196014
0.0031114352306765105
0.002924915059372224
0.0035729132739770373
0.002984234645856185
0.0029931614095045902
0.0036640578377699776
0.0027926226611757242
0.003126415460783452
0.0028261643233820524
0.0028113046319324293
0.0029108968337048127
0.0026381811280635505
0.0035820736197754765
0.002495528544215328
0.0027913332285831372
0.0025368269226427125
0.0025070430198726296
0.002794458686590409
0.0022839126226676305
0.0026213683585915647
0.0024298541912258467
0.0021876689684912137
0.0025099400994363715
0.002586003471655388
0.0021161671283176633
0.0023315623709832542
0.002641256839848648
0.0020590968460396718
0.0024035535440754463
0.0024834688525895657
0.0019717020146471607
0.0030233062511683885
0.0020209889620632147
0.002349873143866367
0.0020466600026170715
0.002866795470719654
0.0020156787371449
0.002202265835387592
0.00247681380862067
0.003096673171893153
0.0029209995813503785
0.0023978840196158474
0.00230719814423056
0.0032940629682800767
0.0032897752376668593
0.002499487192108459
0.002642063073720728
0.0025758478621112457
0.0031041249785106486
0.0029647871741515933
0.002058861976888249
0.0014889631127930458
0.0019413040614962287
0.001801755978546191
0.0024547859580955123
0.0016354575963043903
0.0024237383347451326
0.001604218968951764
0.0030257238779338295
0.0015344987077326655
0.0022336411499845068
0.00167143413859792
0.0015560967878147335
0.0028061956024764134
0.00212096762712462
0.002206987261205061
0.002390192239383947
0.0014268196512603462
0.002140571458289124
0.0028649666297830305
0.0017823467761870666
0.0019507597368996978
0.002574541443714989
0.0021624619825369213
0.002287081986555877
0.0018371007140378628
0.00227312835200972
0.001751660749478959
0.0019476026923816862
0.0021685240673763547
0.0026411714597506073
0.0028536067205083265
0.0018796447337704654
0.002961625600639063
0.0025160909868993248
0.002619245738870701
0.0023569766644557476
0.0019304888938007408
0.0020715764866473087
0.0025065557819763068
0.0030286522324559726
0.002898842109395075
0.0025432239931570443
0.002306054922276558
0.0026672877437696266
0.00235552235007708
0.002922669513103383
0.0023296806263168692
0.002163375269210519
0.0023352907288312634
0.00233809239250176
0.0021939156716954747
0.0022916311706713904
0.001460115219324229
0.002155726981960369
0.0018871802742540316
0.002441417562075059
0.0017361328250236248
0.001743720172290285
0.0016768091263985188
0.002454225130528418
0.002339545188213584
0.0021982735596116033
0.0017264277297147827
0.0020597489404193363
0.0019436183667534855
0.0018684759939714742
0.003102855221273964
0.0017981034469831487
0.0018028630739427157
0.001656946241697389
0.0025999586053894893
0.0016306439903564568
0.0017989495717518613
0.0015321108328850916
0.0024525537671746976
0.002362975275570843
0.0015618835821055578
0.0018500138655791463
0.0014011269402361803
0.002581802422175542
0.002362831165830433
0.0015074587652147494
0.001980136134017428
0.0021292279231747055
0.00180502216286453
0.0017668870442706873
0.001702571905249406
0.0026572246258992657
0.001668540573559248
0.0013432903163941184
0.0026775463430545247
0.0014633552170527323
0.0016793944991523493
0.0025649726060278243
0.0018375214668813421
0.0015880260100365187
0.0019868940534260564
0.002927775175997954
0.002114140968393467
0.001721109620124078
0.0015673890027787312
0.001394639479152087
0.0023712518956970534
0.00224658825964911
0.0020355253010010585
0.0023907138633644538
0.0019516882269494623
0.0014907754333108487
0.0021206554801659777
0.0021398314197580595
0.0030606787863267267
0.0024272062730725124
0.0021535175572767323
0.0016552038567839392
0.0026077417206464243
0.0022111800640639352
0.0017452806130316286
0.0028878266548850806
0.0019693154353176948
0.001723038168274519
0.0029721644545188416
0.0021465968691196514
0.0021474637096228497
0.0024880426266134805
0.0017861434911401832
0.002073190792795608
0.0022021243428403054
0.0016416228838893958
0.002755694093309859
0.0027375374461292307
0.0023939542717170545
0.0035020327826346606
0.0026700123921763554
0.0024349382167110053
0.003371852527094699
0.0026251030885178716
0.002596663362132567
0.0025873552935183745
0.0018682831830437602
0.0024986100393150305
0.0022113060633727607
0.0020209393820492133
0.0025740642569063313
0.002166417245258527
0.00270690855301703
0.002163892072301872
0.002886753163320885
0.002373353163722448
0.0028047452184023353
0.0025471158860642298
0.002639131386548293
0.003592812374505067
0.002536858067361252
0.0030612550012663474
0.002727537031621415
0.0026659248002357965
0.0032345374028147594
0.002788196596107652
0.0027083122945636656
0.0031183043450242346
0.0038151509063394685
0.0027689951776627437
0.0028776737380628364
0.0032783710324400367
0.003824130894053016
0.002971390350578886
0.002933637793514858
0.0035213456878087214
0.003651392327939979
0.0038018816584353596
0.003943137099127119
0.004060701672735164
0.004144597181086785
0.004193659655457428
0.004209952931199556
0.0041996817414635115
0.004173280787767403
0.004144298846965206
0.00413116637574056
0.0041553112706461505
0.004238107058457174
0.004400746490058629
0.005003600864622918
