0.0017427897810264044
0.0028782558363465247
0.0024728723076686506
0.0028238851473725334
0.0024476368139631716
0.002283966264093126
0.0032914224465273373
0.00217124589001733
0.002751641645366865
0.0033400689639894875
0.002798021548144635
0.0027757591731001827
0.002661367221209483
0.003240180678487516
0.003135459016040888
0.0027956708721494222
0.0027993797249544006
0.0030028144466777667
0.0025177343812691003
0.0028589217954335185
0.0026909954314535446
0.002923185786261
0.0033479615397324874
0.0028616991405991526
0.00289507362043526
0.0036921667261310648
0.003034242847113704
0.002699943561554418
0.002786323965447682
0.003434217078260925
0.0027368659847158507
0.0031341845349362914
0.003586923595347679
0.0031669383503882655
0.002508581451631916
0.002922162200123683
0.00344059664628973
0.00238153372762211
0.002579347107470389
0.002940757892467051
0.002382767510947553
0.0025387005660489773
0.0032330510126107053
0.0026150423583476148
0.002466362332963756
0.003453624614731434
0.0025932709934995716
0.002851585235636193
0.002678447226977184
0.003177256637857209
0.0021967575431269706
0.0023751354750331088
0.0033395939126632246
0.0026992881687896773
0.0024097498302645534
0.0033846037703333834
0.0022667910152820523
0.002380318589954869
0.0035487984937029944
0.0020619461598315107
0.0020299362631619744
0.002207579203143628
0.0032360051353837816
0.002094981973988809
0.0021349556339849383
0.0030106451202894175
0.0020459934740030884
0.0021536179193020464
0.0023028708875531415
0.003261416559367847
0.0023704038518770915
0.002929192475479681
0.003912610480239983
0.00294324000637411
0.003066848602800018
0.0030408228228561668
0.003391791760853271
0.0038414107979238194
0.003915752699958386
0.004192002716933456
