0.002124335643726033
0.003097079062540012
0.002246498216913897
0.001537501158960903
0.0022445547017864
0.002024151720069478
0.0024042948827315805
0.0017007447103041743
0.002481354454536429
0.00178040175371059
0.0017218906972562241
0.002665791516946552
0.0012814126040954826
0.0026738494714199862
0.0024656999607189185
0.0028602912757293205
0.0018057670071960801
0.002546220536727431
0.0015665363406086217
0.001758061841260449
0.001954044340812547
0.00329099262019642
0.00237577996978448
0.0022610806335374082
0.0029482493713286896
0.002432126230956222
0.0029437577269560127
0.002602572426083958
0.0025720032585986124
0.003246431823528789
0.002565529814105506
0.0036787564341005633
0.003296503114453595
0.0026538817483600513
0.003635392084606239
0.00305133853841073
0.003518640885155374
0.0026032938860994395
0.002909297755441276
0.002525151315316723
0.00294148129461977
0.0029363974500489502
0.002412388136939293
0.0024680369751968207
0.0020864653498871085
0.0024562450125038314
0.0018249916456969631
0.001860551880643178
0.002877165453691913
0.00194352318711821
0.002016800873403403
0.0028415509259104295
0.003359817966800254
0.0024188427014571606
0.002557814943945266
0.002521987101741612
0.003031064547568483
0.0035626822860128178
0.003021595324799583
0.0032783710324400367
0.0032770021477953274
0.004076824456411902
0.003202590168427229
0.0035297117218546542
0.0043468352325262164
0.0037560986876236583
0.003587892730111005
0.0037642017994253137
0.0037205095125380965
0.004024748798649115
0.003842683776046769
0.00330887838526364
0.0035549795751796645
0.0035979800690696413
0.0033238048923348224
0.0037475907211180805
0.0035876804965519317
0.0028003672140039767
0.0032179911532662277
0.0031230675671729343
0.003373520935825796
0.0024478155353951955
0.0030352769266713264
0.0031256025484788946
0.002797148647363816
0.002749663038430299
0.0021833018928931205
0.002619321417546307
0.0027702524153679986
0.0021644113060390745
0.0028619620177878662
0.0022594128766067058
0.002208429483085027
0.003183134275186725
0.002893994834791081
0.0026599152481398655
0.0019897196623204845
0.002984841098095377
0.002375381635228335
0.002251442471110837
