0.002925201612463662
0.0028555035464638335
0.00306795578312928
0.003199650768741121
0.002228597185944984
0.002259834292449136
0.0026907349718143475
0.0022781129860278432
0.003100627505494699
0.002250581008614558
0.0030346747165911673
0.0023344753428776606
0.0020964724758734277
0.0025392670031451838
0.0023224056718548084
0.002145351248933776
0.0020037321024766346
0.0025312408976627945
0.002399030025536506
0.0022913633147207675
0.0023658287705403433
0.0020771462582389547
0.0020769950817378434
0.002898683878314069
0.002173156720063741
0.002223353867457769
0.0022767527976344857
0.0019939593413250247
0.002717072417998461
0.002668528922221813
0.0026471145500697128
0.0027520207188788926
0.002812171259805997
0.002844064116155649
0.0028173088935396647
0.0027050310736193976
0.0024861827495223495
0.002161368290047788
0.002266665882082252
0.0021214414152646603
0.0021688289278104633
0.0021622478931321715
0.0022395090989122033
0.002892654246525824
0.0019029345884676754
0.002267737601226383
0.002433312509466677
0.002686088475694052
0.0038085831641242263
0.003465523084598196
0.0034652388937094366
0.0034594527803728115
0.00295682695281886
0.0027621774555388607
0.00294783964394356
0.003107713924617173
0.0026234468814874314
0.0029588015982674933
0.0031307601203380466
0.00300045885848871
0.0033891967443245704
0.003730912970230697
0.0037754151142265703
0.0038862442233225584
0.00351109755878429
0.0034837022773076907
0.0034631074558660376
0.0034438282115849994
0.0034221545270897843
0.003396684921601765
0.0033690586013053452
0.0036895914361628457
0.0033234690849210198
0.00331928854954219
0.003638748303138848
0.003404785331598209
0.003859242514821655
0.003955342894565222
0.0036489487611183224
0.003373269210255206
0.0031973080522203867
0.0036159777949237495
0.003896535934609608
0.003661228605630041
0.003149057429365217
0.0032964070514935884
0.004036262824760342
0.003584703531923841
0.003337949819094066
0.003691420873568048
0.003956231917590506
0.003372151357524625
0.0030160114190939196
0.0034298473473704065
0.0038207390296479777
0.003447835157660856
0.0032322678473104597
0.0031703763427697023
0.004058103633092055
0.0030268325693055113
0.0032684155841228566
0.0036783511677178538
0.0033416737273186253
0.0028767414102348725
0.003593536562859105
0.003043067852738057
0.002850159598425473
0.003685299168290034
0.0031943957244947334
0.0026938441868492834
0.00363299856196505
0.002655174379924978
0.0030982859300731367
0.0028805600565171845
0.0032051375826463555
0.0034794679330695166
0.0031355612855836963
0.0034156032027164666
0.002690150052146967
0.0025902897039900043
0.0026616775321766403
0.002933585232547118
0.0025709154323312164
0.0031335443340432755
0.0024247278863110005
0.002596396423633942
0.002313225110462442
0.00254162499869266
0.002889189826073667
0.0017867353317026977
0.002022301817951702
0.0033910604365474306
0.001854560937335878
0.0025007818290569282
0.002420747278518455
0.001960624254546592
0.0027998446198666963
0.0015298866139950074
0.0016415774265947942
0.0026007364175124298
0.0022633044171124096
0.002710558346092564
0.002150398176405031
0.002859351019142639
0.003075674594343027
0.0023043530882042975
0.0016472577766123836
0.002336572729705608
0.0027572663173649867
0.0015029876695139245
0.0021255567664599517
0.0029173262633230635
0.0016826217818558655
0.0027780470659519987
0.0020921348589264042
0.0019070632264873034
0.0014200481965165484
0.0019403335351645915
0.003194955619529882
0.002413249067119318
0.0015298970797540947
0.002439703010570282
0.0028222362545040924
0.0022140540447503493
0.0018425532124928526
0.001773078760906754
0.001973527933370874
0.0023339001341715158
0.002842104313834761
0.0031869040239709615
0.0030059178710517727
0.0017778572216095823
0.0018764417418045394
0.002103714571273139
0.0016023406767107149
0.001969292008387582
0.0023164205623068157
0.002082747891077424
0.0025397509643135963
0.002246667654876365
0.001928922843978619
0.002200439363906248
0.0017225804579670083
0.0019292741828653536
0.0021762740786827736
0.0020869683089840604
0.001930416598236677
0.0022463760324500535
0.003257147261325312
0.0030091038380084876
0.0027717041021465415
0.0025599646527745628
0.0016165765212659343
0.0023172869451615202
0.0023617287275542426
0.0032593585854360603
0.00293169516436743
0.0018987628192760836
0.002181792357379239
0.002021304894553418
0.0027496915628714446
0.001968439669503575
0.002166298815223819
0.002490727413161233
0.0016961728652815037
0.0018634738300332785
0.002123716238369808
0.0024432441439170946
0.001982819429868798
0.0020784157860451744
0.00228701093152677
0.002202657745098616
0.00189101439289549
0.002045195909439149
0.0016566552376407696
0.0025799936476582977
0.0017554891173137367
0.002678985358673075
0.0025617801804963436
0.003363289841182436
0.0027375387687779036
0.0026456639713427215
0.002661270260069239
0.0021620084551003233
0.0024418645573825
0.002790109278410181
0.0034482111792646097
0.003484004038427616
0.003658287440208219
0.003279010465284936
0.0032096248670484273
0.00349855599499786
0.0038697690462076106
0.003579857681989207
0.003229503605530871
0.0032260786190613988
0.003259529444981351
0.003329583874512174
0.0034385266913808357
0.003266907799425317
0.003188692777073933
0.003221478197609339
0.0035058503744170044
0.0031524229980155823
0.0033087379089462776
0.003495598407927087
0.0031833394138952426
0.0033684691390660454
0.0038898125983751934
0.003311571992451587
0.0035617760992624164
0.0033200519718599095
0.003608227016723831
0.003401856425317608
0.003252069912025954
0.0038519266875419365
0.0038123031695823533
0.0035824297509307003
0.003307067424787406
