0.002141415395829066
0.0027803162721958996
0.002880442077574123
0.002290457157130948
0.0013915394971531565
0.0014721187402701663
0.001705518072463864
0.002000962765136087
0.0023016248254185572
0.0018153060946293318
0.0020375256297683907
0.0022058509901696764
0.002330532053746814
0.0016391596968440938
0.0016495717160468293
0.0017599393381138339
0.002056614632291872
0.0022796293338238727
0.0028976090719275765
0.0018444608626746167
0.002408456977798818
0.002093253622516863
0.002576155355590929
0.0023846847344905016
0.0033264638986556555
0.003004301380440922
0.0020990016403580163
0.0028338929568437277
0.0030484141670199575
0.0024343384979861617
0.0025634341973262437
0.002873284422201639
0.0026232477981262565
0.0031657664536496287
0.0031252336750900193
0.0027916531792908194
0.002984579896354301
0.0026979771649308605
0.0037321046674679515
0.0030597155105551803
0.003168277622673368
0.002604750272584938
0.002783989972799255
0.0027740718095027703
0.0028075261233199643
0.0026253709248406747
0.0029648781882008705
0.0026710122878015894
0.0020727943354425884
0.0025342400552331515
0.002513604792571823
0.00283645151540778
0.0016502788617106534
0.0027447558459790782
0.001600162714961952
0.002024300784833641
0.001847044191534882
0.0012878482360468531
0.0028804214113678536
0.001612351643395903
0.0020597255128580387
0.0020111329382043936
0.001882042446048189
0.002019763719556669
0.0018129738578747951
0.0014534894252963364
0.0024743505822493374
0.0014580652792615537
0.002119597655833903
0.0024689773444420064
0.0016033929280491585
0.0018391554758049064
0.0018637503131350261
0.002087614944996238
0.002977558825865227
0.002204541467464931
0.002116595312591109
0.002925873783538313
0.002071913739743983
0.0025690611173914907
0.0027160146140274943
0.0019458218177289294
0.00215954807134243
0.0027156173931567875
0.0022152562540113177
0.002303736195542249
0.003227647653616498
0.0028117499710751596
0.002671097431193141
0.002748730432997415
0.0023697227687560665
0.002603221966005841
0.002923389326977198
0.0028643017286852854
0.0035155691992100235
0.003036100462631771
0.003232401777362769
0.0034458088957950543
0.0032509404632572554
0.0030268325693055113
0.0036408014821084854
0.003696455092685091
0.0034054785129577917
0.0031105527952974693
0.0038646797947045155
0.0034560098507146796
0.0035694783440106486
0.0029139875800706064
0.0024938467487921425
0.002565471431957707
0.0026439852204416213
0.00268644183790724
0.00308037811998563
0.0026347764844623137
0.003624536821218039
0.0024057272445124137
0.002644248904521522
0.00211737833927084
0.002160321114640247
0.001758061841260449
0.0025608136707408204
0.0030299480166161327
0.002291688688062718
0.002096881120180429
0.002491196815771305
0.0021148968364397185
0.0016899090941475175
0.0025391656649329693
0.0021908484563676577
0.0017538739750369362
0.0023733155601676687
0.0021572804644228467
0.0021787514879964037
0.002708502690662609
0.001376650685759398
0.0029343240008719777
0.0016469697520007007
0.003191026977099134
0.0019622702255070114
0.0024547859580955123
