0.0035740805629825524
0.00304095516948471
0.0028384873347843875
0.002783219501695791
0.0029268372871838456
0.0035308165358564274
0.0030455106339348902
0.0027542164167321708
0.002998323459306651
0.003131064532366717
0.0029965619244339326
0.002673535170159069
0.0027933182903993417
0.003263230264861517
0.0027116628006839255
0.002643007589929381
0.0036090378417620852
0.002731922689062538
0.0025671781979117684
0.0034327755704265457
0.0026693872739965803
0.002572598230436248
0.0029769004608840707
0.0027370854769258332
0.0031046511217099827
0.00270421643844596
0.0032606007125534123
0.0023838843300519634
0.0030556226917382214
0.0027379144230696203
0.0025195148584352396
0.002576239808440394
0.0026447511193085525
0.003466857942282294
0.002197140289660225
0.0029627449152422472
0.0021314500293149906
0.002890444283157192
0.0020678533423935377
0.0030921234712332313
0.002081091829278058
0.002292845444584344
0.0021563418072227344
0.0020601510503684894
0.002249015124405421
0.0018791224182828344
0.002689464799663409
0.0017406673288592202
0.0029259008837563467
0.0017131478982221548
0.0021447480356697893
0.002330094787144503
0.0017205741381229826
0.002718774665679995
0.002272163227680932
0.0017333661403357104
0.002215752207399043
0.002425558117144965
0.0019920298906616553
0.0018116453293536845
0.0018034739683377783
0.0019126781782802015
0.0020997150722402054
0.002711924981568155
0.002925228381901814
0.0030484219225533366
0.0025149538291872188
0.0023690911402990513
0.002261363325607849
0.002190075332213081
0.002153806541922568
0.002626973448106348
0.0026600590279162047
0.002235448189467832
0.0018634303995819013
0.0015714098934288307
0.001735139869203909
0.00192875652774247
0.0021499705402329154
0.002917762052466908
0.0031081021389851183
0.0029458912851001175
0.003229922021876566
0.0018285536096031042
0.0021572015815506935
0.0017645176632831347
0.0018230101029129589
0.0019369817471623473
0.002587886269537518
0.0018227749983212426
0.002045946991558773
0.001824796159743428
0.002083551873437464
0.002815834146552165
0.0017938024657444926
0.0020596171616986177
0.002744777883679238
0.002590305460870221
0.0021126542971316373
0.002341964344020583
0.0029965230661081247
0.003104377109184141
0.0026119903907725443
0.0024292789657805753
0.0025771672331116003
0.0031038861859413896
0.0028693212409667693
0.0025186477021422963
0.002618782408725914
0.0025867295840053058
0.002722197588467064
0.0024352835705789473
0.0023520379699218177
0.002486716620293077
0.0028951642762845287
0.0021774018016428227
0.002327665038777466
0.002751273108737573
0.0026649520894287803
0.0022913633147207675
0.0026155480457162737
0.002269972010610923
0.002021486551636442
0.0018590665201772875
0.0017814091451701253
0.0017950807428625734
0.0019157067509257008
0.0026330713650912327
0.001616182151786886
0.0020517039143683248
0.0016890156697858803
0.0013057825250985984
0.0021400922257789846
0.0020361740972769703
0.002015298085538117
0.002072632124049664
0.0022002130446923942
0.002393391091040853
0.0018376747607555762
0.002121364043375948
0.0024357033490087624
0.0030950726803333976
0.0026459344243245494
0.0025844726267539994
0.0027948312381898387
0.0028451107909376627
0.00258224236834291
0.0029697733327447625
0.0032565390844173925
0.0025336177952221834
0.002873762165499423
0.002614412094024271
0.002743454742400173
0.0027080625738367735
0.0029336194994477077
0.0028818535187262696
0.0029835569198586086
0.0031894537846201628
0.002966939871558493
0.0031825023219548988
0.003148210844117324
0.003102742927909472
0.0030495938309533445
0.0034351058466950603
0.0033170588393312784
0.0031966220817981994
0.0033556491152776377
0.0033646592653121415
0.003190540451975897
0.003809131165843525
0.003230056024004316
0.0034484230981522094
0.0031918023591856557
0.003346229608901515
0.003502483874517138
0.003451503257954216
0.0032568113858922497
0.003319300337837327
0.003359482781148574
0.003373269210255206
