0.0020202650704051538
0.0020094721506398257
0.002160824563775818
0.001391928434487811
0.0020815315202916836
0.0022751680326377373
0.0027241389678736043
0.0012493272353548304
0.0027597301476309853
0.001996387954537069
0.002220265450369764
0.0029608815103437615
0.0022485946685331824
0.0017243598974487806
0.0018102059857192738
0.002368208752716567
0.00328755438135548
0.0025455073352353874
0.002279292286985411
0.002166417245258527
0.00289391676272306
0.0027412545085389456
0.003191339271684692
0.0022971563900429817
0.002179232628970627
0.002353866249582351
0.002894799020911767
0.003487044014028491
0.0026173359439255793
0.0023350152475975373
0.0030034149073498214
0.0023536658604573057
0.0023126082035081867
0.002373711633853044
0.002345016763062742
0.002067376294361201
0.002096211050914282
0.003138478065069795
0.0024868847157777842
0.001692190359483699
0.0019471435979649592
0.00261092752013005
0.0013029165456568915
0.00138787609966251
0.0014129827501615435
0.001895098271366516
0.0013005845361154665
0.001282693946447496
0.0022900869758526125
0.002932628276409718
0.002165028708919032
0.001559908497639198
0.0018936167320556736
0.002304981660175602
0.002579848365842458
0.0016170480969911539
0.0027305674534093363
0.0032377782640059622
0.002653192630719715
0.003102802902373678
0.002698336240872258
0.00256311244030755
0.002545456968537991
0.00332464103471809
0.0027438867391761995
0.0034427438470442085
0.002597673448602933
0.002592279723810693
0.003621632010620364
0.0030786287070300204
0.0033311661114357586
0.0028561270210957527
0.0032432973847793495
0.002566793205890828
0.002739389959520016
0.00249854693065709
0.0024734200462879106
0.0018619601250377483
0.002426051041788401
0.002246667654876365
