0.003837431957942751
0.002846709359483501
0.002882270618361587
0.002828436314278187
0.0025073040211575155
0.0027981888913339967
0.002811307717844991
0.00237904586969485
0.002222756304503513
0.0025295402914504938
0.0017126610965771405
0.0022777752800007284
0.0024493480475655484
0.0021956253550230085
0.0026024383973118153
0.0011859735166639745
0.002618629313854229
0.0029973109497009177
0.002877755794726077
0.0022789576095712193
0.00251513856222417
0.0025574548128578832
0.0018871656948842683
0.002057866094761357
0.0018596696721489682
0.0026751321407886717
0.0018126177321461303
0.0013727401976743772
0.0024623587399785103
0.003126693511860298
0.002234292320723765
0.0027513992707273735
0.0021912330057507956
0.0020050553537897314
0.0017801335336922897
0.0023113638115662494
0.0030273507073995576
0.0015477737702722192
0.0019325737331631284
0.0022919510107113888
0.0017903188025014112
0.0022854824007712956
0.0022886001204866155
0.002077856556971077
0.0033693560695521045
0.0024068458181129094
0.002108574682698174
0.0022738184139096426
0.00248425080843519
0.0027908208320645716
0.0017464659749090675
0.0028272134387994
0.0022696672373056087
0.0028374250415082163
0.0016497604496762783
0.0025787552512341514
0.0015177557249467265
0.002801045620300717
0.0018567917140105948
0.0024157962922413223
0.001954065749296593
0.002074345647340599
0.002785791402810986
0.0015580098071757084
0.0019100503451429818
0.0030063524326226065
0.0019175488894426628
0.0020639824196266397
0.001908528127544618
0.0024167767739334553
0.0021810557799135395
0.0016238027643441107
0.0015708976941761618
0.0020212822999731476
0.0021240283677853833
0.0017002835844211809
0.0022597367105927258
0.0013255046788594911
0.0021219200458242396
0.002607574028576087
0.002804294081860422
0.0030656555807571503
0.002344211882801202
0.0011834396961049732
0.0020986143344740114
0.002228726638065761
0.002157456775573311
0.00199396975856547
0.0021986238477413184
0.0023802575599521703
0.0029896008236872714
0.00207886050433093
0.0017130213772695694
0.0017272780775023017
0.0016658409918867015
0.0012031215983249433
0.0023081674348619267
0.0019297879774579634
0.002924195630234345
0.001612351643395903
0.0013931915000548432
0.002204594604262056
0.0013874023120527728
0.001536394207882386
0.0029160450717173503
0.0014502258748545999
0.0026836061805013698
0.0016852188900660244
0.002697869389903576
0.0026044716585775884
0.0025032909665128173
0.002268073572112109
0.002353270923583591
0.00192834883496493
0.0019324173920336224
0.0021952799242755156
0.002216533510648816
0.0014712863021884483
0.002034840410991702
0.0018444608626746167
0.0025477543501915656
0.002708766597977415
0.003069032674891496
0.0017952546543453048
0.0027084750278260333
0.002971942865746333
0.0020583567191118516
0.0023631993070245814
0.0023399995116635494
0.002347540364703197
0.002228432321167938
0.002990621036444552
0.0026713705603255474
0.0036834148236359284
0.003754086577763448
0.002145211068011452
0.002620196753194255
0.0026024707888337687
0.0024097970330146223
0.0028053109084751108
0.0020876950560244586
0.0031271032977915596
0.002955036597125197
0.002867418053978659
0.0018794323371545396
0.002395173434321783
0.002657116033108531
0.0020235026182444655
0.0016110595337796294
0.0020636917373607943
0.0031677678293695753
0.0022995425221714974
0.0015978152459542073
0.0022957461369667058
0.0025831243981082165
0.0022129982890145747
0.0015142146039733072
0.002825807157627128
0.0020824567401867148
0.00209903354570474
0.0026442928902365697
0.0017896307410168008
0.0018970424018867635
0.002456798218172542
0.002036370307389136
0.0023359775317417317
0.0021366546204512433
0.001331927737778469
0.0017707868244630758
0.002286262955012605
0.0015119180335186329
0.0021191560898205187
0.0021505043425227187
0.002818120589464954
0.0033670231890836253
0.0022725101561863123
0.002096688149451432
0.0015151218832843455
0.0019061577515673987
0.002233255227388585
0.001639168459187574
0.0018228041296343414
0.001961179867592471
0.002079339920720091
0.002197250379871497
0.0014303780989973413
0.0016002864100693023
0.0018257652148562582
0.002482449681943245
0.0031963277731106884
0.0027483668181744313
0.0028384674175909335
0.002090286558666891
0.002062354379689074
0.0023076348228416883
0.003226915071636321
0.003020462400720883
0.0022909876414107734
0.0018502282189270015
0.002725648167674486
0.0028402197339519207
0.002157032001041401
0.002518134461944339
0.0031151257221570306
0.0024310977728090643
0.001914725516388107
0.002685261789364334
0.0030609571467505726
0.0021730413744824066
0.0020020751081291912
0.0019383393066443077
0.0016450174623680413
0.0020122885448725703
0.002317902448866776
0.0025254199902768155
0.0023093582548567096
0.0019175727494808894
0.002117306910565906
0.002317895222078314
0.0018444608626746167
0.001757900792838712
0.0017998011724327954
0.002080934551641819
0.002375320071808738
0.002748441534392313
0.0024256420081454357
0.003073133309146394
0.0021759825382082943
0.002532124384337292
0.0026661816472598183
0.002402237408878253
0.0024001313030260494
0.002533693431670597
0.002759281663340796
0.0030650380873468923
0.003440309689640073
0.0033303197470201766
0.003766216084121534
0.003415262484083141
0.0033750999397991056
0.0033764614182440504
0.0034939443320648536
0.0038065377381039833
0.0037154486075635425
0.0033876529439914034
0.0038831118131456384
0.004690946260884823
0.00356028558266648
0.004003903359377094
0.00393524038879664
0.003993624853963967
0.004676518683755608
0.004125350477297878
0.004624692895244904
0.004300284740875923
0.004688760191982094
0.0044823998383974216
0.004836746876671576
0.004672571700589131
