0.002039740690575958
0.0026898954927894203
0.0030504544036398695
0.0021522656958289383
0.002255051899162117
0.0032683740042967757
0.00211283420680741
0.0021507065203955427
0.0029371238815055854
0.002517563190622635
0.0023529443813700666
0.002923713845015481
0.002240415550394772
0.0033207116760223263
0.0024381062003374504
0.0029028595723694733
0.002737766037687235
0.0034657885173844266
0.002415658954246633
0.0027913332285831372
0.0026339209856993608
0.003615619967754835
0.003340505893894966
0.0036242746980221013
0.0027075732674808556
0.0031771175107335498
0.0036412450094896655
0.0033228212593205205
0.003235831028730994
0.0033492852405001237
0.003110159247702887
0.0034573606361621967
0.003337793936066935
0.003119500589042225
0.003878904491919972
0.0035072164212961963
0.002928421262027263
0.0035580418654947835
0.003257468889885704
0.003366510231724406
0.004150731491778216
0.003035966106488723
0.0033097965154265134
0.0034424415555920876
0.0030753388323704225
0.0032027124336725383
0.004196827187725697
0.003431909704020805
0.003108465389046782
0.0033260103002656616
0.0040700453814460115
0.003304456323824136
0.003112020141645264
0.0034811136585583347
0.003641578607320358
0.003577339802858168
0.0035148926182465207
0.0028497242830402437
0.0035719120973236197
0.00300045885848871
0.0029071503050736506
0.003258761759025347
0.0036873127796801164
0.0034765192989892565
0.0031510604916589165
0.0032523197373692326
0.0037159900299953575
0.003429601731672922
0.0033440339360382323
0.003547627137493261
0.0033393661673704247
0.0031441046958604227
0.003172711127820951
0.0028241649166434873
0.0033442733746436256
0.002634602322840874
0.003241926529064776
0.0025229740063972017
0.0028256310556164692
0.002919747581986801
0.0022806672915910917
0.002684645127241175
0.0024725432839265136
0.0026897918990752205
0.0025223864002721238
0.003113254781186092
0.0029603730200285323
0.0028208734566018178
0.002287201499509657
0.0025681537131215537
0.0020831143718352475
0.0026203472446188823
0.0024783138702576587
0.0023296453838106265
0.002559299060048066
0.0026732841908088324
0.00286583354455924
0.0021912349086928695
0.0026017592764641406
0.0026694473383724977
0.0018856128983577036
0.0021446611123261436
0.0029155097153307067
0.001910286931862501
0.0026403429337703028
0.0020244721039649094
0.0017683702849813476
0.0024937891500007884
0.002201603061166264
0.0020043408585627962
0.0016563882777522255
0.0018150525257025157
0.001955619392471726
0.002074215747563079
0.001737502273861437
0.001299451854683671
0.0013932209161510892
0.001537066250531819
0.002239956968031465
0.002121364043375948
0.0026490578366189887
0.0027114981188796896
0.0020327894237281733
0.002071755561036565
0.0015610097177429676
0.002477862173696342
0.0018528543113361235
0.0014275031077989344
0.0013202130849719752
0.001484958137930242
0.00290958518580923
0.003233554335244724
0.0025963656920638786
0.002527025263425285
0.0027263650200337907
0.0021703467570649932
0.0015400849975353394
0.0027546631986089436
0.002360534467854662
0.002398022571670422
0.0023058968694513802
0.002198899712194037
0.0025488617400628924
0.002159087077627367
0.002055050298334643
0.002531228744808844
0.002164114923541479
0.0021838097067064144
0.0020775821695677545
0.0021799016730166217
0.0013697902343736404
0.001449367168349639
0.0017520041929996615
0.0023917790471000896
0.0025079752468592513
0.0013901605626302567
0.0019215743721871358
0.0024313999976039546
0.002201991887780029
0.0017203939531432282
0.00175881677222286
0.0015764054473857375
0.002831338400270191
0.0020180856592531197
0.0024182914551248743
0.0029751352382790235
0.002774530141391516
0.002247030522830425
0.00203925600636864
0.001974898525848059
0.0025474593752407276
0.0016529654060487699
0.0021225678719490747
0.0026172571403593674
0.001846410437352102
0.001986710468767371
0.0022734513398882245
0.002086167313168318
0.0016214316854463433
0.0016519763900165094
0.00149423523966841
0.0022120524131966266
0.0019074725894334772
0.0019120872353756112
0.0018200670320235785
0.0013751053218966417
0.0028002427864453764
0.002207074275393651
0.0018554657824038337
0.0017483532575698333
0.0022236286235802903
0.0015432502199840313
0.0012776765765902575
0.0014855056951092592
0.0028551440087637076
0.0023692608478404053
0.0023666574663083312
0.0021637270097106713
0.0016293842738661346
