0.0033146458947338744
0.0033154868726729303
0.003204601899931745
0.003438199541160047
0.0034378517725934367
0.0033205930299446277
0.0031651823400424763
0.0037452777807431737
0.0031886582279876613
0.0033969442657393206
0.003141281015834647
0.003300220416739331
0.0034332503960938982
0.003394075350722461
0.003253636596120286
0.003371438998888046
0.0030122108523630213
0.0033708240320576206
0.0031287938382958
0.003519804395808587
0.0031043472067104195
0.003275960582215832
0.00321690367227385
0.0029641282297067527
0.003025835491908628
0.0029516943644708384
0.003268792183255545
0.0029555475205414396
0.00398909667476253
0.003388515186712159
0.0031580965484638876
0.0031435630888397956
0.002898694709387457
0.003060685273216204
0.0027943729649571444
0.0029031472843307035
0.0035521168958803843
0.0029985356921008602
0.002338894697420868
0.002246667654876365
0.0023562696123490988
0.0017443349551902506
0.0020443571390460985
0.0016007661122308867
0.0021264380580081647
0.0018751161759127408
0.00174507547934353
0.0032195748459524108
0.002897090365144169
0.0021552335343382476
0.0026943428375292276
0.00290356918352764
0.0023435790621893987
0.002935328466266791
0.0018721719816041503
0.001611784723852879
0.0014014840215653072
0.0018919815122426756
0.0016142074090816911
0.0021506237270132655
0.0024928608948334833
0.0013895481947074663
0.0014406538449875063
0.002039324250468761
0.002574980129973788
0.0022117004782842686
0.002700855885289725
0.0014808984155969091
0.0019020139089070648
0.0014657703944745764
0.0018819262901060053
0.0021971770453578753
0.001594762700227158
0.00172512251531519
0.0025041446599757535
0.001682569010286376
0.002550154612247338
0.002249690186032533
0.0018346416640736664
0.002398022571670422
0.001659446965704477
0.0028335251115122343
0.002159702921640127
0.0020379071942763843
0.002462231781336059
0.0015351225736650687
0.0020800294159124435
0.00204210527834142
0.002075433418385684
0.0027915111252266797
0.0022410090612994833
0.0015789689124755067
0.0020840615925407217
0.0018155659494996075
0.001725624230695934
0.0023284635687116067
0.0022076983218786636
0.0022138638468475664
0.0017578455412403215
0.0016316708948802977
0.002276471618294741
0.002614488386346729
0.0021382969485337516
0.0021978776393836354
0.0015625272971303717
0.0014656126105192357
0.001466813273670594
0.0015313759391501508
0.001635491879106681
0.0017757791789023607
0.0019646595696866543
0.0022261294056066397
0.0031548415036280427
0.0030681839276012353
0.002411466181082157
0.0013102263331712656
0.0023547335830801683
0.0028617729829517337
0.0020590781508013447
0.00239081638534599
0.0021622960190959078
0.0018839447911431822
0.0025646907506333893
0.0015914889197305414
0.0032193437148653995
0.0016801558695562293
0.0027428970534529775
0.002137481199510581
0.0025785713516163823
0.002149253909902588
0.0019096687000967941
0.0019142158981267038
0.0015020788440850011
0.0022140878473346022
0.001895671965941846
0.0022183767801466536
0.002740384527452843
0.0013625747876190092
0.002575423936912405
0.002888902466937152
0.0016554394080791875
0.0018541833280596293
0.0028452204096376123
0.0021622067602845877
0.0028828844148211974
0.0017380762935603501
0.002484034133841075
0.0019483905167483311
0.0025288635497961085
0.0027345020823466644
0.0023194225203010707
0.0022368809587377937
0.0023469031984461953
0.0032523148246537195
0.002750654848101557
0.00318326153160727
0.003055865170914463
0.0026874496665782485
0.0028633564540349477
0.0034327755704265457
