0.002418405822154048
0.0032973617272879403
0.0025862897152766234
0.00273862104065567
0.002228597185944984
0.0024295884186130864
0.0031709879074953463
0.0020972135408026033
0.0025944937644116844
0.0026003632918760286
0.002631110437605815
0.0023344753428776606
0.0020964724758734277
0.0025392670031451838
0.0023224056718548084
0.001957274788437024
0.0020037321024766346
0.0025312408976627945
0.002399030025536506
0.0022913633147207675
0.0027594383604414518
0.0024266131267249662
0.0020769950817378434
0.0032244534463326847
0.0027174385129899764
0.002688249543321959
0.002460327745402966
0.0025406557173325577
0.0027184835215817295
0.00267001613515035
0.002694243851126583
0.002753535260696499
0.002813665049362611
0.0032260503619823432
0.0026352861982905282
0.0027057468743690452
0.0024869061931075457
0.0021621177916341795
0.0022672882951799006
0.002246667654876365
0.0021688289278104633
0.0021619720998498414
0.0022392728187707674
0.002396909409628198
0.0022962636499111854
0.002163354466557904
0.002435459424203981
0.002688979640754859
0.0034865553318582845
0.0034608720328890936
0.003256137890423523
0.003428601966139676
0.0029599587589087526
0.0027651374874839416
0.0029497145592610424
0.003108725518321434
0.0026240922087154453
0.0026318810917061114
0.0031306307660399265
0.00300045885848871
0.0033895616298204017
0.0037296461013110152
0.003622713823100154
0.004190540371183946
0.0035097515266154164
0.003482432155352803
0.003461959013942941
0.0038164490738015816
0.003792791227810622
0.0033967706833287585
0.00336968479925249
0.00369044962103791
0.0033241545856612558
0.0033195192679615756
0.003341175348254058
0.003511540821197304
0.004088239182937954
0.004284333001587577
0.003650319150331719
0.003373269210255206
0.0031969145159614827
0.003614316259642676
0.003892583193640873
0.0035708074626588653
0.003143957274096968
0.0032913455420658755
0.0038773788005493645
0.003574357741519996
0.003327181506024689
0.003340874016877029
0.003946917176660068
0.003362704889288615
0.0030068344575706002
0.0034829666235644393
0.0038140460363401338
0.0031494517818519427
0.003222969692291818
0.0031638259758241705
0.0037111323703545715
0.0030268325693055113
0.0032739183600183335
0.003969353369644202
0.0028538629149104247
0.0028987153430456566
0.003588724395854597
0.003060118015570231
0.0025747332500448256
0.0036861109541421982
0.0026921853861181086
0.002764139734934682
0.003185566237831329
0.0030924938799200465
0.0025608321761653183
0.002908619329090958
0.0026059715650794384
0.0031872874819573317
0.002768398574057495
0.0034157117436234142
0.0027150899478213626
0.0025902897039900043
0.0026335301440541877
0.002460811221786532
0.002473107490702366
0.0032185618036376998
0.0021947654012932183
0.0032129919747726416
0.0018290912865392024
0.002452954664132684
0.0021710761018589888
0.0020732345076803593
0.0028519703631072297
0.0020909787142689407
0.002325202322772332
0.002983090430861487
0.0015381485011025458
0.0021909982914501314
0.0019961448937487543
0.0017650430468020189
0.0012879888144213217
0.0026007364175124298
0.002201817048005584
0.001969788331953949
0.0015980886648255595
0.0022336643307857653
0.002101410078737636
0.0019527544196767084
0.001516579330763758
0.001556937779292539
0.0018648891914963676
0.002518618487664948
0.001979950002057112
0.0016428898838743672
0.002193781684965972
0.0023628543305635134
0.0019349558843861133
0.0018057261428962481
0.0025855768731049412
0.0023081829844246093
0.0018406854971085827
0.002075748397568774
