0.0021182011475805408
0.0022869720013974654
0.0026683204223159544
0.001736919548618777
0.002292986819959297
0.0024996060190017985
0.0019459328320761329
0.0022827321831819466
0.00209151143412954
0.002300022726595979
0.0029790959435666716
0.002205724536775027
0.0023590497697199876
0.002574256092356798
0.0024792526364318746
0.0025502945693592783
0.0022681402810011252
0.0024430952795360906
0.003057570976889281
0.002436529676954211
0.002520702406894945
0.003502480040102045
0.002100604799489248
0.0025037643108543764
0.003354635298830739
0.002366100087026174
0.0029376532610167452
0.002689947367291615
0.0028757998739329794
0.0022854420434392686
0.0028996590825964216
0.00347728211631816
0.0028178115803416275
0.00296945283197529
0.0025561456586427438
0.0029300794469930675
0.0028425904992548344
0.0031226430402968163
0.0031659016427496014
0.002952257842832876
0.002810011926240583
0.002759614018956726
0.0032804605388146568
0.002578401965341298
0.0027726615401682973
0.00401467435748067
0.003409219341191258
0.0030279541826328696
0.0025548697279574113
0.0028704396785435094
0.0038902799431201522
0.0031290991429726227
0.00304327483686098
0.0026347366088000663
0.0033879455532769102
0.0033587292413494764
0.0035013865496565265
0.00281007232108675
0.00293454325848619
0.002985555936146037
0.0034496904465265345
0.003706107484529922
0.002774571570314231
0.002806982058372833
0.00352363066874088
0.0027104448170751964
0.004162985125152372
0.0029868856437464905
0.0030845058935926595
0.0030244869725431873
0.0032881988625895107
0.0034502433767643293
0.002600437063097143
0.0037594198761924367
0.002715815080459351
0.0029175631717214515
0.0035341104938901298
0.0027253380810404577
0.0025785684743517587
0.0028977887271624684
0.0036829965128798562
0.0028176207413380043
0.002849729773877238
0.002545546039078017
0.002469308947154023
0.001799937699734312
0.001907744128723956
0.0020826621669095477
0.002299309295385809
0.002082177507053007
0.0018848875316734598
0.0020489972470877677
0.0021472411675218213
0.002967790455226846
0.0028907604880340975
0.00311323868266964
0.0028344511650133723
0.0021277065939590742
0.0020387086274811974
0.002405800419179533
0.0017694820154615372
0.0019055632694776894
0.00203122790989898
0.0021384014759961746
0.0022196482974501373
0.002268483882634424
0.0022800948532634533
0.0022512093764598395
0.002179263714698064
0.0020635055494090246
0.0023324763734824294
0.0017192316303247341
0.002212963581075771
0.0018944244022240126
0.0022860905423088785
0.0018485415594932462
0.0020963276041415287
0.0022902242885422864
0.0028697613434635377
0.0024547859580955123
