0.003235038816437725
0.0029775235978905124
0.0025862897152766234
0.0033980476687967987
0.002041920476887934
0.0024295884186130864
0.0031702447999552795
0.0026295653139801136
0.002991428296413566
0.0022513039809624034
0.0026323460280896875
0.0023358615024047257
0.0020987772923183167
0.0025405355932098294
0.0023244769127927756
0.002147585697366247
0.002006116202395289
0.002531871068664418
0.002233891364417548
0.0022913633147207675
0.002208474953422049
0.002109787961720903
0.0021476311682138804
0.002479209364083104
0.0029043186650427742
0.002953442759430751
0.002105598290458856
0.0025553808520995354
0.0030939034049951696
0.0028352998880205498
0.0025187616462117547
0.0025984093576237404
0.002482060206384037
0.002690691726440248
0.0026381449293005985
0.0028586053001286266
0.0028032457980831775
0.0023962961991824826
0.0024296314292362835
0.0021214414152646603
0.0019578253565007545
0.00237858670368324
0.0020224530418327183
0.0018142982797580138
0.0022627458530291907
0.0019936110518076486
0.00243474711811259
0.0021409158198950435
0.0025095455349856965
0.002553575950333621
0.002426657660566822
0.0030638354009922767
0.00279505346137864
0.0022676917043022724
0.002295171769491877
0.0028745922584402987
0.002776977468732914
0.003021778629378345
0.002824408694465967
0.0028288234588890993
0.0031397646711585968
0.0028965975999613184
0.0035514988779457783
0.003455863222115191
0.003364091297310347
0.0032747311448272213
0.0035049832201120754
0.003401203157222435
0.0033186168565774413
0.0035473846979673374
0.003369660639465125
0.0034152113891593016
0.0032779991125030158
0.003385479645987163
0.003927281520551405
0.003809205149230561
0.00352961573803477
0.0037503613417698505
0.003323787763876009
0.0031825023219548988
0.0031241614956941293
0.003205475653890117
0.0037589147853562136
0.003172557006620771
0.0031979971827828945
0.0031013415464173624
0.0037224087722784022
0.002960529937015473
0.00306502566937218
0.003581786068774552
0.0030770697438238202
0.003239070350034999
0.0030572714195509767
0.0033186919896088913
0.0031923788340975532
0.0030315455016165583
0.0033656393725153494
0.003060398455751959
0.0030210614273153136
0.002888595581650273
0.002657489081784214
0.002961228417624749
0.0022667069789591644
0.002794446776318258
0.0031371598880562453
0.0023561024728003684
0.0021748390167753043
0.0017015920290929432
0.001964733934859866
0.003174688597000346
0.003013680127317251
0.0022862569178707503
0.002553189330736167
0.0026120153964037944
0.002836610023171388
0.0034014310538149606
0.00332576879921946
0.00398913074463782
0.0039233829043087394
0.004028169677029232
0.0037366093394183963
0.0035390367650990073
0.0038048479039098216
0.0039139562521342194
0.003641762607788325
0.0036954466071466986
0.0038672264487982734
0.003719394578929149
0.004338189664430822
0.0038050560620398696
0.003952748431789712
0.0037217301443140632
0.003635981709663397
0.003835607911513385
0.0047792006527411605
0.004524108931304036
0.003902831052247554
0.0038095336319447777
0.003852072860204372
0.0042842613434156745
0.003906679830046734
0.004122820874808482
0.00454042103065006
0.004585476806844406
0.004293124861604301
0.004247331204200107
0.004682806783136982
0.0042295654734728644
0.004372345613303014
0.004134747186532011
0.00429054038022956
0.004236914025036341
0.004157458670630831
0.004321402309993003
0.004235731441959686
0.00433672447713133
0.003957880722829648
0.003918202240405845
0.0035364786053901686
0.003840073293617302
0.003535138640472931
0.003805155289240905
0.003625980465208536
0.004197972709332635
0.004007539805338036
0.0034045322089933648
0.003319534589720618
0.003510097232499479
0.003165621028513196
0.0030487308340534465
0.00291260756977848
0.0029240541193201637
0.003794332784110822
0.003432593414494688
0.0030676359914935765
0.0027221644441442123
0.0024056422797016355
0.0021256625431233683
0.0024599245535136447
0.0031476182012657584
0.0024079686112715945
0.003601110428512789
0.0032655754075717127
0.003041188542480653
0.003198881577231519
0.0027461935193418825
0.002739650030255051
0.0027010233369265573
0.0029611376374075824
0.0024651252545768885
0.002744728726713133
0.0031464086141981076
0.0020943414185157715
0.0021681085307820886
0.0020734235495851582
0.001785147562247575
0.0019752760866455724
0.0019163087548566794
0.0023357169335393264
0.002564606633009769
0.002293152546174374
0.002598116744410875
0.0025776860447963294
0.0018322780617252147
0.002419915473946957
0.0026278876824650265
0.001931420311290344
0.0024423076255866392
0.0021159370023308404
0.0017921731763968364
0.0026181018170202547
0.0017858293812915414
0.002091936623601327
0.0023906657574419023
0.0018682298535615863
0.0020633809595928003
0.0022276196736229804
0.002351122636249392
0.0024288279604710522
