0.0039566091205272495
0.004169417493633144
0.003562266604976588
0.0036668090258016833
0.0034419081461605676
0.0035625658252078168
0.004034464255079543
0.003048000780584273
0.002947845450149318
0.003004294453327733
0.002820881621043736
0.002717174664046663
0.0027850282560977625
0.00311582817821749
0.0020037056618547613
0.003100556866896701
0.0021024979734387316
0.003073801505276153
0.001970538920756171
0.0026694473383724977
0.0029021218743912574
0.0028045500196988327
0.0038736028577051663
0.0029650795950585513
0.0028664043119635847
0.0029212552828062344
0.003150435407291466
0.0031898481299131426
0.0031200348147105645
0.002484240100933166
0.003010666474344082
0.0036802401241646057
0.002600807891806126
0.002416849631124579
0.003310771907856343
0.002744321195467778
0.002635273980776738
0.0024967476787932062
0.0023002012197099416
