0.0019075013238547603
0.002285776737764493
0.002325678448271032
0.002646926319639389
0.002599930988014559
0.0026981836349868984
0.001312129457871954
0.002496088377978959
0.0020246332730161193
0.0021931106268797134
0.0029936548054063194
0.0022007740586973998
0.0022195194684771343
0.0029001125275365117
0.0024271066354070764
0.0023263624139479282
0.0026788946472981277
0.003269861641244109
0.002755259396321341
0.002166417245258527
0.0025714991262738244
0.0024446144247925886
0.002819665099736138
0.0027191034360632914
0.0025397295258345683
0.0030010319966158635
0.0025531378550618946
0.0026779458125182247
0.0029688837711914196
0.0028557924116178277
0.0029502568248198596
0.0028193189505675157
0.0035560452347985117
0.002272711788659459
0.0025032327997139663
0.00363870501095899
0.0037018966710524294
0.0021382919161818605
0.0023603119938771936
0.00254793758623886
0.002035803064993477
0.0024453285190539544
0.002077508328523127
0.002633276093644396
0.0023434073923515116
0.002582578323023238
0.00255002885823707
0.0017432420759597245
0.002173766834374182
0.0015855355150739402
0.001977429549721092
0.0018508969620957929
0.0019970146771005467
0.0021429172549289168
0.0017463194190457797
0.0017198221947348881
0.0021243887145172527
0.002173559246212865
0.002027345273107646
0.0016508298757571345
0.002693935601517699
0.001511927875815739
0.001741236245458265
0.002054572570042767
0.002453893531983566
0.001353494989649305
0.0025348332110682542
0.0019668266497775777
0.0016123969264542693
0.0027052244753216445
0.001805369308438258
0.0024062656758653063
0.0030354975710935148
0.0018769002497920015
0.00208957456387873
0.0020902695267540246
0.0020537461449540014
0.0027777586376653697
0.0027496757077515514
0.002525151315316723
0.003152050154455528
0.0027360238772830875
0.002663090842225411
0.0029043485323416406
0.003074958676791158
0.0034204666216596483
0.003076471285139821
0.00354822831439462
0.0033096922151032862
0.0031399845732231453
0.002774963605742053
0.0029968448629248347
0.003033452716541682
0.00290655271131987
0.0038685370927411555
0.00366230531848241
0.0031887045711198733
0.003122534788267127
0.0035332911750519153
0.0027913332285831372
0.00309660788929066
0.0026785801001440843
0.0028111324203049176
0.0035259473611390897
0.0026507432297629943
0.0021507222092682628
0.0022173160897386115
0.0033775342156951004
0.0019130797715025832
0.002700141600707145
0.002588025644649095
0.0016221391638413317
0.003038838856761935
0.0014934249001806736
0.002880535921029809
0.0015683098806992613
0.0030487776944899863
0.0018430359764158698
0.0029651254950763483
0.0015533608699930526
