0.003235038816437725
0.002480875272921217
0.003402928057636336
0.002739224417585292
0.003058054756730429
0.002947243860280661
0.002691956436290016
0.0022795490559842277
0.0033055498690796182
0.0022527505612957807
0.002633582557718828
0.002337248551251911
0.002099545954796668
0.002541805123818527
0.002325858865108142
0.0021483309280172645
0.0020069112695513098
0.0025331321246666568
0.0024003571966054135
0.00267329589950228
0.0023745172645786706
0.002106773643786108
0.002141681740738149
0.002470094719874293
0.002596465601096739
0.0029798769453813325
0.002630360791255595
0.00251700553361893
0.002802720974920621
0.0027816623172478468
0.0024473186634965884
0.0025211588082016487
0.0028723638928134856
0.0030158375655083376
0.00256471643186325
0.00241524446845369
0.002509159737567725
0.0023620757386372715
0.0024143854371400588
0.0026694473383724977
0.0019740866201314712
0.002324013557261994
0.0021110957177165293
0.0018499820812223036
0.0022864181626252008
0.0024301095227614055
0.0024338878046666914
0.002119820263400173
0.002481830078801352
0.0021302338353122708
0.002381660663212637
0.002598972254310411
0.0027645971350641753
0.0022389903716156876
0.0022818740454864385
0.0028762921989818817
0.002787308914507035
0.0026548295430080995
0.0028364231854334445
0.003194817917808439
0.003023274025904196
0.0028081136862950127
0.0029490077392017324
0.0037575563889123815
0.0038201056880375196
0.0034299849460850095
0.0038555944597558987
0.003379156687382503
0.003732019572349803
0.004173698713049032
0.0037844181219555584
0.0037359631793877366
0.003702246737561659
0.003246773750507762
0.0032804836834741703
0.003632677738246631
0.0035557894508371126
0.004151267166390024
0.003431780708980298
0.0031825023219548988
0.0033289867974971347
0.0038958856499122833
0.0030575963615306185
0.0033631332262155722
0.003321952528946307
0.003705828583024581
0.0033340178855795965
0.003744524617768154
0.0033118472170796127
0.003196445191831743
0.0033166891650833787
0.002481048256686365
0.001964025298574446
0.0017365139837358307
0.0018705863219887
0.0022142467018029487
0.0021227914372358293
0.0019249350525499544
0.0022229170573486562
0.0024092436580793212
0.002151236195272918
0.001781532884080357
0.0019490434112365254
0.002008895586876508
0.0023491399860537713
0.0020615448931868984
0.0020663365731207494
0.0014814303799615732
0.0029960734168694263
0.0023870081761389016
0.0022436639717589675
0.00197931362271312
0.002271492367484132
0.0022689788183716574
0.001864760594286238
0.0018217599458655574
0.0018549333621682884
0.0022717087974318197
0.0018135185950236767
0.0024157768290296133
0.002983897189993235
0.00208568394529793
0.002400302697072901
0.002170608260875255
0.002066973806728957
0.002068400455717341
0.00202478079976174
0.0023086311702313488
0.0017307983236212116
0.0019474210239560565
0.0021911869549375755
0.002448476710995987
0.002004268711334882
0.0026850939661346323
0.0026557070843883004
0.0025904319683249816
0.0024709063208656645
0.002913914244022398
0.0030151380677699074
0.002414778305855917
0.001935772620136124
0.002709264973004671
0.0015660816307739723
0.0017107425711130387
0.0017912770568855507
0.0017991097217489131
0.0017369352362199089
0.0016125357559170898
0.002285252396094321
0.002460031962623835
0.0017196340722259822
0.002199401815055128
0.0018218377140044116
0.002224743407895547
0.0021878618668169096
0.002172848016248075
0.002525765602748774
0.0021232538587713868
0.0024408989453838657
0.0027657281881692582
0.002307734931094047
0.0033036689391297345
0.0027494591952863983
0.003064133168306608
0.0029111673266265883
0.0027703694768110246
0.0028198740520594995
0.002845653224537247
0.0033897355973426515
0.0034186986205453408
0.002994081519975309
0.0031292859815015934
0.003610070046073833
0.00322948684667168
0.0032326190707961376
0.0033535077779310615
0.003648264742466152
0.003894608707608114
0.0034196317150779632
0.003840073293617302
0.003467938143608827
0.003549967991315776
0.003649576243222816
0.0037706561316017953
0.0041729930112640425
0.0036051219829950657
0.003756926528555925
0.0042000325492570195
0.0036839864898072306
0.0038957557563114894
0.003681058960380193
0.003927151701990343
0.003935795213300477
0.004052435957449617
0.0038986509709245374
0.0037862580630650534
0.0037085073421713748
0.003658530089822397
0.004053731652858505
