0.0015087650480429598
0.0017023683985336953
0.002029036840119189
0.002725831174989997
0.0025319086065296397
0.0017853522357931281
0.001679084671410666
0.0012538535465797128
0.0022056821699878784
0.0018236361185541034
0.0017184229528226962
0.002025045392062842
0.0031096725406974104
0.0017268936732522209
0.0016215989428416048
0.0031081580923318234
0.002409357413659918
0.002645576309242547
0.0017605414157197386
0.0015766965616625147
0.0021975471223397726
0.002809951021370385
0.00204405869531222
0.0035729958784287315
0.0026073047401048307
0.0027325095413389087
0.002733242456071188
0.0024874596037061034
0.002046804223232093
0.0024406206802139157
0.0029888228624572787
0.003308275359545674
0.003076481770230112
0.0029833497234112174
0.0030341324770632
0.0027406095685013464
0.0029263149775867405
0.002616856381986889
0.0032745491992264607
0.002525151315316723
0.002491039543809687
0.0026885449842772354
0.0026486034752001997
0.002643167435407422
0.0016164912422900557
0.002489692543519771
0.0018221532963478048
0.0014444015242563685
0.0023394605741763525
0.0034965810661057653
0.001838149841815057
0.0024989416213848387
0.002742010099609835
0.0018632567809747486
0.0018925002736738315
0.0018439427177349946
0.0021319983445505625
0.0020337522106087867
0.0016997594348973012
0.0023998858215197646
0.001765682881235307
0.0031763564610934997
0.002414687031840899
0.0026994076053389222
0.0018871389385325345
0.0020451526151067947
0.002976275922040053
0.0025927175359790763
0.002335010012319788
0.0025688144588772205
0.0030199280237355676
0.003010512558425874
0.0020948764038136755
0.0022294335158979453
0.003030145570677799
0.0033343764778779404
0.003274153326101278
0.003070874143038994
0.0030379276407823323
0.0023735575904427243
0.0022365415559189514
0.002457186785960496
0.00275640280467938
0.002350169622274979
0.001888726940850287
0.00226927526614674
0.00199654580733912
0.0023532117952720175
0.00286268967432159
0.0019459277727832994
0.002456526788333517
0.0017317243196591056
0.0025653897608572196
0.0020566591487952792
0.0022212259780712935
0.002608568172003369
0.0018813618349086474
0.002299788141911593
0.0016264280984515194
0.001778324143530665
0.001913438485104917
0.0019278211335259678
0.0021908717339771057
0.001445827061375372
0.0017221640159236077
0.0025344775293142103
0.001334761713188039
0.0034276433745865616
0.0016786938654013415
0.002775895526081136
0.0033368324048334663
0.001572130040407638
0.00208921463035343
0.0031524448326200457
0.0024976995578560044
0.001955671804490023
0.0033122133717037754
0.00191574733109298
0.0014887017215244028
0.002132409614904674
0.0029234885094768137
0.0025937721939889523
0.0017968911611801106
0.0020426692653027646
0.003076546036316738
0.0021227266783829446
0.0025962671388396856
0.0011800537026431352
0.0017076982114228876
0.0031447074608931384
0.00205444874424913
0.0022775734492661865
0.0025390870110304714
0.0018884545470129947
0.0026885882490695376
0.0032423364472211696
0.003556537823350919
0.0025116034822756793
0.0026032506531498295
0.002084060116304383
0.0024291082746434934
0.0021707818048322734
0.0027201876214517635
0.002995731462479127
0.002749077661194215
0.0029357659297827047
0.0034010583178395023
0.0035392137891959836
0.002593820616629587
0.0025447820447679877
0.0026066344269465047
0.0030425594080576886
0.003334352124743508
0.0034629517634386015
0.004181510315099633
0.0030170782182326198
0.0032422228752340973
0.0031574143500198155
0.003736580495652772
0.0034335729257491104
