0.0031445408648432542
0.003260976251672371
0.0030935851175529793
0.003279960083461563
0.00305247797997573
0.0032446461073558854
0.003013987716575709
0.0031045019257791126
0.00296995060634224
0.0031613167737249512
0.0029108776139127298
0.0029758101484021957
0.0028274575198679436
0.0030034841143359195
0.0027103407226350463
0.002877419164277685
0.0028591864292397545
0.002604609259975796
0.002243649328762098
0.002525151315316723
0.002141705190347983
0.002779110571837522
0.0019733039032342023
0.0022545008198749383
0.0019052084636483884
0.0022917309566612095
0.001939489515247895
0.002380094950775263
0.002027904964320326
0.0021264292333877566
0.0020959290063089072
0.0017283333778891463
0.0020712554087918785
0.0016190891015109155
0.0019075585342577764
0.0022285339395664953
0.0016326663163663741
0.001986495782366914
0.0015443055490622904
0.0021213780572324945
0.0027102738417746635
0.002219409702982194
0.0018968085821153833
0.0019251964891659691
0.0024033584613273973
0.00217674063086346
0.0014283352678719037
0.00186401421905778
0.0013571298297011753
0.0017436934351705133
0.0018366951290021962
0.002948099651204485
0.001751221194194421
0.00206307276951281
0.002146265738098074
0.0017663562143188153
0.0017820425630372784
0.0022681406373350537
0.0020887880691921514
0.0018116453293536845
0.002897618979463235
0.0024833636721774406
0.0015263545466463995
0.0019079219596910889
0.003342302314717263
0.002808983426805371
0.0024078733128686594
0.0017921491468261181
0.0021966164537836792
0.0018675955321750678
0.0024706764973179275
0.0022874319798733295
0.0028695813206506566
0.0029742469175578286
0.002573238829234332
0.0031040071247946544
0.0029556058973924555
0.0021912250191693694
0.002581309465508418
0.00270039794663867
0.002719870534733367
0.0029316731566105133
0.0025716741274589713
0.0027102044315242845
0.0030316694697830725
0.003490853033795443
0.0024891112677224926
0.002161532879475597
0.0015972088325730109
0.0019429620251436594
0.0021696833365321935
0.0016058398395500555
0.002514217004914345
0.0015742071814600878
0.002085223781462835
0.001824286718929031
0.0024004015200021116
0.002616939396323352
0.0026972951979300666
0.0021795226467800845
0.0016998866277330587
0.0020990320762452794
0.0022556450151043662
0.0015120923275945173
0.0013647055700139682
0.0018015940553674588
0.0013791422020605632
0.0027965314600368316
0.0024277035396035726
0.0030053905647251648
0.0025941854055347613
0.0024616734938970293
0.002362657347481094
0.002657267797412115
0.0028338126767173005
0.0022736690263354784
0.002312773972231808
0.0015546957705746323
0.0015859403286056556
0.0016655639007247447
0.0017998568189108977
0.0019952087520266402
0.0012749974691192282
0.0016273653524548767
0.0020380601548945373
0.002494253057037628
0.0026369993482439884
0.002536978987067323
0.001849182135888308
0.002359805021366471
0.002159587197125095
0.002152212170882199
0.0012428487097198371
0.0018576599130074526
0.0021353155320149968
0.001535569139520254
0.0022126364162531695
0.002554328309948668
0.0019321962569956014
0.0018121496219880688
0.0018184071921553606
0.0025331290492609736
0.002320390298934627
0.002222315087756305
0.0017795795559480626
0.002710874771444979
0.002012253652073228
0.0023704320454704195
0.0021733075494831523
0.0022462244590670598
0.0031829905605894318
0.0020633226772050605
0.0024551095029423527
0.003161082769052857
0.0016770201835856378
0.0015052653781821186
0.0018066259614794944
0.002373552009302742
0.003077370824396778
0.0019058865809488965
0.0016702188205813201
0.002134557922965464
0.002369021129449714
0.002376510486318914
0.002981733388678096
0.0022732395881754643
0.0017742042486117474
0.0016051077089660269
0.001954494812977414
0.002291336934919246
0.0018542912132722088
0.0034640881954071515
0.0018629290536453116
0.0024097358137869338
0.0020716802810338106
0.001749003350215859
0.0013451643736195362
0.0021842077030017676
0.0029129030688922874
0.0013168543980580287
0.0016826766189334472
0.002798562895247722
0.0023620061989207946
0.001953839544611648
0.0022731666710716085
0.001329787559197749
0.002044118059783561
0.0019461318025904312
0.0025870670069806823
0.0026724062608545593
0.002304754949773011
0.002326007127069606
0.0018000875301939878
0.0017341155776433685
0.0016327192675426815
0.0020922647129601075
0.0020220065498585183
0.0018967560919369844
0.0022078451915987767
0.0024157768290296133
0.0032637674629493792
0.0031440872079804526
0.002613554450870942
0.0022389957068156946
0.0019370701202552454
0.0015434070317075588
0.0020810697845853585
0.0018562754487659132
0.001969019099572629
0.002406711651081043
0.0015470709120252802
0.0012897279514138568
0.0027948005653289725
0.001438089120055477
0.001690823971315998
0.0020505286810055816
0.0019906933086486795
0.0018926961835339306
0.0018136854559058163
0.002011472268098104
0.0020583892466643403
0.0019533513131968173
0.001325796408163279
0.0017206029524202905
0.0020037010319878795
0.001783239617871461
0.001557510638414096
0.002059296704719821
0.0030593274961557065
0.001886257520878984
0.0015051376124258881
0.0015045652799489271
0.0017744618065636223
0.0035271636985249413
0.0026806741186646155
0.0025755241571307503
0.0028386436711401483
0.002029352252771967
0.002006233402765025
0.0023435371249571737
0.00255241991767209
0.001899496612145467
0.002775318921168599
0.0021060264488453875
0.0028534764012014048
0.0019527663851009406
0.002871672857247861
0.0025304955762689347
0.0020701111969388657
0.0023938343169692864
0.0017272559910474453
0.0023823702332974226
0.0017681908660478831
0.002469774740885419
0.0028703628576253865
0.0017429609243169901
0.0028162593126243103
0.0016978677514070735
0.002258405291450353
0.0028022112161679076
0.0016937366165452104
0.0022594118557746554
0.003083032072248539
0.0022181089288263373
0.0017012988344525103
0.002310028804935841
0.0025026353795764575
0.0023670323140309356
0.0028998166486880906
0.001962536571596051
0.0016913703350337757
0.002929032715534346
0.0025002822377989493
0.00233418250701684
0.0023671093074780934
0.0016771008567386108
0.0018630782161670374
0.0020590448436237883
0.0021902002805100134
0.002208060954682625
0.002107654061326075
0.0019253303177987852
0.002194682709740024
0.0016415261508585842
0.0018364844551260542
0.003127982531237354
0.00306469051828436
0.0016272422376716362
0.0019425955285227565
0.0028682722859915497
0.0024254166536275567
0.0017775027494393867
0.0019578994033353438
0.002081992421266173
0.001299875846206855
0.0023992870050040613
0.002534741109900975
0.0019222771030809013
0.00219691649771272
0.002000593710975176
0.0012783755137830972
0.0028992739965114974
0.0019686123234748105
0.0018897150471527862
0.0024829988838014974
0.0011146186034614604
0.0029452227243392417
0.0019004872733573968
0.0013038616765070467
0.002638284282546808
0.001773796413088166
0.00193421280852348
0.0018298777337393054
0.0019589403188592265
0.002974260191687885
0.0021592810246877903
0.002639593090724865
0.002901045136553466
0.0018688620816609373
0.001663821522277581
0.002443979333948923
0.0014002803136693178
0.002435242667810407
0.002988444825557862
0.0021207871597003314
0.0030846470373206876
0.0021929947563424615
0.0023080428338648853
0.0025650748085445743
0.00216355254378239
0.0034516384358421227
0.002346947313629385
0.002459583611978548
0.0028668911526013112
0.0024328201089909587
0.0028063871128489707
0.0029041797255272006
0.0022529457844602785
0.0023896001312901137
0.002626080052849917
0.0025999190776388307
0.0027937798665154823
0.0034521220186446142
0.003390354192786357
0.0022975179470399263
0.0025208781697042587
0.002919679037913108
0.0037769914371122357
0.0026778890720289567
0.0026746539634856887
0.0029548093646597114
0.003372875732426952
0.0031443726953291466
0.0029707863156700383
0.0027422872708296716
0.002959211532622359
0.0032106037494916673
0.0032998859061361924
0.003268585660482121
0.0033668921388412608
0.002849536476493307
0.0040930736123785914
0.0032578448080475444
0.003125501409019059
0.0031513883614579558
0.004208830283745465
0.003110461278391574
0.003938760236939336
0.0032966915273966745
0.003315392472164488
0.004280464754613715
0.003628016786800241
0.0036703718216570098
0.004129015478131873
0.003914462891409429
0.0038409020282881906
0.0036775994960691113
0.004166087892547105
0.004001421599255716
