0.0021864104220971755
0.0026006513217221514
0.002352828809480785
0.002505015536288449
0.00199727698281073
0.0025432889532842912
0.0024546576700040573
0.0020421447769823054
0.0027336560179929436
0.0020108476750035943
0.0023891548449285873
0.002154037573365485
0.002959518374537999
0.002289141387579652
0.0020681022315083477
0.0018865096651277731
0.002430125679095846
0.0022642950848029485
0.0021237179954769554
0.002434230320133164
0.0020615149933005004
0.0024683867399455427
0.002399901513203653
0.00183287926057991
0.0023138334380283683
0.00223730272724735
0.0019506887351947069
0.002302423722882188
0.0016493924869664751
0.0026333519436751596
0.0020489434373889585
0.0024910300279851016
0.0020266484497979305
0.00205522712086626
0.0020677123961456434
0.002029361125686514
0.001907842838869572
0.002159058412597517
0.0022034493057323887
0.0017997604085644248
0.0019874876082959228
0.0016446099140960647
0.0027969483049707063
0.0022134511603834565
0.00221489302346356
0.0022720652120351145
0.0023514855877194165
0.002891166013458818
0.002460256284982999
0.002434480858370305
0.002331066872566608
0.0025306136815114394
0.00248622535192768
0.002682338727417703
0.002693031867309139
0.002515086392082919
0.003158504978969609
0.003149269117082054
0.0025168682593300034
0.0029464433687822963
0.002533346061700674
0.0024719357217404306
0.0029231186737426417
0.002798277659371056
0.0026697134961291276
0.002546182170884022
0.0030371506797319896
0.002853844139828792
0.003077869228981407
0.0028214734214564107
0.002597125292459152
0.002828250408728781
0.003476576693951154
0.0027362782448693375
0.002908193741301471
0.003069320664242389
0.0026599937552520274
0.0027296563022249864
0.002775523153715965
0.0027913332285831372
