0.003380545595137952
0.0037219573845633878
0.0031856667611526216
0.00281299113162345
0.002624827859915312
0.0030165825933329018
0.0034830287345268994
0.003289809591426633
0.002964964677900249
0.002726899537613569
0.002574193082073441
0.003329058777973969
0.003189017772848645
0.002735227669743828
0.0030725872976558022
0.002509805988530594
0.001607821026221056
0.0018395478952961202
0.003316404661359887
0.0021213780572324945
0.0013088274317101596
0.0027206547743592055
0.001421044216677331
0.001634083316752532
0.002511632483717443
0.001564066745213915
0.0021237955371124825
0.003366760850897241
0.0018590237358715755
0.0023292766295412125
0.0026318464244307702
0.0022397268029358338
0.0022854194639384652
0.002271403983250637
0.002120929227145497
0.0018424874695452144
0.0025548439473968175
0.0021990413870256508
0.003730105068959455
0.0028123725486284244
0.0023509309943915836
0.002542486659306302
0.003036188287526479
0.0023908475105904204
0.0028666205998983422
0.003930404265281902
0.0038254328867486954
0.0024654120925224642
0.0020311374476941852
0.003078897713055632
0.002130133709030185
0.0024179102431356103
0.002049063705153064
0.0015526438405859258
0.0017670958141350298
0.0027756509745016224
0.0022191027265944657
0.0013391154861480306
0.002607230016162945
0.0015864052039668405
0.0030963072979073914
0.0023790635538951123
0.0015717082482153279
0.0022042261025966236
0.0020784711471458902
0.0019503552374220583
0.002295011499486405
0.002157050443200191
0.0020091250101328738
0.002597800819720904
0.0021211187959191227
0.002712038155876535
0.0020478640397040273
0.002260077812144628
0.0021113374882430523
0.0020987946701049543
0.002434216580949261
0.0025629851714163683
0.0022218565319110017
0.0017971453178660514
0.00235636257471726
0.002678394750361061
0.0024159311793661587
0.0022802139818172136
0.0022559857835222027
0.0023180533308511456
0.001669353016238636
0.0018878779975351125
0.0021400267590781334
0.0026865902554026756
0.0024017035680646425
0.0030163508780268423
0.0018836692247011415
0.00167331266016749
0.0023272788530023735
0.0022854723296960363
0.002343105457883752
0.0025242823421061157
0.0027300263186565417
0.0021389880415847006
0.0023687101385919816
0.0020309193209721473
0.0020470906425051677
0.0026522611924241516
0.0023076292836052416
0.0027128262709616444
0.0023907374530267264
0.0030025743172645276
0.0022508073355909197
0.0022992069958368885
0.0016995252457118796
0.0019752001993448504
0.002222027662254003
0.0023673190254741125
0.0027740661440975554
0.0030421669694739406
0.0026628617449416924
0.002246270789097548
0.0023280822551150094
0.0017947615506186934
0.0016399076652296627
0.001921664768008214
0.0017892830239262722
0.0018152222982568984
0.0016087817123941603
0.0027558688456713553
0.0022899911686026005
0.0018002460798677551
0.0019494712516350508
0.0021290710285314113
0.0034722735079334463
0.0018301444472008613
0.0022906492242784917
0.002184054096165631
0.0025218418635303426
0.0029031061421841567
0.002891418562207732
0.0032532514493839653
0.003319467254237296
0.003547753236343327
0.003821473039793917
0.004142229714784104
0.004291867569912088
0.0035518116166532937
0.003587264331043205
0.004434378230292193
0.003960736478336859
0.0038515977429557573
0.003990563923953969
0.003303026738183436
0.002968164678887098
0.002619538892352646
0.0028477033489814397
0.0033713780389954054
0.002434821806462471
0.0018787348102061896
0.0014569511934461562
0.00204395975027278
0.0026971115387567184
0.0029145379975830453
