0.0032471400913718293
0.0034453499700974406
0.0033850054885419625
0.002550566367369898
0.002500013873095996
0.0027925052129119604
0.0030652577504391254
0.0021137910315394037
0.002060862900909922
0.0023139774862728714
0.002570369671113217
0.002241345543024017
0.0015828861340001004
0.002299333209593357
0.0026614358609970148
0.001789660222008515
0.0012688239743483844
0.0015137610575243995
0.0023193927249982984
0.0015864052039668405
0.0014026197873738223
0.0029536010492328527
0.002208791662568994
0.001973895011316723
0.002098189234586341
0.002425144820635592
0.002454162197849762
0.0022215813774303793
0.002429517584135651
0.002176345238912218
0.0029649097279005683
0.0025633033910062693
0.0029093832127198077
0.003360287574203288
0.0021483262521736317
0.0031648220734732473
0.0023347202852802046
0.0017233013487914282
0.0017382643303914234
0.002287081986555877
0.0018702299990771938
0.002251816501786457
0.002143252522348257
0.002181142490021356
0.0015327232104852652
0.0020240232577505733
0.0031618439659371455
0.0027849459828868588
0.0013480448639979759
0.0010834358736586767
0.0025093307690073233
0.0022280702974396063
0.0014340643520728183
0.0021253915163916854
0.002439150193472905
0.0021672078174365178
0.0014289479633224744
0.0028256730887090743
0.0020850428336062045
0.002125300733089516
0.0026800087751332837
0.0018703498767813716
0.0020496059523771497
0.0016673788002720235
0.0016690913985780746
0.003030312448227379
0.00153318363159648
0.0014117105899976005
0.002746125088764782
0.0017884541279417042
0.0011554269104694125
0.0020710458596182382
0.0028005844481656136
0.0027464120091009376
0.001977078456676666
0.001334897091006605
0.0017865930893433389
0.0013229250624585752
0.0017250967985993836
0.001158629259473904
0.001726434846130789
0.002116869605579963
0.00158851995266022
0.002050636961546743
0.0016093301206841543
0.001304392034914148
0.0020221003030083725
0.0029441869363282234
0.002882646244691279
0.002233392381851135
0.0015922443661805263
0.0019136390069224758
0.001573246635754748
0.002303131486433364
0.0027706296451601472
0.002581423089202786
0.0017883758134202182
0.0018825273751736811
0.002166503125540919
0.002515264740849238
0.003278010721750221
0.0030112329210832925
0.002573794008752243
0.002796987363338488
0.0023138907360565485
0.002514547584199056
0.002720509834629862
0.0022950966350567216
0.0025204117577785692
0.003210912105805144
0.0031275546899395255
0.0034105848535894096
0.00377271300305728
0.00265153066554189
0.0028496761858081243
0.0025658478026389818
0.0029837811211483626
0.002897604592758469
0.002941296243054138
0.0031230675671729343
0.002808434015815942
0.003161146671733305
0.002999080019695561
0.002922539004680868
0.003414968729465295
0.003387708035293443
0.0040842622384125015
0.004022516498239309
0.003978627368405882
0.003946758578621524
0.003920878878941351
0.0035285393898707644
0.003870663441011448
0.0038421084885660235
0.003815858676378625
0.0037402229137854233
0.004140262110369895
0.003284343669433822
0.0034212344668571736
0.0035552007779361666
0.0031660353629869354
0.0033807245405511506
0.003943460982460784
0.0034961334287663083
0.0034768281069811426
0.003889280501720446
0.0035869100016172294
0.0035959131586819557
0.0034837018711305584
0.003553186806729123
0.0038238043982208583
0.0035734749297388624
0.0033227253346040523
0.003334266990947714
0.003546187811582693
0.0033665888320231355
0.0037606099966157147
0.003696067584876033
0.003669575471014644
0.003648973301808646
