0.0027919144229103343
0.0028882130300657586
0.0030465340330031233
0.0032662392465855733
0.0026553747903616397
0.003174315264980618
0.003354349634446288
0.0023378338223354286
0.002611901065799618
0.00201916355398884
0.002505650702627628
0.0021568268076846606
0.0018760922719892727
0.002547995408118957
0.002367272153379786
0.001868862120302915
0.0030452837495456753
0.0033408237828086054
0.002997699823800356
0.00267329589950228
0.0025253578847482215
0.001784257993545887
0.002625837928376343
0.002025844434934295
0.0028002313598556304
0.003598159639681526
0.0025842808230714352
0.0028412874749483884
0.00274368779136092
0.0033911562565802134
0.0034916309771647483
0.002466645293951265
0.0027605861311402425
0.0026247217890461917
0.002638647437669614
0.0026703389724555995
0.002185669917516979
0.002567566967219234
0.0019535625685396293
0.0026694473383724977
0.002969006095035403
0.002580881193746705
0.002338041109208889
0.0022666256746055385
0.002390824820195903
0.0026836553756855773
0.0032221350447932365
0.0029731427307618436
0.002820765284633477
0.0024050056633270448
0.003288143988470739
0.0031166468245621497
0.0035462564061799692
0.0031360479666283445
0.00349459187621363
0.0038101498049252554
0.003218788493906322
0.0036767556259288924
0.0033849907417407635
0.003519804395808587
0.0035332668725037513
0.003547392896625863
0.00433049506998899
0.004030522333416934
0.003934991524214508
0.004155087106440203
0.0037016050104242523
0.0036160866452258507
0.0036616997089557435
0.0038951698588728066
0.003632353334738771
0.004219256545679493
0.004535722556164051
0.003944143333120045
0.004306261936519054
0.0038020165783707958
0.004001167576543069
0.004092391168343047
0.0036307910463930825
0.0036571709420235043
0.0037984599736584075
0.003932150109353696
0.003542493032433531
0.004131196007565517
0.003781833157660588
0.003992936598932107
0.0037266928137568624
0.003190259111577381
0.0033731466663753295
0.0038250473809030875
0.004103061266948706
0.0043055268014798465
0.0038521185741113165
0.0034493111786698736
0.003623046445160806
0.003266487473661751
0.0035843106277196673
0.0033407107720429363
0.003759022288955099
0.003630527024739995
0.003869125005285584
0.003869717941639792
0.0036332421743108336
0.0032574817706940537
0.0033006039725134236
0.0030956821309591066
0.003304025007523513
0.003198628403580438
0.0032357210494922744
0.003735582913985448
0.004075074902913736
0.004020416481704237
0.0029600411094163844
0.0030655626905392473
0.0034191768936472043
0.0032506697541878687
0.003216491350173157
0.0037152083899726096
0.00367815498445083
0.002843981277773221
0.0025718603039638025
0.003995838053966021
0.0029344964908792604
0.0031003436232160913
0.0029497606971625777
0.003340182784766784
0.0032895576609259856
0.003878025476887632
0.0031134067325096918
0.003077181513205734
0.0034450508304025938
0.0026833178943886796
0.001910979325720924
0.003049921394309127
0.0032866211936310808
0.00245634521471404
0.0028224668893016215
0.002694371524720881
0.0029480565238481984
0.0023915179802830333
0.0018817075767024916
0.0024746441894995625
0.002145754310704905
0.002605646115211836
0.002018943237635402
0.002164948499972092
0.002172940494246692
0.0020377777656585263
0.0017639658354368752
0.0023061642480326394
0.0027643308739027546
0.0024690016988544437
0.0022167059069213633
0.0018026218053350679
0.0031691888444422243
0.0027944908502444124
0.0028402531394148274
0.0024609865774663686
0.0016884176965052857
0.0022164551006048456
0.00263975482726204
0.0035650775632667434
0.0031376494043026796
0.003017601832911165
0.0036443338233194686
0.0029234336201496916
0.0032495571506224283
0.003290506172554109
0.0033683535646104354
0.0027433012390312137
0.0028268824828141773
0.0026237790794417333
0.002947830220525409
0.0033952379055247205
0.0032414140572749107
0.0035070270980523603
0.0029375446232010817
0.003834523919468893
0.0033753728016236357
0.0025472320139919703
0.0023727919655496432
0.0035198600374225547
0.0027758632477881432
0.003118517225906354
0.0032549867637918168
0.0038171500420297938
0.0033997878021457925
0.0035670528627928036
0.003637030416150916
0.003431183798962042
0.003122130429406843
0.0030835177310382833
0.0033024930081263816
0.0025842593918585575
0.0031183435578125843
0.0026179427235256247
0.0032895872775652144
0.0025491974003593178
0.0025589309237391217
0.002251403331272248
0.002442387036192782
0.0023487218514675634
0.0023205896522686077
0.002340762661535495
0.0023925817476495056
0.0024627888130213616
0.0024588624070726417
0.002630764977009957
0.002720534258761072
0.0028118201345416816
0.002991676162310242
0.002863912699452415
0.0031068442288893273
0.003219205902007654
0.0028435750523248685
0.0034852771372517475
0.0022066878404302316
0.00247990742699529
0.002362321943014609
0.002313405806057774
0.00173240619354708
0.002153195324415139
0.0021827577443646507
0.0019208673887730727
0.0024513626552471633
0.003347982638713436
0.0030045667414778307
0.0026919624517813706
0.002434701132030259
0.0022707226704934145
0.0022368060245692898
0.002354488191158238
0.0026188192474733015
0.002403105853569507
0.002400249100230316
0.002238160643465217
0.00229526185551089
0.0025747934578602603
0.0021657641603177566
